3002406371367144275.mp3 :-147.618423 84.592355 10.574740 24.468556 7.926208 13.769683 6.722865 6.951797 4.111638 10.399840 -2.721541 0.019807 -4.863419 3.138742 -2.701126 4.295619 -1.620410 6.583121 -1.146364 2.616491 -5.209734 -2.361911 -2.607228 4.394946 -0.753532 3.501128 -4.923974 0.396709 -3.090450 4.175270 -1.426944 -0.640961 -4.848837 1.530569 -0.959417 3.766152 -1.016241 2.214255 -4.064094 -3.590285 
3036403206397427290.mp3 :-142.527646 74.586070 12.376218 16.336985 4.015563 13.525002 -0.095599 4.041439 -1.833658 8.944321 -3.707957 1.783045 -6.114706 5.662807 -4.014077 0.097094 -5.567066 0.234399 -4.191979 1.920534 -5.504444 -3.295769 -5.744060 1.387044 -2.998008 2.931696 -2.708766 0.156557 -3.003251 0.800887 -1.661537 2.216362 -3.568153 2.019620 -0.438553 2.212751 -2.220651 3.013126 -2.710775 2.216678 
3026803589702724967.mp3 :-207.958410 114.211239 29.065624 21.789615 13.638713 4.197322 -2.167867 0.618483 -8.549286 -3.511284 -7.477438 -0.977538 -5.072465 1.730564 -3.390487 -4.093408 -7.393713 -3.525565 -5.843381 0.162979 -5.490703 1.521313 0.301394 1.004839 -5.417376 -1.298770 -2.751869 -1.576579 -5.502537 -4.346687 -3.200814 4.919932 1.775277 1.193682 -5.078710 -3.928317 -4.800073 -2.852330 -2.342629 0.481925 
3036984033743175617.mp3 :-49.020107 88.048136 -3.277830 25.363785 12.486127 3.998828 -2.918731 8.966736 -10.468524 11.456117 -3.481390 -1.373146 2.128056 2.253866 -5.765662 0.471677 -6.622845 -0.793760 -1.941022 2.303768 0.509357 5.366146 -6.003161 -0.839471 -3.228950 0.576557 -1.231789 8.115911 1.658993 3.648415 -2.886620 0.362338 -1.909866 3.835917 -2.580171 1.139784 -2.843133 0.188371 -4.160453 1.600165 
3035380655660638510.mp3 :-69.722841 79.553721 9.282369 23.312957 4.874760 5.097158 -1.599276 2.275980 -4.010314 5.009967 -10.472951 1.880151 -7.521806 -1.233879 -5.693303 0.294076 -4.824256 0.428116 -2.101638 6.639132 -4.933762 -2.261855 -5.085569 0.392698 -3.111003 3.706212 -1.869735 4.543337 -0.803223 1.509986 -6.590894 0.442973 -0.516256 3.406615 -2.357272 -0.134684 -2.300255 0.533546 -3.336841 -1.479437 
3013092196642761379.mp3 :-101.164867 50.084974 20.952086 30.743018 -1.044685 11.559113 -0.504844 10.757729 -7.250157 7.731391 -7.443307 3.051400 -8.413379 -2.121529 -5.741038 -2.100457 -6.698753 1.881931 -3.164262 3.445835 -5.129740 -6.493950 -6.592688 -1.059130 -4.508021 4.944929 -5.539795 -1.738784 -9.963570 -2.388301 -3.656442 -0.270066 -6.652782 -2.072848 -4.104123 0.949212 -2.024923 5.314907 -2.338187 2.434849 
3030285180446704914.mp3 :-46.915087 99.655973 10.223623 22.977829 5.907244 3.220511 -2.302222 9.807653 -11.202648 4.521911 -2.005828 2.600068 -0.481798 -0.135276 -8.462573 4.556100 -4.593165 -3.696789 1.930343 1.154482 -8.940846 1.926100 -1.605610 0.223300 -2.628391 2.763099 -4.893081 1.788292 -1.322269 0.475070 -4.532013 -1.210223 -3.692089 4.588583 1.085886 3.543081 -2.397527 1.005319 -4.590117 0.917583 
3057983248606309659.mp3 :-393.358801 182.126598 6.654200 -15.198567 8.210176 -0.929088 -6.758407 -3.686381 -6.511144 -10.297213 -5.635251 3.224791 9.063811 9.733625 0.895416 -12.403358 -14.953022 -8.192519 -3.269023 -1.771280 -4.998617 -8.569356 -3.422445 0.532544 -8.467210 -15.106985 -7.251550 -1.019244 -5.770878 -6.797536 0.307216 0.345751 -7.515086 -6.595661 0.726772 -1.415274 -4.890015 0.982903 3.560442 -0.317815 
3063040760702735783.mp3 :-48.307867 51.163868 5.057492 23.908029 1.361833 5.499794 -0.874288 1.197737 -8.831862 3.534846 -3.857153 2.097307 -4.194097 -0.288371 -2.615130 -1.543379 -4.870206 -0.725280 -7.332462 -1.964581 -5.278225 -3.293215 -6.513949 1.351273 -4.571998 1.796483 -2.868646 -2.202217 -5.202422 5.112178 -0.847231 1.552986 -5.632622 3.437779 -2.701080 4.675405 -2.329517 1.764609 -5.284473 2.398814 
3003919823850074029.mp3 :-150.579513 88.126957 5.639407 23.636112 4.900181 3.345626 0.252652 -2.016394 -13.565130 2.491710 -10.706582 -2.454497 -8.211978 -2.532070 -6.779051 -1.291194 -5.271081 -2.566452 -10.982626 -2.864644 -8.572242 0.140674 -3.579798 -1.773243 -7.878663 -1.336050 -2.405769 5.372782 2.635609 0.877729 -1.208195 6.109804 2.434181 -0.065053 -8.837053 -4.431560 -8.871942 -2.434864 -2.258225 1.630955 
3023869909340369900.mp3 :-155.758354 119.246242 28.912820 10.340957 13.056363 2.633629 5.284712 3.122499 -4.054375 11.045510 -4.142128 1.534809 -5.115722 -0.105439 -3.958589 1.875271 -0.048560 2.218576 0.291363 0.555119 0.501301 1.405820 -0.185341 4.823674 -2.304474 0.498848 -5.635461 1.453804 -0.390035 1.039378 -6.197063 -0.290857 -3.586449 2.900122 -0.918610 0.068348 -3.367110 -1.100390 -1.892775 -0.567252 
3038679495103193149.mp3 :-164.875251 112.102370 9.693852 25.073040 14.291029 11.604204 13.821547 -7.800131 -3.052458 4.092965 -6.975137 3.012020 0.313360 -0.189353 -2.700976 -0.759457 -1.924519 4.288993 -3.210091 3.233233 -1.191995 3.687047 0.971341 5.649692 0.457694 7.465676 -4.289464 1.228673 -6.974130 -0.467753 -2.380779 -1.680194 -9.044189 -2.907245 -2.494589 2.993721 -0.128703 2.235155 -4.391271 -0.321430 
3060142052208811458.mp3 :-107.832818 115.370727 21.148735 28.082641 4.817329 0.626898 -3.733978 6.527548 -11.031844 1.887618 -1.335806 -4.015658 -2.354865 -2.833444 -2.854948 1.376907 -5.352210 -1.350184 -4.731622 -0.632926 -2.388974 0.566195 -6.485537 1.747523 -1.556583 1.864025 0.345996 2.525299 -3.825834 1.246410 -0.026408 0.723203 -7.317556 -4.544672 -8.409900 -2.868497 -1.478371 5.645541 1.472079 2.213330 
301479545088858426.mp3 :-144.892393 135.479084 -6.998786 20.986456 -1.043287 -12.127315 1.906892 1.829309 -16.196005 3.778046 -1.216387 -3.219221 -6.101320 -5.089266 -13.647305 -2.105321 -5.928507 0.501537 2.886324 -0.155802 -2.924287 0.280011 -8.537456 -3.735551 -4.162616 -3.493590 -2.396671 5.250118 4.966951 1.540785 -10.782573 -6.793678 -3.713304 3.435218 -3.250500 -1.027261 -7.278413 -3.950930 -8.906732 -3.699867 
2989737995708341570.mp3 :-105.955730 115.539822 -3.705198 38.200970 -3.944980 5.988639 5.313462 -3.059529 -8.327274 6.789023 -13.921107 0.983810 -4.389876 -3.831210 0.952583 1.016219 -2.756184 4.292812 2.025644 5.743283 -0.881181 -0.840235 -6.887394 -2.246714 -6.149066 3.563281 0.282070 5.049233 3.774939 2.215768 -4.684955 -1.449246 -3.109625 3.499695 -3.087713 -0.593450 -1.703147 2.100469 -1.838240 -0.008148 
3032116256970274870.mp3 :-80.565243 75.630999 20.183895 35.331441 9.197130 8.221769 -2.167812 4.902322 -8.815007 5.530441 -2.670865 3.781558 -0.774471 3.591847 -0.347747 2.470569 -4.556745 -2.898093 -8.361971 -3.148144 -2.391580 -0.055101 -4.970414 1.168402 -4.584109 1.498604 -6.301587 1.908731 -3.076505 4.052771 -3.664985 1.904361 -1.135865 5.072595 -1.781189 0.934962 -3.944450 -1.008965 -6.861475 -2.096284 
3015245576045368882.mp3 :-53.403841 83.758058 -15.660086 26.530650 5.374971 -0.654656 -2.614709 9.456341 -6.761822 5.278025 -0.072835 3.757749 -0.289750 4.166102 4.504635 2.991120 -6.080014 3.494593 3.886797 0.147430 -4.314220 3.818131 -3.013312 2.595025 -1.239812 5.045358 -4.029921 -2.232486 -3.686740 3.735225 -6.415587 -0.496305 -1.724291 2.764386 -1.543315 5.503656 -1.275177 0.438759 -5.244471 -2.232872 
3017603062066465719.mp3 :-164.275732 95.655704 27.397415 16.890162 7.259935 -4.181252 -4.013098 1.143847 -3.825249 7.629529 -10.332680 -0.352451 -9.507279 -1.353705 -7.484760 0.861317 -5.496526 -2.569159 -8.587835 -3.643659 -1.388939 3.402824 -2.328994 -2.152087 -6.350827 0.174034 -5.281071 2.722515 -0.597785 4.346672 1.259261 4.020324 -4.766214 -2.139928 -6.282604 -3.102802 -4.186634 -2.330076 -6.087806 -3.326911 
3000651334724236216.mp3 :-166.411549 103.009999 19.590264 17.531106 5.865177 4.240500 8.432427 -1.789077 -5.255962 6.554719 -3.136183 0.946627 -5.854419 -2.781119 -7.322922 -1.316575 -5.702399 2.213215 -5.163630 2.901971 -1.751795 1.152458 -4.505042 1.680205 -4.371517 1.220894 -2.028779 -1.518023 -3.030188 3.925943 -1.440660 2.253808 -5.471536 -0.599124 -2.097389 3.983192 -2.107839 1.770393 -1.820511 2.509439 
3026434988108478922.mp3 :-133.745492 118.105727 -3.485890 36.561140 6.020618 -0.915085 -0.419767 4.161939 -7.154906 3.913644 -3.595753 5.725882 0.646425 -0.729719 3.352951 4.140206 -9.384725 5.577889 1.387224 1.857329 -7.335539 -1.443228 0.487160 2.342359 -0.346841 2.452512 1.369889 2.200050 -3.185101 -5.424716 -7.733776 -0.769630 -0.891475 4.693295 1.001135 1.554289 -3.023346 -0.848981 -6.189481 -1.702022 
3027264138568213094.mp3 :-144.611318 103.045796 -10.355956 31.881437 3.139867 2.203427 16.304846 -0.985622 3.294562 15.004091 -7.508507 13.640875 -3.965454 8.809566 -2.616794 2.054595 -2.071620 3.877317 -0.833653 6.759428 -6.822670 0.311511 -1.485233 0.421187 -1.641546 1.560927 -6.005651 2.086076 -2.431620 -5.069964 -8.100891 -1.007636 -4.501216 0.400703 -1.239761 -0.228227 -4.143712 0.232235 -2.155102 1.671780 
3039032661420433590.mp3 :-141.507796 51.991587 -2.552097 31.708683 24.643664 1.385226 13.981119 16.033759 -0.515941 4.525076 1.658446 7.185141 -4.225516 5.771082 -3.147175 0.677696 -7.583426 -0.158042 -5.107920 -2.669315 -6.538676 1.583483 -0.692964 2.007440 -3.831515 1.290975 -9.704776 -2.311013 -7.984472 -0.223594 2.144743 4.285629 -3.860720 0.303241 -4.206962 1.491965 -3.158836 1.023623 -2.689292 -0.615909 
3041556221013301812.mp3 :-95.562199 103.080518 3.560631 0.740629 -3.250436 8.876694 -10.741859 -0.049441 -11.720293 3.262307 -8.707526 0.215765 -6.826081 -2.990775 -1.842795 -4.521712 -1.621741 1.018943 -5.493591 5.450186 1.463024 4.650698 -1.836310 -0.342033 -8.953394 -0.251024 -2.107172 3.763556 2.540020 3.000035 -6.735736 -0.015856 -4.751895 2.002258 -3.902523 -0.858574 -5.365513 -0.961265 -2.502668 2.952176 
3025266260477174577.mp3 :-139.086815 81.253698 13.783708 15.787468 6.503808 3.415271 -2.699325 14.232926 -19.877872 3.716782 -5.125931 -4.261085 -1.637550 -3.546328 -8.905040 4.452177 -10.149152 2.044897 -6.330003 -2.013280 -3.834564 3.804062 -8.887271 3.577316 -1.416495 0.116502 3.884023 4.805385 -0.972498 7.099752 -1.102074 -1.224543 -4.047627 1.885841 -1.514555 5.821126 1.693809 5.758509 0.763193 5.786078 
3006465023557997045.mp3 :-163.908995 88.739824 6.574439 27.457775 -2.952345 1.915426 -8.028733 0.945356 -15.105009 0.752030 -6.179532 -5.068118 -7.167246 -3.789592 -8.808690 -1.882552 -5.402093 -3.217325 -8.495830 -6.918343 -10.001416 -3.026277 -4.177500 0.415385 -4.722945 -2.085675 -7.717494 -4.640996 -5.921735 0.381268 -1.728524 -1.053062 -4.339947 1.497892 -0.404647 1.123961 -2.707052 -1.414767 -4.453420 -3.292403 
3010113381025936609.mp3 :-116.126281 90.464546 18.467993 24.721185 -2.779821 15.555086 2.045821 10.059983 1.624203 0.362764 -3.352211 -0.587700 -8.543096 0.000740 -3.868760 1.806585 -2.233025 1.207300 -4.998330 -0.670264 -2.251455 1.394629 -2.637252 -0.593256 -1.436537 2.737462 -5.434852 0.960803 -6.657900 2.446624 -1.111285 -0.550648 -3.241360 3.060452 -0.591701 3.360817 -2.147757 1.082170 -0.835858 1.620685 
2994914864269540013.mp3 :-450.603575 39.479859 -35.798623 23.315046 -13.820265 1.352315 -0.329580 6.328296 -9.595588 3.465132 -8.151844 0.367412 -11.202674 -4.970926 -10.716296 -1.666959 -7.189628 2.411072 -2.328587 -0.006412 -12.370964 -9.073178 -3.343762 6.550481 -0.652939 3.515685 -6.387759 3.218807 -11.188813 -1.685212 -7.795050 4.545959 -3.058622 3.538676 -1.701269 6.222359 0.748006 2.268733 -2.643328 4.170879 
2987838693562273700.mp3 :-97.251699 60.963623 -1.482300 42.196845 0.060076 11.313773 11.968871 0.514007 -1.584484 8.285797 -9.702367 7.593307 -7.445381 1.973627 -5.734675 -0.458029 -5.954398 1.582109 -6.233058 5.148101 -4.106018 4.112797 -0.053654 2.154190 -0.895645 2.324944 -4.232107 5.272582 -3.519532 -4.018283 -7.404297 1.827261 0.180223 2.354989 -4.461760 -1.984137 -3.973552 2.785297 -4.220910 -3.075095 
3018459165102656352.mp3 :-168.961015 109.231167 13.988373 28.657320 2.541582 5.356558 4.465913 4.972138 -8.348326 8.136555 -3.813334 1.430531 0.600373 0.001829 -3.300700 0.465605 -5.776711 -0.141832 -2.436321 0.974804 -5.347563 -3.178884 -7.820440 2.988185 -2.310705 3.938276 -1.090335 1.939583 -6.040966 1.197558 -2.651908 0.251084 -4.492980 0.328449 -1.419787 3.718338 1.138973 4.288734 0.916420 -0.216370 
3000573116312172942.mp3 :-155.896557 87.595496 -6.828424 9.648618 3.527337 0.396931 3.801719 11.463101 -14.741425 6.070065 -1.264414 2.909215 -2.838168 4.272483 -6.673893 2.300791 1.136669 2.367455 -1.363406 -0.503556 -3.099861 4.960096 2.443245 5.709717 -0.164539 1.556362 -3.150453 -0.780211 -4.299067 2.004843 0.499131 4.891938 -2.201740 1.635101 -1.114421 2.626376 -3.473013 -1.235688 -3.842748 0.986351 
3016044969574963545.mp3 :-224.225189 118.971973 1.441303 40.327482 5.843822 6.463309 -1.151549 1.337514 -10.084772 1.886213 0.793507 -1.556273 2.410123 3.322714 -2.220007 5.410407 -4.390953 2.988330 -5.173624 0.954888 -1.848521 0.196110 -2.351848 1.097274 -4.559666 2.098133 0.802017 5.133528 0.194366 2.051542 1.810164 2.973014 0.108994 0.794094 -4.320402 -1.029554 -4.448619 -0.890339 -2.456100 2.434658 
3055659621096188312.mp3 :-228.901289 84.400272 6.827328 33.492215 12.108278 7.035691 4.776923 9.421173 -13.099625 -5.775281 2.174303 -8.442031 -5.741921 -1.007645 -9.161898 2.104916 -5.608949 0.115309 -5.380305 -3.304024 -7.402738 1.055356 -2.439461 -1.342576 -3.998270 -0.586300 -7.425664 -0.969990 -6.502754 -1.595184 0.515839 5.281640 -5.080301 -1.517270 -3.696176 -1.252704 -3.560572 -1.106468 -2.701114 0.103090 
3054465843822524099.mp3 :-95.924442 99.470052 7.494452 15.605179 1.736331 6.666914 -2.934812 0.198872 -11.859285 -1.315930 -7.213611 -1.876293 -4.991590 -1.785205 -7.706443 0.372058 -6.493892 -1.615190 -4.652606 4.472587 -1.593866 3.557517 -2.051983 2.673579 -5.478168 -0.663700 -3.803212 -1.058794 -3.579969 5.135285 5.425635 -0.548392 -7.464656 -0.962271 -4.630128 -0.952735 -2.954885 -0.208927 -3.469050 2.953363 
3002577090532636601.mp3 :-112.001494 100.629188 17.453238 24.520388 13.480923 15.208148 1.654349 8.705162 -4.238574 1.964217 3.488132 2.808253 -2.362586 -1.197679 -3.039811 2.626273 -5.661214 1.465309 -5.062168 0.333434 -3.768935 0.415441 -4.324429 -1.526682 -5.100373 5.903242 0.083664 6.448363 0.158090 0.581478 -3.288538 -0.236299 -0.857722 1.981059 -2.477431 -0.151995 -4.996013 1.072888 -0.763459 2.874614 
3028554453729126995.mp3 :-132.583256 93.473483 30.130521 18.166677 7.367974 0.220576 -3.676258 2.834699 -10.857984 5.257417 -14.218510 -1.253958 -9.509825 0.330571 -1.648568 3.495553 -2.802202 5.343254 -1.688682 2.469771 -1.654785 4.508438 -1.978040 0.332527 -2.049668 3.172689 -1.363069 1.578114 -2.866944 2.059727 0.999418 6.552539 -1.654961 -2.575699 -5.431797 -1.069869 -2.755623 0.646500 0.974017 3.005042 
3037173700538483857.mp3 :-54.667208 70.880559 -2.543452 24.310973 9.577506 6.394470 -1.651111 6.881470 -6.686388 9.091852 -8.076881 0.883399 -2.253322 1.466040 0.020456 4.820645 3.483736 5.686711 0.316165 2.624630 -3.212209 1.859840 1.514580 4.518375 -1.471930 2.673690 -6.306314 -2.678264 -4.860105 2.237336 -6.551472 -2.401540 -3.699750 1.179531 -2.141850 0.676443 -2.965125 -2.799047 -6.600820 -2.354646 
3054159057998661268.mp3 :-52.078158 83.505026 10.129983 21.135911 10.902174 6.022296 6.009511 10.306996 1.514388 8.658549 -4.964884 7.766784 0.400811 6.637530 -0.985553 6.397690 -0.886394 4.332430 -1.310295 3.009767 -0.932383 4.363979 -1.105834 1.636317 -3.630389 1.645357 -2.125863 3.008203 -5.860106 -0.567129 -3.289926 2.592334 -4.727931 -2.442020 -4.921397 0.828270 -2.317165 1.774343 -2.460937 0.370624 
3010277222949438181.mp3 :-42.785808 82.444151 -21.887912 47.068483 2.156520 12.037634 0.011600 8.546681 -5.453959 7.471565 -2.053360 3.976165 -0.593437 1.590198 -3.101789 1.046226 -5.510124 -1.801799 -5.832006 -2.575129 -6.005896 -0.246061 -5.103649 -0.222413 -4.789927 -1.720471 -5.433668 -2.801763 -7.151170 -2.186029 -5.610180 0.666395 -3.039685 0.575033 -3.010067 -0.794614 -3.954215 -0.901232 -5.592785 -1.771825 
3037660135021800737.mp3 :-77.412205 70.936979 -2.121620 25.630415 2.889312 18.941595 -5.277913 11.901871 -2.343143 2.547948 -2.599276 4.149275 -1.519591 4.063013 6.522297 6.766058 4.521804 4.774704 -1.102140 1.499525 -1.307164 3.673508 -0.437601 1.750463 -5.176170 0.362077 -1.768883 2.780708 -3.812046 -2.413955 0.184496 6.124879 -1.189587 -0.759782 -6.217098 -1.996279 -3.962348 0.586256 -2.565896 -0.001621 
305454644966788060.mp3 :-213.955908 143.045123 -23.954764 5.822311 -6.221730 -0.129607 3.994918 -0.624140 -5.674117 4.533134 -11.494883 -0.459551 -4.304836 -1.023746 -5.542143 0.757972 -3.956628 1.812789 0.626972 0.011698 -7.862025 2.039409 -0.551712 0.284766 -7.082124 -2.278787 -6.338941 -0.137842 -3.780414 -0.831768 -1.829093 2.671606 0.702762 3.416365 -2.712926 -2.795541 -3.670758 -0.740718 -4.858067 -2.178821 
3014706931471577143.mp3 :-83.202160 103.497093 3.062646 30.636879 3.551856 7.386790 -3.784766 6.995099 -7.195802 8.378845 -2.337269 3.825043 -3.399074 0.452689 -4.663345 4.411978 -2.004565 1.219538 -2.068129 5.165576 -2.799758 3.724106 -1.071761 5.166608 -2.998813 1.718064 -4.292247 0.724451 -5.630889 1.912365 3.084617 3.559806 -2.851205 0.909044 -2.939536 -0.977201 -3.977145 -1.583448 -3.305927 -0.820368 
2991167488401039441.mp3 :-169.587129 68.491349 38.296917 19.750136 0.461874 9.478046 3.520213 9.114750 -1.342268 4.802518 -4.493982 1.676520 -2.241435 3.857442 -5.072873 -1.023734 -2.385839 1.629682 -5.077463 -1.900522 -2.313948 0.444262 -6.619372 2.534154 -4.639953 -1.369629 -1.254847 0.601385 -1.604685 4.949608 -2.103125 1.069057 -2.915482 2.286591 -0.926806 2.212208 -1.833677 0.291878 -4.734095 -0.239836 
29927657263016409.mp3 :-112.082392 94.480499 11.940175 19.746635 7.145226 0.102532 0.116182 2.618950 -11.002368 -4.339014 2.727575 -0.650363 1.087429 0.156534 -3.379699 4.561984 -3.518836 -1.985201 -1.418659 1.835599 -6.445734 10.151976 11.031107 13.012344 4.942407 8.752584 -6.849255 -1.683896 0.057592 3.348769 -5.596471 -4.448450 -4.668659 5.740041 3.742316 7.156948 -1.631400 -1.075675 -0.227954 5.763477 
3029532400838463787.mp3 :-102.788920 88.896726 17.970904 39.618607 -0.137030 1.236496 4.805352 0.634581 -5.643426 4.062412 -12.873861 -1.647976 -7.357487 -0.955882 -8.243648 0.787181 -6.270150 4.207530 -6.697206 -1.786637 -9.468572 0.078699 0.427117 -0.792397 -9.347596 -1.599886 -3.341619 -4.455104 -4.231152 2.778428 -1.751480 -0.456331 -6.227196 0.152747 -1.864651 0.471008 -3.947599 -1.962970 -3.737828 -2.559826 
3050160493117545468.mp3 :-159.030165 73.797738 1.251528 17.529931 3.785181 4.429823 6.073944 -2.005626 1.716621 6.602554 -5.777192 2.595829 -2.012845 -4.676885 -3.568260 1.797825 -4.802913 0.705166 -7.989804 0.092898 -0.822217 1.997701 -4.691661 -3.116457 -5.650066 -2.014542 -10.416853 1.329105 1.933034 2.400879 -5.102853 -1.439868 -5.473031 -0.288565 -4.876755 -3.556133 -4.574950 -3.442757 -6.399804 -2.535829 
3009922184932556494.mp3 :-193.053920 112.801751 13.715536 14.303270 6.480976 10.038306 2.967599 5.038389 -4.549388 -1.411403 -1.837981 -2.036780 -5.846810 -5.691906 -4.631747 -0.413539 -9.345599 -4.597044 -9.922019 -3.157241 -3.538923 1.658603 -6.147306 -2.893727 -8.040253 -0.592064 -2.485580 3.422249 -0.850584 -0.906925 -3.642604 0.069497 -1.265250 -1.838344 -5.606259 -3.867801 -6.541378 -4.336348 -3.492403 3.355583 
2999949068550369650.mp3 :-238.018978 79.663788 9.033227 20.699812 0.156213 -9.811308 0.457455 -4.195086 -15.679174 0.440171 -12.241636 -7.696491 -3.071722 -4.158726 -4.562798 -0.405450 -6.989919 -4.109161 -8.919173 -1.060500 -2.018620 -2.432789 -9.708267 -0.636565 -4.927062 0.411792 2.479629 3.368130 -3.404574 0.005802 -2.870446 2.874353 -1.808577 -1.228157 -6.038411 -3.412461 -2.667284 0.027994 0.032753 3.617476 
304317732234162705.mp3 :-286.533375 80.895080 13.222941 18.247412 0.286953 3.528860 2.337822 2.371879 -16.021554 8.628790 -19.089351 -3.998916 -8.755743 -7.137008 -5.767874 -3.503179 -4.883040 -1.112690 -7.867774 -3.609663 3.363093 9.838363 2.235202 -1.734615 -7.482865 -1.286443 -3.007010 2.118150 -3.464724 7.011385 6.251340 3.541589 -3.871934 -4.145849 -6.133138 -2.368463 -2.766144 3.590176 -2.763955 1.180711 
3065416998670126962.mp3 :-163.817227 94.392901 11.863289 -2.730650 23.211019 3.475444 3.749770 16.143572 -10.811282 18.974610 -7.504394 4.281358 -0.714838 -2.636695 -0.840926 4.673855 0.334918 9.699098 -1.843986 4.495180 -5.017090 -0.102697 -3.163309 1.294880 -4.619009 2.354468 -8.447147 -1.681817 -3.718466 -0.568282 -0.502658 -0.832183 -6.095884 -0.721733 -2.466773 1.684926 -1.822472 0.247215 -5.639342 -2.789361 
3009935059309534547.mp3 :-177.032319 63.477649 20.020511 25.263674 6.225978 6.221293 4.144476 7.594435 -3.862837 9.232591 -7.365868 3.159031 -5.558138 0.091859 -5.179817 1.105997 -3.213791 2.147412 -7.658992 -2.478253 -5.273816 -0.028120 -2.791199 -0.560417 -5.484670 3.176705 -5.910503 -0.251050 -4.801302 -0.573555 -1.539040 5.904494 -1.687625 -0.899230 -4.059739 -0.157753 -5.849807 -1.123515 -3.967127 0.657766 
