1991224408026786408.mp3 :-98.567940 113.556531 -16.360915 28.130901 -4.444840 -7.131928 -2.195319 -0.202782 -18.541537 5.546765 -2.738112 -2.658412 3.559430 1.155861 -6.705490 -0.743073 -4.295960 1.208136 -2.045959 1.129042 -5.804632 -4.780039 -0.814429 1.885688 0.234318 2.815136 -4.298679 0.704076 -4.242484 -5.452859 -11.362769 -2.755616 -1.923545 2.979293 -1.116254 0.230788 -2.076034 1.737572 -3.738390 -0.213761 
1981160504472344280.mp3 :-124.470346 45.850285 -7.621273 23.027909 15.730796 1.657631 10.322910 -0.861541 -6.076457 8.013476 -11.396499 3.460363 -6.643428 -2.034349 -6.610922 1.451458 -6.847463 -2.609106 -9.764771 0.620206 -4.815859 0.950109 -2.331648 -2.293796 -4.934325 0.074805 -5.347848 4.765666 -3.781788 -2.978688 -7.179858 -0.897902 -4.877168 0.304546 -6.669977 -2.456072 -5.117432 -0.248639 -4.155182 2.880872 
2008891158694249297.mp3 :-145.310881 103.950189 17.077368 30.067056 3.814275 -0.129564 1.648855 -0.466970 -6.058525 4.144980 -4.836604 -0.815954 -5.845605 -2.265463 -4.422954 -1.643543 -3.454342 3.007552 -3.944220 4.035395 -3.367481 1.598361 -1.333649 1.791578 -3.193096 1.794172 -2.159027 4.635205 3.134623 1.550683 -5.519691 -0.906120 -4.191922 2.069627 -1.186921 3.028267 -2.063334 -1.648779 -5.685857 -2.121673 
2027702430328604787.mp3 :-85.886247 85.655910 -5.451418 31.062822 0.351652 15.848171 -0.018027 4.926077 -1.982609 -0.257557 -5.782650 3.812279 -2.259001 4.214835 0.839793 0.844335 -6.487398 1.942218 -0.963385 6.277782 -1.693339 -2.442719 -6.037124 2.974024 -1.209149 4.303115 -1.071737 1.201985 -6.492379 -2.745138 -2.639578 2.208894 -4.572777 -1.615234 -4.125977 1.440786 -1.970711 1.669429 1.608033 3.804356 
2013585695697848137.mp3 :-101.870213 72.657143 3.071955 35.338695 -1.053970 -1.191843 12.095262 7.344168 -19.183056 7.288458 -7.942822 -5.267287 -2.578668 -2.091804 -9.435910 0.683708 -11.066744 1.667695 -6.685773 -3.588623 -6.125641 -0.586743 -8.969024 4.012048 2.438849 5.521539 1.979171 4.359118 -6.364641 0.540919 -3.212179 0.960742 -2.197055 -0.447566 -2.986751 0.661012 -4.203961 1.716020 -2.755125 0.946060 
2025764449464247954.mp3 :-153.109068 112.044883 8.739666 22.392417 3.886645 2.186629 0.602491 2.411153 -6.854806 0.382832 -7.939303 -1.467760 -8.819010 -1.714578 -6.240376 -4.163299 -8.258782 -3.183499 -9.506062 -1.116518 -4.819177 -3.215295 -8.554347 -3.644351 -6.888547 -2.260684 -4.054927 -1.712716 -7.160344 -1.243537 -2.814062 -0.863472 -5.746305 -3.221644 -6.413446 -2.412132 -5.503972 -0.766502 -1.125289 1.333085 
1985986954796621592.mp3 :-175.134576 100.876522 12.844371 21.945865 -4.324051 2.971918 -7.719031 1.574307 -11.812721 3.091241 -8.803693 -3.278269 -7.003764 -1.814501 -6.133572 -5.554639 -7.696596 -0.390852 -8.013176 -5.015474 -7.444769 3.785089 -5.092261 -0.034716 -7.417084 -3.064784 -6.782256 -3.705470 -10.484693 -4.009376 1.743755 7.018568 -3.341079 -1.609782 -4.594511 -0.037487 -3.506802 -1.008771 0.024364 2.421721 
2024979655435704479.mp3 :-98.673841 101.644200 8.530604 25.410202 9.190069 0.579525 -3.497848 1.959615 -6.335802 -0.815813 -1.648976 3.711312 -1.525081 2.751293 -5.446148 -4.054269 -7.350460 0.665436 -2.455123 -2.292071 -5.955826 -0.842390 -2.517916 4.365060 -1.998576 2.410021 -6.019475 -0.128368 -3.637971 -2.389811 -7.007061 -3.960247 -2.691334 4.312477 -0.258696 2.070061 -3.859251 -0.095484 -4.513262 -0.470499 
1986023538593682344.mp3 :-75.300821 75.219209 7.695083 20.813032 1.352938 9.903018 -1.700253 2.554025 -3.919431 4.588899 -3.359825 4.742597 -4.329682 2.463182 -2.805524 1.893978 -5.740638 -0.665265 -7.926572 -0.967656 -7.640894 -1.412473 -4.884593 1.724503 -2.037893 2.408283 -3.886907 2.257081 -2.619408 1.042636 -3.265345 -0.357239 -5.352788 0.290608 -3.696606 0.793332 -3.909448 -0.074847 -3.560979 -1.159981 
2052177353592989807.mp3 :-114.705517 101.311677 12.357579 22.104422 10.702899 4.984220 10.565041 -1.012867 -4.232162 8.056832 -10.192837 2.837416 -3.681678 -2.628003 -4.648046 -0.205422 -4.558633 3.877414 -3.664639 3.610964 -2.942821 -1.495562 -6.081327 -1.544182 -4.055607 1.941901 -5.370782 3.393872 -0.332910 0.985323 -6.066493 -2.004288 -3.532817 2.710437 -1.718329 2.202160 -2.453903 0.931328 -2.636754 1.257189 
2013626591495317886.mp3 :-42.094405 67.704084 8.644754 19.088058 0.789175 9.103019 -1.117208 4.196518 -3.986910 4.916425 -1.510155 4.706441 -4.025802 1.306796 -5.266711 1.620143 -3.438287 2.841751 -2.937812 1.695748 -4.899890 0.137900 -5.126893 1.117289 -3.946813 -0.056874 -4.740078 1.388366 -2.530517 0.931409 -3.849620 1.009599 -1.544978 2.706182 -1.602242 1.639196 -3.167019 -0.505311 -4.671150 -0.678906 
1972280816335837862.mp3 :-144.943125 140.278625 4.785213 19.803197 -6.651061 7.682347 1.156081 -18.396161 3.720983 -8.470237 -3.358115 1.761608 -4.269196 -0.366644 -5.899826 0.180624 -1.968839 -1.290566 -0.835318 6.117946 0.494034 4.085830 -1.099321 4.762963 -0.732639 3.709154 1.898512 1.596933 -0.318841 -0.495395 -5.543363 2.197612 -1.261363 1.003767 -1.724084 0.257392 -4.455069 -0.823309 -2.708068 0.878162 
1976576893479831645.mp3 :-114.709040 78.752198 24.560017 36.261194 8.987426 10.150561 0.915218 8.537637 -3.467314 5.536635 4.593232 1.491238 -1.061035 3.983398 -2.077052 2.901362 -5.382155 3.424196 -7.413657 -0.667362 -4.732720 -3.259641 -5.641084 2.238908 -3.801141 3.677867 0.082388 3.558391 -3.837535 -0.884925 -6.972059 -0.220600 -1.142393 3.766647 -2.325781 1.304014 -3.128545 2.124082 -1.888606 1.801387 
1993868727246979829.mp3 :-180.208212 119.058904 9.034839 13.861220 9.935336 -1.327668 1.864846 -9.095246 -6.036305 4.764315 -9.301875 7.532452 -8.804590 3.659404 -4.728918 -4.786413 -5.753346 3.562031 -4.325289 4.034053 3.238256 3.661671 0.801670 0.834871 -4.972651 0.612992 -3.703512 -2.501862 -7.622264 -3.808722 -2.180843 1.254942 -6.962444 -6.262969 -7.361312 -1.870656 -5.517420 -4.868434 -7.120229 0.764157 
2046087493932966869.mp3 :-252.404179 112.692093 18.923016 15.952660 2.164862 9.903303 1.292074 5.077005 -6.798785 0.467917 -3.921241 0.125979 -2.448209 -4.436823 -4.171812 -2.399833 -6.111312 -1.365493 -3.213488 -3.371716 -4.132834 0.338312 -3.564961 -1.728071 -3.865034 -3.690331 -7.603785 -4.963634 -6.569277 -2.326878 -3.398332 -0.617917 -1.989822 -2.468370 -4.133726 -2.257549 -4.200502 -3.093125 -4.750736 -1.184767 
204616220560860203.mp3 :-140.243993 87.842445 8.643603 23.707805 6.963008 7.085998 8.624371 7.803692 5.502981 7.740367 -3.783294 4.994871 -3.549990 3.934542 -0.778944 4.987383 0.085264 4.699952 0.345485 4.340750 0.111296 4.651677 -1.112103 2.194178 -3.098233 -0.192062 -2.277758 4.184027 -2.449226 -0.717394 -2.891817 5.803025 -0.400623 1.253079 -4.495464 0.455952 -3.445093 0.949489 -2.734633 2.946935 
1977837547282608825.mp3 :-61.103202 92.672601 1.355428 22.303054 -2.000288 18.133115 -5.021042 2.590367 -2.464148 -0.536818 -5.511755 2.983248 -3.285745 0.627566 0.192664 -0.856637 -2.672605 -0.879525 -3.137838 2.353148 -0.161690 -0.975151 -5.847598 1.545316 -4.684071 6.035618 -2.384455 -2.972901 -5.294651 2.996841 0.335046 -1.656394 -8.405086 -1.959064 -2.974856 1.033794 -0.989522 2.070094 -3.994474 -0.688671 
1971217548409403441.mp3 :-67.017557 92.386607 4.650379 17.584110 2.398171 18.831684 3.092672 5.405694 0.374369 8.946786 -2.091588 5.698123 -0.880029 6.960603 -0.637580 2.150584 -0.359414 5.943140 -0.673088 3.713608 -2.300106 5.124296 0.100672 4.440774 0.971364 5.364523 -1.261275 4.184352 1.064320 2.721483 -3.387692 1.744311 -1.129882 3.209232 -2.450272 0.458881 -2.885689 -0.918463 -3.990430 0.009335 
2044649582937462138.mp3 :-210.309651 125.925730 11.718670 13.433066 11.849192 -4.095837 -3.863457 -3.342351 -11.992730 1.163700 -13.789174 -5.808860 -10.181960 -5.604271 -5.510534 -0.188558 -6.982654 -0.895615 -4.517893 -3.478749 -3.946814 1.716285 -3.086115 1.300454 -5.583638 -0.600321 -1.903432 -0.268916 -2.452425 -4.228188 -3.457782 4.269117 -4.053918 -3.434881 -7.085269 -5.209300 -5.109171 0.643536 -4.959377 -5.048849 
202053029743278553.mp3 :-177.989820 88.423684 -1.525613 20.103093 1.738691 4.810759 10.840587 -5.804169 -5.262831 7.340926 -12.883289 -0.263175 -8.394444 3.135571 -6.728979 6.710473 -1.255026 7.369087 6.123720 -0.503198 -13.871779 -4.876305 -0.933344 6.301767 -1.022357 0.958406 -7.368812 -2.250216 -9.350764 -2.839787 -0.286165 0.790742 -2.379212 1.568928 -0.941362 2.629170 -3.763821 -1.310864 -5.694533 -3.525204 
1990312268104476736.mp3 :-243.108390 97.393871 19.540782 28.060073 6.686080 -0.621754 -5.168409 2.482233 -16.866796 -1.658051 -9.760210 -10.813915 -8.125434 -5.674038 -11.499131 -9.614168 -7.920198 -4.597903 -9.721240 -5.685759 -6.216112 -8.075157 -10.179133 0.143223 -5.050122 0.818852 -5.036087 -3.030208 -5.060803 -0.693440 -6.381254 -6.348866 -10.431710 -6.116160 -3.158445 2.675104 1.795006 3.690209 -1.108588 2.515677 
1992788705851863704.mp3 :-234.231177 95.425266 13.483248 30.433817 5.375996 4.862217 -1.749761 -4.613667 -12.604054 0.713765 -14.661519 -1.158389 -10.039920 -3.642715 -4.567618 1.698973 -3.247104 1.421140 -7.277487 -0.908817 -6.797951 4.784593 -2.734297 0.806393 -5.651505 -5.523602 -6.473329 1.797897 -4.016296 -5.768181 -2.939196 4.827397 2.169395 1.935112 -4.546885 -2.486375 -6.748350 0.651280 -1.460162 0.830343 
1985449566741976223.mp3 :-168.701974 55.336117 6.203342 39.850634 7.203525 18.252325 3.244139 10.821526 -6.432988 9.414175 0.906212 4.734511 -0.135973 4.095013 -1.541946 2.723064 -7.041288 4.345517 -11.345620 -2.964624 -7.519454 -3.423887 -2.642758 2.318073 -2.516946 -0.846554 -4.453112 -2.733227 -4.606299 3.167434 -3.526821 -0.536146 -5.371883 0.778317 -1.143046 3.297391 -3.899127 -1.363652 -7.209440 -2.358250 
1968008909126139130.mp3 :-196.740510 131.614274 -14.603527 12.268567 1.695733 -9.548407 -10.200333 3.913020 -16.399182 1.920392 -2.695451 -9.525991 -2.591432 -1.891694 -5.477300 -0.997518 -6.107514 -2.279837 -4.610264 -7.243580 -7.149918 -4.380506 -7.823785 -5.181402 -6.542944 -2.523439 -5.852561 -2.673171 -5.975440 -1.412560 2.007329 3.497090 -0.925055 -0.732157 -3.765045 -1.770362 -1.128577 0.281386 -1.740335 -0.845323 
203454031437141602.mp3 :-25.939203 67.121330 4.450562 19.429913 0.329275 11.291918 -4.505696 6.612987 -6.969243 3.480351 -5.311620 -1.081553 -6.190794 -0.841294 -6.202174 -0.841611 -6.510561 1.292024 -5.477400 -0.407534 -5.289439 -0.663596 -6.378456 0.100997 -4.364224 0.499676 -3.817297 1.521840 -5.245246 -0.712885 -4.089255 3.380992 -0.879666 1.480330 -3.111528 0.947779 -2.629807 0.596118 -3.632944 1.154340 
2031605891233234782.mp3 :-47.061763 101.330598 -13.266764 25.359006 -9.689393 -3.337753 3.660865 1.404571 -18.211375 0.201124 -6.779369 -1.462939 -0.438384 -2.663003 -9.972476 -2.008010 -6.165653 0.606336 -5.181975 2.051352 -4.948936 0.970353 -3.853794 2.842152 -2.677086 2.018768 -4.566301 1.950173 -1.554903 1.800383 -7.977463 -2.090536 -1.220513 3.579145 -0.431725 3.137751 -1.837493 0.311185 -2.868421 2.168966 
2039037622562360597.mp3 :-116.079104 92.779036 11.208991 30.709954 -1.154345 8.680120 6.593295 3.303676 0.339029 5.067564 -8.829742 3.423565 -8.368201 1.719028 -4.768017 3.382961 -2.446462 7.616229 0.150169 3.894886 -5.051421 0.340570 -1.823670 2.870754 -0.206407 1.865080 -4.679486 -0.331812 -6.398533 1.780895 1.091408 4.393921 -1.142840 2.112446 -2.194907 1.528824 -3.679480 0.489808 -2.580742 2.106554 
2049555701409782531.mp3 :-96.743684 84.761820 -7.182864 28.244735 5.772181 6.161828 7.084197 1.592602 0.015809 8.161972 -8.262544 11.006182 -1.667319 5.927715 -1.543954 6.266496 1.900419 6.884222 -2.466203 3.474407 -8.721150 -0.964409 -2.530882 2.790888 -3.474828 0.773231 -7.243029 -2.554617 -5.923510 0.118117 -1.269886 3.473135 -3.135224 -0.394249 -3.534979 0.528707 -2.413312 -2.079264 -6.998117 -0.509471 
2037551524699588194.mp3 :-151.585573 109.312631 -5.378345 18.754333 1.037180 3.797945 6.730910 -4.647203 -5.148678 4.108163 -14.133538 -1.657574 -3.860805 2.007081 -4.008233 1.783203 -6.146893 4.425805 -2.783298 0.207939 -9.413234 -5.290627 -0.258900 2.690909 -2.340118 0.563380 -5.446176 -3.077377 -2.174642 1.208626 -3.951614 -3.472853 -3.245765 3.500958 0.244278 3.360168 -0.936892 0.655498 -5.491470 -5.800133 
2009081365600334473.mp3 :-247.539243 125.652498 12.548550 15.412771 2.003391 -10.482573 -5.216038 -4.710326 -19.359094 3.483239 -17.573463 -8.628103 -8.191445 -5.571623 -8.770641 -4.977276 -10.297561 0.879278 -7.553444 -2.810586 -6.839829 -1.101628 -3.777289 -0.272962 -1.622108 -3.781778 0.281055 -0.615299 -0.344239 3.973073 -2.710140 -6.584262 -7.646903 -2.540725 -0.331581 4.037169 -0.541352 0.165903 -2.198318 -4.944082 
2002727711572909524.mp3 :-124.615163 65.709833 11.784629 33.383912 8.190854 13.328192 6.515992 7.054150 -2.244245 5.290060 -5.088683 6.625217 -2.414599 3.983336 -4.634100 -1.083749 -6.307014 -1.283675 -7.236759 2.329707 -1.827517 2.228173 -3.982687 -2.687486 -7.438416 2.459977 -3.054929 4.502293 3.666683 7.838689 -3.372678 -3.357973 -9.208534 -1.650522 -4.247797 1.103438 -3.711578 -0.082366 -3.395775 0.962764 
1996570915590573700.mp3 :-187.047731 110.557425 35.859848 21.069930 8.984016 9.752427 0.114780 -2.418069 -2.736410 -1.999111 -0.056710 -5.191721 -3.917219 -0.218866 -6.635498 -5.838253 -4.877591 -4.029358 -7.087307 -0.994996 -4.142948 3.602319 -6.120639 2.224226 -7.658962 -2.024516 -5.108478 1.841923 0.144718 2.176183 -3.492773 -1.420217 -2.505474 4.991295 -1.586920 -0.353378 -5.410059 -3.498644 -7.516209 -0.563028 
2020157804733175658.mp3 :-359.372842 180.787299 16.541316 -18.117924 -1.134392 -2.304270 -6.235516 -10.151745 -17.400477 -18.541675 -12.789670 -8.475096 -7.704336 -8.828977 -8.461787 -6.586138 -7.051511 -6.779055 -3.714782 -4.090989 -8.207194 -8.784187 -6.481189 -6.068588 -5.543050 -4.918998 -5.215065 -5.222662 -7.746986 -9.706877 -4.025049 3.749080 4.602092 2.128362 0.114763 -3.289035 -5.115249 -4.383547 -3.309774 -1.193341 
1972835657144359547.mp3 :-96.470449 98.624641 9.886724 27.287087 4.166385 0.346843 -2.985688 -0.700022 -7.682091 -0.702232 -6.357820 -0.354274 -7.860921 -2.771837 -5.470298 2.156633 -3.625207 3.289167 -8.343399 -3.594778 -8.593505 1.328271 -5.050050 -2.046889 -9.015595 -2.303676 -2.747834 2.412675 -2.691273 -0.215265 -5.208889 3.712075 -3.591940 0.070543 -5.976686 -1.603843 -5.727166 -0.884933 -0.902599 -0.903711 
2005433160191188162.mp3 :-43.295968 68.837014 2.427047 30.208282 11.079577 13.709506 4.086813 10.127865 2.127693 8.733595 -2.801035 3.482674 -3.466621 3.372640 -2.836113 5.133889 -0.595192 4.161875 -4.325220 -0.810963 -6.229556 -1.830019 -4.721447 0.435610 -3.186608 1.944745 -3.769599 1.763132 -4.244528 1.003885 -1.390518 3.525295 -4.495295 -0.265468 -2.478916 0.288230 -3.404721 0.516977 -1.485475 -0.733557 
1988193555565004169.mp3 :-121.628340 77.408879 16.351909 18.716059 3.030141 17.698015 -6.303396 11.964088 -5.068814 3.809385 -2.326905 1.552703 -4.364800 1.033919 -6.876223 0.748791 -7.733737 1.857473 -5.745610 3.475112 -3.336727 3.076405 -4.014591 -0.180353 -5.811866 1.169020 -1.803594 0.556239 -3.762595 -1.814273 -5.539166 0.339789 -3.196820 1.377231 -2.889005 0.138036 -2.726793 1.393687 -3.789227 1.288329 
2009735724248367618.mp3 :-119.642858 85.845373 -5.663988 28.785806 0.607522 2.252231 -1.496369 -8.501457 2.789088 -4.153567 -5.543509 -4.116130 -8.665662 -2.103821 -8.028836 -1.410842 -2.871679 4.014151 -0.437410 1.096073 -4.669772 1.711209 -4.672421 5.336069 -1.743757 0.914511 -7.645375 -4.099064 -6.173240 1.402101 -4.110011 -2.413149 -4.294364 1.393920 0.982240 2.180841 -4.029302 0.353230 -5.419898 -3.243904 
1970329397895482533.mp3 :-124.829925 131.438173 29.125684 18.842643 -0.143969 7.808355 -1.335370 3.630504 -12.122720 -0.430738 -3.648731 -2.412731 -2.528217 -6.684711 -5.170914 -3.316041 -5.590520 3.735797 -1.317273 3.160113 2.455615 6.159860 -3.497096 0.317943 -8.408787 -5.139377 -7.126994 1.394957 0.756233 5.395077 1.167284 3.134519 -3.761313 -1.757224 -2.623496 0.489609 -3.580417 -3.491717 -3.073231 1.639375 
197223985440122419.mp3 :-94.664216 74.328386 6.595278 20.538385 -5.813522 2.520800 1.846722 -1.171334 -6.601669 2.486108 -10.341225 2.164500 -5.883703 1.842757 -2.801203 5.066159 -5.490433 7.778255 -1.429050 7.691685 -2.760750 -4.513403 -6.559795 2.739392 1.088332 8.968306 1.859742 3.889314 -0.292354 0.898040 -3.410507 -4.149738 -5.786520 0.014777 -2.154350 4.979220 0.370158 5.201794 -0.193962 2.574611 
1994431105604141947.mp3 :-69.940342 94.624522 37.330626 8.877916 10.893280 14.668505 5.620166 8.745989 -10.820282 11.137486 -8.808375 0.142272 -0.343746 0.229811 -4.065346 2.801242 -2.545799 1.300857 -1.042363 3.453078 1.549128 2.055321 -3.549472 2.634637 -3.088794 6.836360 -3.780944 3.842320 -1.651345 5.665834 -0.823662 -1.712510 -6.734602 -1.721315 -2.588156 1.311218 -2.235393 2.666543 -2.727270 1.220558 
2027205649459345931.mp3 :-84.719270 95.830419 -6.361410 19.560097 13.991883 3.072395 5.075036 8.887147 -6.446365 6.303697 0.834143 0.646777 1.776037 -1.805470 -6.894806 0.434004 -6.633554 1.190612 -6.413804 -1.428979 -6.093671 3.558831 -7.735241 -1.911468 -3.088109 -2.810520 -4.383409 4.308349 -2.368730 0.614764 -1.583690 4.856663 2.020911 1.148011 -5.603798 -2.754779 -3.651539 -0.504870 -4.559322 -2.446883 
2024158249885554235.mp3 :-132.131630 92.119147 18.708434 25.557742 9.997584 0.671211 -8.361034 11.053200 -22.446284 -4.029713 -5.463352 -11.524512 -5.321360 -9.654436 -10.737979 -4.401993 -15.325117 -15.745327 -12.230077 -12.549376 -12.652237 4.837373 -6.402389 -3.567763 -7.558558 -7.921932 -13.205167 3.514973 -3.426177 6.460771 -0.913829 1.613361 -3.788213 2.678762 -3.379920 1.685512 -3.873658 -0.606422 -6.491295 -3.497840 
2042207028580164019.mp3 :-145.818259 114.324988 7.020346 27.348387 3.751898 -4.968052 4.301948 8.952014 -11.444850 0.661748 -2.677277 -3.970883 -5.712164 0.454640 -7.125803 -1.513679 -4.378793 -2.961891 -5.367299 -2.163954 -4.365727 1.662994 -4.632197 0.315052 -2.145847 0.265561 -1.481410 4.625840 -1.156596 -0.525631 -0.863990 4.830960 0.140958 -0.390866 -6.385348 -3.488890 -7.329720 -0.758326 -2.024948 1.363448 
1991105245204996063.mp3 :-85.522696 69.827625 25.688721 36.737812 13.532658 15.893991 0.212882 9.244695 -9.757140 12.796385 -5.873177 -0.670121 -6.516272 -2.681484 -5.310925 -1.505355 -4.161130 3.033817 -3.147379 -0.053812 -0.063739 3.368099 1.279667 3.193313 -4.099351 0.631664 -6.272837 -2.273505 -7.152133 -0.719661 3.378680 6.166498 -7.266598 -4.704427 -9.828831 -3.270971 -4.146463 -1.753380 -4.175850 4.019985 
1995331090250731200.mp3 :-148.461704 68.755397 8.543081 36.601155 5.581604 11.650202 6.166294 5.436402 1.320269 10.955389 -10.035289 6.105150 -2.305920 6.414292 -0.342869 3.962680 -0.226845 3.681883 -1.324078 4.613706 -5.492808 6.716523 3.307967 4.682608 -0.132285 0.848740 -3.369353 5.478009 -0.959669 0.246265 -4.684286 3.337292 -1.217508 1.688628 -3.775008 -2.515616 -7.168020 -1.260491 -5.503286 -1.485292 
198566359460249870.mp3 :-68.588126 94.041720 11.174859 24.142439 13.012165 9.142735 -0.997985 11.378896 -11.738924 -2.894567 -0.156126 -5.932662 -1.466206 -0.284881 -4.068414 2.525186 -3.564410 -3.737965 -4.461588 -0.287411 -12.077315 0.333778 -5.853174 -0.793048 -5.546216 1.727067 -7.110462 0.364764 -5.508005 -5.412550 -2.902419 4.448635 0.622402 2.309879 -4.724732 -1.570653 -3.250040 -1.521538 -2.886856 -2.436801 
201120007836842287.mp3 :-83.277726 76.498130 -6.932186 33.426146 2.122166 15.013307 3.489993 20.479805 -8.958542 11.678256 4.780797 4.946971 3.836150 6.770913 0.380761 3.493101 -1.282643 1.716337 -2.150838 1.365289 -3.376284 5.560817 -5.988377 3.353592 0.567894 2.069485 -2.109742 -0.103012 -7.697582 2.124501 1.468416 0.988697 -3.087173 0.494799 -3.216089 2.195471 -3.218013 0.623741 -3.572554 1.843859 
201821813294443673.mp3 :-168.983867 101.502564 14.992660 21.590678 1.158820 9.696453 1.196967 6.757194 -8.145682 0.287492 0.383428 -1.646960 -4.027306 -3.744285 -7.583695 -0.411825 -10.511732 0.620023 -11.139017 -1.780318 -2.418455 1.188035 -3.163800 -1.001799 -9.299537 -4.258599 -6.564863 -2.121465 -2.195112 3.119893 -2.744052 -1.008930 -2.263714 -1.931168 -5.766667 -0.736674 -5.860115 -1.986724 -2.493599 -0.457894 
1987864662165048909.mp3 :-84.870238 114.301315 7.100127 21.762790 -0.334038 6.644934 -3.617009 1.938045 -11.673406 -3.776736 -5.630716 -5.303282 -5.149146 -2.404802 -10.458578 -3.198585 -7.370416 -4.241136 -1.983814 -0.685742 -7.290429 -3.342205 -7.805344 0.478830 -1.504438 4.371409 -4.579600 1.960174 -6.515848 0.014547 -1.862993 -1.065110 -5.852836 1.294365 -2.247915 2.136837 -0.350350 4.041334 0.846670 0.229468 
2046783658367200688.mp3 :-154.569747 94.672047 14.922752 28.096502 -0.223655 13.178783 1.691581 -1.239777 0.270870 0.920421 -4.116570 4.494112 2.509700 2.271581 1.687299 2.482405 -1.615461 3.505015 -5.844036 -0.661013 -0.467888 3.218444 -3.932651 -4.158722 -7.855728 -1.644431 -6.979253 -2.947011 -2.287518 4.010523 -5.857759 -3.687893 -5.050761 0.982286 -1.768829 -0.218486 -2.821304 -2.089701 -5.570870 1.181962 
