14308557852778869.mp3 :-72.887104 89.014623 -6.306195 27.345002 4.548171 -2.814387 2.598846 3.644927 -10.094980 6.601401 -2.778030 5.608567 -0.614012 1.194670 -3.667804 2.735848 -7.217272 -0.234861 -3.006564 -3.523227 -7.701100 2.012076 -3.970243 1.036718 -3.566243 0.015732 -2.748056 0.632345 -3.126916 1.330436 -5.416216 -2.156565 -3.180125 1.292765 -2.139192 2.150250 -3.393190 0.295609 -2.957413 -0.024415 
1439795101926087407.mp3 :-250.569697 135.292371 20.788067 18.899681 13.489704 1.134012 6.473414 3.942383 -9.970291 2.956257 -8.074338 -2.511964 -3.558532 -6.915225 -2.204219 -1.890112 -4.613608 -0.186177 -5.980400 -3.693597 -5.053487 -4.706255 -7.581754 -1.806846 -3.525935 -1.975924 -2.657988 -0.402509 -5.282196 0.114043 0.539259 5.327198 2.051310 4.413832 0.675605 2.398842 -0.046782 1.338108 0.543225 0.153698 
1442943692081237442.mp3 :-116.758369 101.476455 -40.009171 15.347685 -7.403687 -10.087776 -5.531414 -6.979484 -14.818733 2.008279 -5.080863 -2.416577 -2.928802 4.059264 1.037438 0.990481 -4.368165 5.398247 3.048501 4.870881 -11.560717 -4.839437 -4.168249 6.930692 2.190433 3.770287 -2.982251 1.700448 -7.082810 -5.902156 -4.092007 0.247204 -1.994382 1.821417 -1.062637 5.281019 0.719153 3.645073 -2.848909 -3.985138 
1462792898898698487.mp3 :-139.498259 113.909435 11.916118 33.834935 8.247685 8.093541 16.058688 2.077976 -5.797739 9.037921 -8.675142 1.281851 2.463620 4.168085 -2.409039 0.028809 -4.411758 3.540731 -2.564724 2.870183 -5.361933 -2.938522 -1.637404 1.198927 -0.979823 4.080271 -6.053897 -1.340135 -1.949170 2.520201 -3.034659 -2.951869 -5.086535 2.330707 0.899561 2.717698 -1.602293 0.645403 -3.903369 -4.101975 
1477496362586438896.mp3 :-75.884549 91.514469 5.695503 42.375716 4.503771 5.177304 0.147234 5.172274 -14.411502 -0.324786 -3.916056 -5.875594 -4.228826 -1.765689 -10.671342 -1.707272 -8.182755 -2.485172 -5.025053 -2.387237 -6.570602 -0.088834 -8.002246 -4.482587 -8.132141 -2.354682 -7.290628 2.534371 -0.078782 3.911452 -1.339503 0.937316 -2.973812 1.956082 -5.058693 -0.602194 -3.172746 1.065495 -4.506038 1.263424 
1434530212716002076.mp3 :-131.689715 99.346050 24.762077 13.099903 8.017694 -3.243950 -3.034616 0.007815 -11.981602 0.167785 -6.447909 -3.310898 -4.997808 -2.148008 -10.408382 -5.605698 -8.093218 -4.374261 -7.650589 -4.534867 -3.757106 -2.060612 -7.311962 1.693178 -3.100114 2.788978 -5.162993 -0.600686 -3.711064 1.661322 -6.112567 -0.497489 -5.255109 0.606094 -2.000053 3.084521 -1.362813 1.355533 -3.719636 -1.334228 
1424574839034298509.mp3 :-129.305443 110.666148 27.574391 23.161726 3.867270 8.143125 7.176966 -1.800701 -10.950818 -0.359775 -15.196713 -1.846049 -12.498640 0.521608 -4.637640 0.876801 -1.620914 2.882058 -7.922694 0.450661 -7.975775 -1.898965 -3.988421 -1.750136 -2.487555 0.254311 -3.061859 0.834874 -2.373964 2.526268 2.084821 2.743745 -3.233756 0.110320 -3.479309 0.720862 -2.115117 2.094512 -1.189013 -2.574405 
1464741688790161221.mp3 :-98.032877 83.791207 -4.172738 28.466929 3.352625 10.932865 5.082859 3.804054 1.123140 5.870349 -10.622710 4.008599 -5.219004 4.397332 -4.087587 4.100260 -2.963377 2.923705 -5.019662 -0.443631 -6.345443 -0.710242 -3.168647 1.214730 -5.975636 -0.409636 -4.926142 2.040451 -6.107206 -4.121639 -2.963569 6.578630 1.184062 1.706220 -6.870004 -4.328668 -7.836256 -0.230984 -0.961628 -0.818071 
1485795744733863840.mp3 :-101.634325 64.733424 4.556120 17.285761 -4.733599 14.002814 9.311770 7.839368 3.069121 2.916204 -3.934039 2.174532 -4.905141 0.585107 -2.442916 8.473699 -1.029329 4.373745 -3.439533 3.203823 0.014626 0.458888 -6.114692 2.550774 -4.008596 1.352415 -4.750733 2.775215 -7.404180 1.286063 0.955931 4.573323 -5.080267 -5.178950 -7.063630 -0.000589 -2.163271 2.953913 4.762314 4.477597 
1449353467289361591.mp3 :-86.077438 68.108672 20.451436 28.667678 3.030696 8.134423 -4.300046 7.392818 -5.862946 4.330771 -6.469838 0.348498 -9.314052 0.164182 -6.853509 -0.559720 -4.845164 1.170946 -2.641120 1.656583 -9.871493 -4.902344 -7.907839 3.414566 -2.831051 3.471837 -3.265198 -4.313070 -9.448950 -0.790431 -3.818841 -0.998771 -7.868793 -2.293544 -1.730572 2.939524 -1.823447 3.104211 -3.085804 -2.077615 
1445698162853860234.mp3 :-111.866209 113.981809 -12.386682 18.961946 -0.429410 10.043899 7.171567 0.401097 -6.890007 3.886530 -3.010164 -4.000484 -6.456369 -3.769367 -6.299754 -3.290315 -9.944036 -2.233178 -8.887293 -5.655913 -9.358235 -5.493511 -11.426392 -3.093953 -8.819391 -2.661884 -4.904751 2.545239 -5.359994 -1.066763 -6.604185 1.949533 -3.140816 -1.150518 -5.446122 -1.677865 -4.770302 -3.167652 -2.294058 2.926896 
1440334028672157887.mp3 :-194.161332 205.911197 -40.503912 -2.622340 -0.800612 -14.372422 -0.711340 -10.073726 -18.428713 -8.168971 -8.226672 -11.783648 -8.269312 -11.901518 -9.385048 -6.860216 -6.055751 -2.688094 -5.635235 -5.764589 -0.763818 -3.271439 -7.299727 -3.392943 -1.955920 -1.481005 1.246735 -2.404279 -6.362101 -4.419744 -3.431281 -2.804688 -1.176645 -2.715677 -4.848169 -4.198309 -1.357140 1.954684 2.622287 -0.549549 
1453284704625049738.mp3 :-83.250668 98.602865 4.446426 20.831922 4.720173 6.633054 -4.855259 3.234024 -12.092192 4.636478 -6.745061 2.772442 -2.506638 0.386095 -2.247213 4.627590 -3.595899 0.899370 -3.857949 1.750858 -1.252518 2.033397 -1.575455 5.826678 0.349610 1.133904 -0.316619 1.444991 0.821605 3.796098 0.979369 2.960806 -2.320299 3.107558 -0.390500 1.536958 -2.213203 0.351257 -4.469258 -0.205738 
1429435382032135482.mp3 :-165.872240 91.536814 8.934611 23.174578 6.684035 -0.649809 2.987316 -0.179171 -5.525674 7.108858 -12.085773 1.772591 -8.199002 1.917439 -7.521407 -1.669106 -5.070836 0.878140 -5.069542 -3.041725 -9.715690 -2.749592 -3.627118 1.787875 -0.735057 1.633234 -9.467736 -1.545530 -1.032255 2.698672 -0.876696 0.246587 -6.159326 1.265700 -0.843943 5.033274 -0.140139 1.955061 -4.281344 -2.858114 
1458538751123552479.mp3 :-231.670489 81.489269 17.503053 28.018452 -0.849830 10.194106 2.790824 8.239503 -1.521387 5.172206 0.664392 7.677905 -1.380301 4.899240 0.441584 10.367051 -1.798164 9.558894 7.577805 8.263300 4.605946 2.034555 1.366756 3.409976 4.509799 2.013025 2.068238 -0.898530 -4.616459 -2.812305 -2.663094 3.761307 -6.697548 -0.396842 -3.919058 1.212213 -2.467050 1.214283 0.338626 3.224192 
1486072419763947982.mp3 :-57.143363 58.725567 11.755353 27.484665 1.735780 7.198139 -1.593477 7.299935 -0.963475 7.172075 -3.864109 1.483938 -7.106974 2.362287 -4.939073 3.633916 -1.424659 5.833954 -2.081013 -0.364560 -6.210327 -2.193190 -5.453097 0.163609 -3.672268 1.961534 -2.895579 2.884678 -3.505234 1.156096 -2.226621 4.142626 -2.097929 -0.214479 -2.959019 1.231662 -3.685032 -0.449510 -1.443738 1.467896 
1436731166273931320.mp3 :-163.800531 91.800664 15.440770 25.966454 2.874619 14.575057 -4.673729 5.967921 -13.311034 6.059275 -8.912392 3.114622 -3.923736 1.268419 -4.025932 -4.197883 -7.920094 -1.601330 -1.694272 0.101861 -1.571908 -2.353179 -0.565508 3.611297 0.700573 6.100557 0.355134 1.193969 0.505498 5.405413 -2.608816 -5.479816 -8.432573 0.889343 -0.385804 5.952560 2.275209 0.213302 -2.637682 2.807114 
1487009194717184114.mp3 :-94.419559 80.595342 0.259263 24.916240 1.909470 13.932765 -2.139017 7.721671 -2.135393 2.101917 0.365303 -0.693014 -3.984221 0.503245 -2.959904 4.148016 -2.209848 3.326115 -5.407196 0.233909 -0.945502 -0.176565 -3.814475 -0.379634 -4.643556 0.289962 -3.572259 0.153218 -4.418672 -1.328725 1.339457 3.576462 -3.428894 -2.343278 -5.711903 0.404936 -3.590559 2.511137 -2.408136 2.400725 
1434757528808415694.mp3 :-32.367764 75.747673 20.497269 21.029212 7.161705 19.882919 0.194685 5.103566 -1.598447 1.277089 -2.632547 1.800871 -5.142190 2.608847 -2.865611 2.240864 -3.724954 0.838717 -4.305545 0.645832 -4.913175 0.881003 -4.813180 2.232109 -0.999211 2.014194 -1.139208 3.408685 -4.024226 1.476715 -2.350756 0.769576 -3.597277 2.332569 -3.191482 2.056578 -0.876016 1.727657 -2.659334 1.805322 
1424414513965862256.mp3 :-172.333028 85.957855 7.488041 22.838211 2.178817 0.335674 5.024135 2.171719 -2.662799 7.709507 -10.529340 -1.439981 -7.907211 -1.591136 -5.136959 4.003119 -6.410134 -0.299694 -11.314321 1.800916 -1.454973 -0.095339 -7.730287 -4.074069 -9.217065 1.797838 -0.411922 3.848552 -1.717131 3.534643 6.887941 10.565478 -5.654983 -7.401343 -10.022642 -4.242305 -3.506728 1.524430 1.109011 2.925618 
146773377129785007.mp3 :-189.893939 96.681538 12.332405 16.635949 6.700626 3.763650 2.572005 4.887356 -4.454610 8.815989 -5.882695 1.452982 -5.780907 3.530646 -2.175808 1.604845 -3.012851 1.884503 -3.114328 6.557049 0.868954 4.471012 -0.923244 2.600356 -4.112971 3.643242 -2.535249 2.395193 -1.824830 7.702561 -1.091612 -0.774200 -6.031075 -1.834238 -4.055654 1.279559 -0.774013 1.617457 -0.428621 -1.375828 
143481650261641165.mp3 :-76.494781 92.944267 20.103086 24.284299 7.365546 10.455493 6.583241 3.072647 -5.620078 5.643717 -11.115979 -1.380450 -5.631759 0.140725 -3.034624 2.115637 -3.065714 2.497985 -7.759611 -5.196484 -5.540615 2.905799 -1.919621 1.230875 -3.571789 1.206995 -2.788223 2.863858 -1.450201 3.245765 0.540786 5.601951 -0.299080 0.690548 -4.366603 -2.470733 -5.944633 0.316365 -4.751074 -1.058098 
148871570076915063.mp3 :-152.122090 100.308942 3.167884 42.939191 1.596668 8.903018 13.263649 -4.598124 -1.438328 8.395112 -9.756085 4.363103 -2.231594 -2.028329 0.396095 2.764489 -1.363724 6.443938 -2.030728 -1.999882 -13.024385 -5.505015 -0.752487 2.739398 3.023215 1.889068 -8.607054 -1.285805 -6.189770 3.702854 -2.418875 -2.999463 -4.642011 3.110749 0.899692 4.087236 -1.462416 -0.121252 -5.602235 -4.907050 
1491394574753493615.mp3 :-82.255128 64.167714 23.330647 34.401414 9.758620 13.837161 1.913087 13.913512 -10.256206 2.719114 -2.376330 -1.046064 -4.017556 -5.131736 -3.462301 -0.453006 -8.550402 -3.530496 -3.861574 -1.052662 -4.587400 2.164124 -7.702034 -2.896481 -7.555058 -0.128474 -1.506166 5.146666 -2.568595 0.725474 -4.420628 0.087107 -2.736942 0.265630 -5.278865 -2.097493 -7.103201 -1.999260 -3.962403 1.063725 
1434646071614712077.mp3 :-88.614879 113.030478 5.469614 32.707668 2.429773 3.434148 -3.178726 10.722030 -7.487466 6.385947 -2.417928 0.410736 -0.016953 1.566653 -6.116645 2.369100 -2.972243 3.805582 1.862377 1.294984 -3.273138 4.019528 -1.106940 2.772392 -0.805962 2.893854 -3.073090 0.375037 -4.235844 -0.503007 -2.036106 1.380695 -3.056340 0.776693 -3.192722 0.856814 -1.229358 0.184068 -2.252581 0.574739 
1463683067351018579.mp3 :-119.402547 108.654206 15.964738 35.495607 3.755814 -1.665471 -5.658257 1.022621 -10.199855 2.732645 -1.243376 -0.295124 0.370544 -1.067085 -2.774836 -0.869685 -8.713655 3.010788 -4.492974 0.653166 -8.621133 -5.413242 -5.055885 2.547602 -3.098789 4.328682 -2.884259 -2.888153 -8.728180 -3.753953 -8.497996 -1.037768 -1.284195 2.162269 -1.693807 0.070666 -4.118735 -0.067681 -5.017966 -0.432590 
1489197831830498263.mp3 :-114.918468 90.473272 24.717674 23.061192 1.678466 -2.115973 -1.049332 8.364940 -4.026777 9.823319 -7.520389 -1.655729 -8.863729 -1.068765 -8.892313 -1.241269 -5.429350 0.585773 -0.515731 3.743752 1.016883 2.493595 -1.428727 -1.022964 -7.104332 1.758018 -1.620357 3.872640 2.019252 1.799201 -4.517316 0.931105 -1.890412 0.048626 -5.326739 -0.075905 -3.739599 0.872041 -3.582139 2.018618 
143849066625454714.mp3 :-315.426803 154.251436 11.205516 15.932022 4.552177 1.604061 -4.311399 -4.081960 -6.246110 -3.234229 -8.837387 -7.066479 -7.568583 -2.888007 -4.660443 -1.396272 -3.978815 -0.323927 0.109774 2.730008 4.334903 4.205860 -1.108529 -4.357088 -4.057627 0.313809 3.257202 3.950101 -1.215365 -3.638644 -1.625290 4.910741 3.873745 1.329932 -2.990454 -3.057605 -3.519214 -1.738295 -0.397815 2.765036 
1476623285027855754.mp3 :-178.338462 120.133707 17.101431 34.159841 8.513524 9.691807 1.378799 5.578848 -7.368546 1.410983 -4.482088 -0.573881 -6.206938 -4.013972 -8.990611 -2.023998 -5.777539 -0.987887 -4.982213 -2.868827 -5.223054 0.445980 -5.145854 -0.852873 -6.694230 -2.886107 -6.341265 -0.837534 -4.701305 2.363581 -4.854539 0.010939 -3.770822 1.042441 -2.220283 -0.661950 -3.623522 0.020532 -1.339516 1.024787 
1421482707494693494.mp3 :-130.918867 100.399359 17.717878 19.294367 14.465287 3.091420 0.508288 7.741816 -6.736579 7.125426 -3.262740 5.655788 -0.087239 0.526479 -1.501362 2.261685 -6.385979 0.512061 -2.023033 1.152457 -0.849044 0.755631 -3.611293 2.270530 -4.467504 1.281788 -4.150765 -0.311230 -2.975094 4.843272 -0.240007 -0.037228 -4.901565 -2.098789 -2.815600 1.859530 -3.254818 1.367120 -3.554021 -0.805925 
1422623185797076641.mp3 :-88.268443 81.187458 14.562350 9.730634 0.704864 22.444965 7.214952 6.797210 6.681200 8.312534 -0.665178 7.681044 -1.713919 3.829323 -1.275831 5.013513 -1.996751 2.037908 -2.422234 2.625000 1.081077 2.258887 -6.609283 -1.193722 -2.357959 0.483664 -4.591501 2.954819 -1.271766 5.041490 -8.232373 -4.859413 -5.233765 2.021222 -1.842989 1.370334 -2.833144 0.614093 -3.721114 -0.218204 
1454644248925516377.mp3 :-44.755316 63.441615 13.806531 18.446545 5.508064 10.813277 2.015424 4.451212 -2.135167 7.828778 -1.931531 6.687073 -2.926225 4.026331 -1.604245 4.989335 -2.525938 5.532603 0.911925 6.104314 -1.702480 2.965655 -2.634782 3.025784 -1.912092 2.309748 -3.346375 1.404825 -3.040708 0.783828 -3.017147 1.856040 -2.951235 0.441722 -2.116129 2.946158 -1.377665 0.819118 -3.969360 -0.081700 
1447085156548471821.mp3 :-159.650062 111.804489 -11.231851 27.626995 7.677801 6.555945 2.004287 11.961586 -6.088422 4.978335 1.712397 -1.610911 0.543839 0.803727 -3.726914 0.685001 -1.381743 0.342442 -3.731000 -2.639341 -2.585769 4.527510 -2.159603 1.183826 -2.839050 1.219463 -3.794308 -1.322549 -5.194901 2.566333 0.902769 1.631068 -4.825769 -2.975156 -4.383889 0.172177 -5.325530 -1.861849 -2.992459 1.657712 
1456730139547316612.mp3 :-78.410200 69.151505 22.862915 35.470708 7.335000 8.264850 3.509662 1.585601 -7.745778 -1.723942 -11.773299 -1.410895 -7.743060 0.133433 -7.143219 0.587003 -0.873890 3.144821 -4.317708 -1.934009 -9.546559 -1.153354 0.435902 2.692610 0.733800 3.125190 -8.295442 -0.833174 -5.776922 2.418583 1.138339 -1.853540 -5.423741 1.414957 -0.226048 6.397062 -0.030058 2.672879 -6.020622 -5.188973 
1474995847221276625.mp3 :-130.718974 106.013221 7.832494 17.897722 -11.084611 2.031117 13.933456 -4.023099 -7.669296 6.499581 -15.866289 3.704172 -6.640202 -0.744072 -0.424585 1.579825 -8.722051 0.627969 -4.403687 3.890343 1.384778 3.081195 -4.249803 -0.314844 -6.135148 -0.449534 -2.066618 3.430229 1.900622 -0.520675 -4.297639 1.594843 0.724592 0.766113 -4.466349 -2.954698 -5.193061 -1.263254 -6.555279 1.072104 
1486762946739897544.mp3 :-95.039872 86.310539 8.202591 24.627821 1.337753 9.390011 -6.015797 4.054774 -9.659155 2.995460 -3.687908 -1.369648 0.669458 0.119210 -3.954947 1.409042 -5.973647 -0.857194 -3.370631 -1.908360 -6.126658 -1.325640 -4.193938 0.472490 -3.126661 2.389217 -0.957891 4.825908 -0.773352 1.474115 -6.666127 -2.981043 -3.356549 3.078180 -3.382424 -0.500554 -6.558924 -2.762647 -5.213030 -1.406290 
1459764747403944631.mp3 :-238.841573 118.002909 16.384634 32.320088 12.940639 0.285144 -2.060128 -4.123958 -3.805155 -2.033002 -11.855810 -0.427732 -11.721560 -3.850130 -5.349036 1.156790 -5.799903 1.445236 -1.526696 -1.806309 -14.985715 -6.251416 -1.464269 3.218386 -5.248813 -0.360705 -1.926971 -1.059388 -0.487455 2.779963 -2.534268 -0.251299 -0.384921 6.066724 -0.325308 1.862663 -3.034116 1.701716 -4.582024 -1.898997 
1480495761510013642.mp3 :-55.038277 90.032254 -9.043986 27.184334 11.333287 7.780981 2.103675 9.453502 -10.325362 7.904746 -1.791287 0.300538 -0.095732 -2.256013 -1.580069 -0.220871 -5.756856 -1.858290 -1.781649 0.385572 -2.586611 -0.589525 -5.237755 1.028331 -4.989984 0.240531 -5.653777 2.767052 -3.399907 3.620339 -7.321378 -3.040247 -4.253393 2.965023 -0.811974 2.488637 -2.641908 -0.599902 -4.581043 -1.897995 
1482856811011651095.mp3 :-205.098105 134.070695 2.208630 23.867601 -3.914462 -7.838582 -15.456605 -13.103343 -16.529575 -8.344352 -14.834428 -6.903976 -8.516935 -7.112875 -2.582702 0.724454 -5.141024 -4.660159 -7.211526 -3.945996 -6.268780 -7.988870 -8.943651 -3.754003 -4.772858 0.211052 -1.022806 2.321637 0.769333 -1.132667 -5.930289 -2.892074 -0.059806 0.671422 -4.494605 -2.697813 -4.560198 -1.407200 -2.412653 -0.918364 
1453929514833335628.mp3 :-91.300354 94.457965 30.218896 29.898275 11.618820 7.399252 -5.590453 2.455914 -9.026755 -0.898902 -9.959051 0.771277 -8.261197 -0.849704 -8.456760 -2.955466 -4.065779 2.705736 -9.368135 0.008613 -5.746525 -1.225002 0.567264 1.206039 -1.722974 1.361981 -5.203956 -1.335818 -4.177903 2.947755 1.486682 3.391466 -2.524290 -0.064089 -3.541624 0.865977 -3.274422 0.209087 -4.554011 0.540503 
1454395368920405368.mp3 :-85.112000 92.272154 15.770992 24.258383 12.416770 3.180078 7.453308 13.586691 -11.573658 8.529356 -1.050015 3.105212 -0.524814 7.064261 -0.441664 4.421091 1.178399 3.262176 -0.666267 3.324956 -3.505995 0.991150 -0.911907 4.026424 -1.639348 4.263409 -5.906106 -0.083330 -1.136689 4.409084 -1.258325 -2.943841 -6.264733 0.539027 0.289238 6.178914 0.689100 0.923345 -7.988340 -3.352009 
1454552190381082649.mp3 :-121.642377 115.259769 2.190568 42.483725 11.031242 5.866921 -2.921512 8.514835 -10.876845 7.181762 -3.002259 0.546765 0.444874 -3.150122 -3.534102 -0.294228 -6.125480 -2.768901 -3.728109 -2.869536 -8.129586 1.450701 -4.674520 -1.481055 -4.276077 -2.321594 -4.051213 2.289062 -6.384746 -1.514959 -2.205902 2.873062 -2.941229 -3.146168 -6.634960 -4.300573 -5.616225 -0.406146 -2.177033 1.399354 
1461483030038067239.mp3 :-200.145131 121.928305 6.747141 10.672133 0.397200 0.527610 -7.745931 -1.797202 -13.373438 -6.795501 -7.398963 -3.424579 -7.287720 -2.749159 0.796146 1.002186 -6.311390 0.353651 -4.433266 -5.282172 -7.427100 -1.884374 -4.316576 -0.900349 -1.562109 0.307499 -5.085267 -3.255949 -4.260200 3.484826 0.523349 0.201602 -4.923062 -0.769992 -1.327666 1.973572 -1.081842 0.721406 -3.383263 -5.890057 
1444953831486633265.mp3 :-119.834260 95.082068 -4.392597 55.951765 -2.575526 26.213285 -2.513834 9.322158 -6.118046 10.114206 -2.456319 6.783501 0.435454 4.582523 0.660935 0.724772 -2.242969 0.589402 -2.737930 -1.556936 -6.074626 -2.731534 -3.228732 0.283384 -0.848192 0.889284 -4.568425 4.994116 -4.116873 -1.113253 -6.043097 0.481824 2.074112 1.410705 -2.190365 -0.421282 -3.368512 0.259684 -3.396350 -0.327848 
142501654686494083.mp3 :-123.204642 96.867935 9.130515 23.507888 6.599271 4.248049 1.820776 6.625409 -8.663602 6.883055 -10.225222 -2.874829 -9.516225 7.632999 -4.563446 1.185462 -3.220562 1.773246 -4.612361 -0.162913 1.893525 3.881586 -3.326879 -6.232204 -5.376741 0.115270 -0.743934 7.259998 4.724289 3.414962 -3.770743 0.419404 -5.702693 -3.175474 -5.973914 -4.402853 -6.319265 -2.491844 -2.758594 2.178685 
1489412062312092579.mp3 :-156.713859 72.495151 -3.604323 30.320669 4.134301 18.484244 1.280607 7.489037 -7.430747 10.390516 -3.050590 3.373001 -4.552044 1.586852 -4.209027 1.446542 -3.704513 1.731220 -6.170576 0.765109 -6.293941 2.220167 -4.222701 2.965165 -5.123764 0.075186 -4.935946 1.845286 -0.886173 2.537522 -2.608554 3.618548 2.268111 4.028714 -1.863334 -0.552688 -5.387737 -3.299997 -7.157318 -1.507873 
1465842537789483129.mp3 :-211.795646 111.938548 5.508714 18.321753 -3.257053 5.316564 9.796783 -5.282654 -9.336222 -2.992177 -14.974646 -3.405910 -6.339408 -5.294507 -6.539420 1.096462 -5.194144 3.503179 -4.089224 1.235956 -1.056464 -0.343502 -5.860621 -6.267546 -8.897055 -1.047524 -2.188121 4.258423 1.756115 1.705759 -5.861739 -2.025496 -1.387734 0.806596 -1.861865 -1.056236 -3.162322 -2.362192 -6.185160 1.047864 
1439330653591131505.mp3 :-125.865574 110.026313 9.556602 31.630075 1.881403 9.516341 0.928807 4.470607 -3.032073 6.681538 -7.241528 0.032365 -5.809492 -1.103305 -2.314258 3.925807 1.452005 4.737196 3.393655 5.616811 2.604004 11.093468 8.218912 7.451349 -5.543686 -3.241068 -8.275648 0.592856 0.262340 2.790958 -1.097041 0.878370 -3.186974 0.723431 -3.634461 -2.951123 -5.599442 -0.531959 -5.446221 -2.458862 
1448931618498867316.mp3 :-174.919192 103.357153 14.480599 36.002663 6.796233 10.046561 0.582676 6.742378 -2.409768 7.770282 -2.884136 5.431583 1.847106 -0.839881 -2.115999 2.777225 -3.887168 4.635680 -2.358412 0.751984 -2.905799 -1.765051 0.639370 2.333367 0.152066 -0.295933 -2.601625 -3.511631 -6.340373 2.280111 -1.278952 3.196953 -3.469626 2.322595 -2.040119 1.862574 -1.265874 -1.089952 -2.773185 3.115225 
143728645650104671.mp3 :-200.104746 104.010439 14.596478 31.927880 5.498446 10.380303 -2.960363 6.907557 -9.151906 -2.323839 -4.777587 -4.103173 -3.775977 0.078785 -1.519020 1.108968 -6.096415 1.222517 -3.826250 -1.347796 -6.552965 -0.898433 -6.077469 1.992869 -1.412925 0.851946 -4.552614 0.988110 -2.253853 0.015901 -4.728951 -1.716814 0.229369 3.855754 -0.828123 2.470845 -1.381349 -1.765952 -5.354549 -2.591231 
