7050307471119028853.mp3 :-136.744688 114.195247 28.832655 37.122111 10.881828 7.175794 2.527171 7.774855 -10.536023 2.090527 -5.717492 -2.326380 -4.716876 -2.219472 -6.124607 1.246650 -8.898938 -2.786586 -5.549147 -6.869623 -2.621046 1.599743 -5.996350 -4.151110 -6.383808 -0.813021 -1.992216 3.899599 -1.325870 -2.038498 -5.037446 2.161153 -1.156505 -0.333685 -6.945862 -3.513507 -8.272616 -2.364615 -3.978855 1.835377 
7089879322638629516.mp3 :-70.303256 79.227054 2.512763 22.108146 -1.417409 8.039991 -3.610862 1.145246 -6.752207 2.489062 -3.759165 1.382702 -2.777190 3.151737 -4.838752 -1.601133 -6.680751 0.360774 -4.511826 -2.169781 -4.478265 0.641861 -3.812112 3.584818 -2.219736 2.320403 -1.579948 2.535431 -4.098101 3.082069 -1.851115 -0.365539 -5.435869 0.454464 -2.307247 1.971883 -1.225352 1.362145 -3.621833 -0.782686 
7107884142147438690.mp3 :-100.847457 85.258769 -1.793918 28.926296 6.198652 4.755783 -1.212118 3.179003 -5.084438 1.323172 -2.317455 -0.080302 -6.324991 1.771919 -6.064524 1.569670 -8.655091 3.308751 -8.473580 -2.190619 -2.823890 -1.804291 -6.001915 0.969728 -7.243203 -1.319716 -3.200306 3.325510 -1.432924 1.952460 -6.183757 -2.741512 -2.864527 2.464624 -1.827955 -0.088098 -5.401196 -2.493185 -5.110494 1.169265 
7132430185016053991.mp3 :-140.401912 93.968560 3.929439 27.561061 3.300549 11.513333 -1.431722 8.695256 -7.804241 4.559826 2.995787 -3.225725 -3.166537 -0.000458 -4.626582 2.858677 -8.679561 -0.114729 -2.329014 -0.321632 -6.593849 -3.654989 -11.000926 -1.428765 -4.325494 1.375330 -4.164179 3.761796 -4.552073 -5.120820 -5.418760 0.996045 -0.953106 0.354880 -4.750570 -1.235294 -1.911952 1.115253 -3.091915 0.333897 
7072529409425864663.mp3 :-130.492475 110.597237 13.873130 14.919960 8.437034 3.318136 2.511239 10.023687 -8.102080 3.700975 2.016691 1.270105 -4.045944 1.049260 -4.588552 -0.268447 -5.164224 0.230766 -5.037408 0.208073 0.011676 3.155897 2.569748 4.866047 -3.242088 1.693862 -5.494366 3.368305 -3.483097 -3.073015 -5.068375 2.790020 3.088045 4.437164 -1.639231 -0.115095 -3.039775 1.349100 -3.050124 -0.773263 
710533623823967543.mp3 :-132.406617 94.732895 9.785959 32.683281 2.066120 14.300900 -5.347491 6.961757 -3.948106 2.084939 -4.535443 3.914028 -4.186689 2.695068 -5.291867 -0.269520 -2.017271 -2.296382 -6.799540 -1.309791 -2.969282 5.503863 -1.789499 1.169555 -3.465366 1.734918 -2.421936 1.632737 0.190500 3.696008 -3.208342 -0.409417 -4.944344 2.126934 -3.415995 -0.273150 -4.834638 -1.301004 -5.524441 -2.293395 
7070320302771410885.mp3 :-80.348502 83.168334 23.368119 30.723542 8.136927 11.025234 5.091499 2.123241 -0.849122 6.396429 -6.823208 -0.386443 -3.883827 1.323481 -4.615977 -2.284846 -5.280294 1.345826 -5.807073 5.040591 -0.140305 4.071373 -2.327713 0.477006 -3.152878 3.752437 -2.803361 5.145436 0.326010 2.412018 -2.346314 -0.041692 -4.501286 -0.595962 -4.619909 2.795955 -1.273650 3.007885 -3.212529 3.199415 
7106358842010623675.mp3 :-102.935939 122.605725 -10.855923 24.128798 -0.776415 4.494721 0.376445 -0.231781 -6.929978 2.067372 -12.403113 -1.980771 -7.346676 -1.031368 -8.672922 1.132764 -4.669119 3.187798 -2.768823 4.436680 -5.887001 -5.370725 -2.284598 2.461384 -1.305869 4.455899 -6.413965 3.017383 2.641678 2.353025 -8.213203 -5.923332 -3.536428 4.246560 0.506408 1.150055 -2.942246 -2.158836 -2.978252 -3.745957 
713840667513015835.mp3 :-120.914851 104.377586 11.325046 24.459828 6.736213 6.913906 -4.686425 10.653370 -12.794249 0.385428 -0.574778 -4.726071 1.293868 -1.279137 -1.951452 1.512903 -9.191222 -1.529556 -7.559653 -2.741469 -5.541665 2.877531 -1.797616 4.698948 -5.797864 2.326032 -3.987039 2.743039 0.814709 1.624735 -4.476009 0.614944 -2.100567 3.125971 -3.658619 -2.035951 -6.524229 0.400994 -5.094414 -3.291697 
7114147783828191405.mp3 :-141.983802 138.941293 -3.977507 23.464401 7.382012 -19.170422 -12.748786 -8.279300 -27.506761 -5.910616 -0.775465 -5.381681 -0.491698 -0.183175 -10.440090 -0.383874 0.938992 -4.524014 -1.865617 1.967175 -2.129175 -2.364378 -3.774674 -6.272071 -6.611702 -3.676340 -7.534911 0.462919 -1.520839 1.178372 -3.465223 -2.066378 -5.357876 -1.202199 -2.481389 0.898149 -3.186863 -0.083349 -4.561795 -0.247858 
7132887463999922502.mp3 :-139.674492 103.146222 2.686923 15.358069 6.422672 14.139328 -1.689467 0.973545 -4.503856 -2.956606 4.753701 -0.125684 -4.979158 0.155989 -6.766319 -5.754741 -7.876316 -0.717706 -11.108187 7.052104 -4.077498 -0.022596 -2.349428 0.707329 -0.174407 4.791279 -0.871640 2.002158 -1.196955 2.644057 -2.811358 -5.172830 -9.948729 -3.760543 -6.608917 1.232308 -1.201487 -0.595650 -2.204417 -0.530677 
7089540412754701980.mp3 :-102.307463 75.341626 9.703980 23.984489 9.265488 20.612252 10.005243 6.093304 1.776258 5.809456 -1.112236 3.841966 -3.266816 2.472153 -3.765030 3.933160 -2.157135 4.543568 -1.797797 2.793549 1.405269 5.086504 -1.362243 1.916698 -3.325284 -0.021350 -4.437827 2.410933 -2.592191 -1.832145 -2.433759 3.929469 0.348491 -0.099745 -3.596750 -0.825780 -3.744211 0.829098 -3.664478 1.612302 
705847797893948364.mp3 :-94.398168 71.080315 5.143814 23.026048 -8.101518 13.664938 -4.849811 6.861885 -4.112254 -0.293575 -6.219132 0.810037 -3.212868 -0.700665 0.295291 1.795072 1.317353 0.827695 -4.056302 2.894562 2.458254 3.944575 -5.336177 -0.837459 -7.133310 -0.041755 -3.876974 -0.407248 -4.698401 3.545267 0.914156 0.181360 -9.024436 -5.602106 -6.670914 -3.326530 -3.725659 0.612145 -1.218558 0.688620 
7120255840829532478.mp3 :-78.527485 75.511188 18.625523 24.930736 4.755943 15.291899 8.697733 8.753748 0.580381 13.636515 -3.445867 7.144610 -4.989036 4.122835 -4.299242 3.060719 -3.574034 2.130599 -5.908764 2.905574 -0.337661 6.428023 0.087423 3.297797 -3.839744 1.708962 -3.074821 4.040364 1.725888 -0.206021 -4.457741 1.091750 -3.925280 1.752454 -4.061840 -0.141223 -4.274659 -0.453066 -4.781152 0.921665 
7062784512593905714.mp3 :-153.426655 74.385502 13.446015 28.461522 16.680304 14.612485 -4.496248 0.626983 -6.386058 2.776175 -5.213368 2.229667 -4.928179 7.748375 -2.101665 4.025427 -1.002513 0.621175 -3.184136 4.675748 -0.226468 -0.763972 -9.210309 -0.276297 -2.996829 0.369813 -2.347421 7.178626 -2.642084 -4.171627 -5.551162 0.212027 -1.882528 -1.849493 -8.216521 -4.556411 -5.517669 0.693709 -1.381716 2.434187 
710339554062091925.mp3 :-72.415238 81.936982 27.729707 27.517976 9.615398 4.385149 6.991997 3.999609 -1.800189 3.701884 -8.323045 7.461801 -3.154605 3.247995 -4.429798 -1.291609 -7.705696 2.799215 -6.856452 6.012906 0.831718 7.796909 -2.276726 -0.633928 -5.412872 0.430770 -7.076730 3.583947 2.189574 2.404166 -7.359228 -4.380493 -6.486949 0.745117 -2.175668 -0.471804 -5.431109 1.044451 -3.590767 -2.475578 
7105321262941030948.mp3 :-191.300926 97.740823 -13.727640 31.375842 -5.551108 5.706185 6.992963 1.634865 -3.600555 3.859420 -10.034901 0.725634 -4.022219 4.046973 -0.482173 -0.392822 -4.337245 1.684245 -0.316410 7.564986 -1.886890 0.134447 -6.249815 -4.208931 0.340823 4.111388 -0.417226 0.019147 -5.900331 -2.528016 -0.063004 -0.932917 -7.591132 -6.905350 -5.951772 -0.980410 -1.899252 3.220153 0.875964 -1.983147 
7113336458711041113.mp3 :-111.621911 93.273093 14.999785 24.663129 0.378520 4.310406 3.602708 3.486267 -4.343543 7.611717 -10.301691 0.831432 -7.019667 -2.771192 -6.071243 5.369499 -2.474438 9.896987 3.800900 4.897520 -3.783654 -4.400091 -7.533334 1.053001 -1.012555 7.474038 1.165911 1.966040 -6.226043 -0.297000 -2.886742 -0.634405 -2.773413 0.361272 -1.210503 4.424795 -1.709621 4.092887 1.442923 0.206143 
7115928578402348491.mp3 :-108.063729 77.764685 25.222535 33.556712 9.466537 13.999305 3.707166 8.942264 -5.790377 -1.300479 -2.685131 1.792658 -5.768554 0.348794 -0.742184 2.073148 -8.726058 1.665312 -6.713645 -2.991212 -7.453167 -0.941793 -9.141888 -4.364460 -7.586449 -2.295557 -6.722307 2.896837 -2.916678 -1.908394 -2.579852 2.842837 -1.218972 2.003312 -2.859323 -1.550487 -5.303268 -0.609600 -5.433673 1.045064 
7067060189980935334.mp3 :-101.326093 88.299459 7.702075 29.229196 -7.884197 7.269188 1.869432 -2.857638 0.905740 0.910334 -7.596943 0.671385 -7.633854 3.604906 -7.845429 0.144537 -3.752013 -0.346468 -4.214361 0.175597 -7.309422 3.250400 -2.207251 1.076884 -1.572566 0.163603 -5.925523 2.509015 -3.274581 5.136582 -5.106443 -2.428882 -3.382712 2.555774 -2.253057 0.066160 -3.027585 -0.665723 -4.523797 0.752713 
7134821509797501257.mp3 :-213.918006 98.323232 2.161275 31.571901 -0.612144 4.628636 -5.068780 2.280922 -9.369148 3.158698 -7.829532 2.326982 -2.928584 1.746262 -1.657125 0.570893 -4.602859 -1.704517 -4.927796 0.433633 -1.052030 1.733352 -4.527341 1.958042 0.852992 5.499125 1.408734 3.514361 0.131785 6.501410 -2.390225 -4.680108 -5.230817 -2.256596 -2.591681 -0.647793 -1.030743 -3.016494 -4.063429 1.383126 
7077429201061651588.mp3 :-117.447590 105.904807 18.139316 28.940465 3.710791 5.622932 3.675763 -1.235724 -5.210785 1.814567 -7.116595 -0.164854 -3.053306 0.383990 -5.629335 -1.812611 -7.840717 -1.354423 -6.219458 1.934132 -2.244618 1.391852 -4.846847 -0.895173 -2.538239 3.401238 -1.806160 6.348539 -0.928926 0.549911 -3.225932 0.338428 -4.692776 -1.869776 -7.405671 -2.315740 -6.436074 -0.061272 -2.178522 1.931209 
7060299864543845897.mp3 :-214.357842 123.229096 -4.788756 23.720491 16.326912 3.540984 2.440003 6.885732 1.632715 0.941644 -7.335429 -1.307308 -5.303959 -0.162211 -5.931199 -1.656950 -5.990823 -0.656823 -2.545644 4.282817 -0.299119 -0.399850 -4.736027 0.526066 -2.116718 1.501652 -2.918590 2.577049 -3.973837 -5.467883 -9.248732 -0.020306 -1.697948 -1.218597 -5.609806 -2.320199 -5.559564 -2.826532 -2.360637 1.846413 
7087352194068651918.mp3 :-143.282020 69.647023 16.946185 40.833981 13.480104 15.136144 7.712110 12.925614 -6.232422 8.808162 -3.925701 2.562497 -3.799021 0.673036 -5.312057 2.932755 -7.255864 -4.597616 -4.637950 0.631335 -2.191937 1.277751 -4.986947 -1.455493 -4.236991 0.618794 -3.427645 3.936968 -0.976583 -1.935376 -4.378543 1.568397 0.248523 1.770232 -3.589223 -2.901136 -4.601152 0.803310 0.670838 0.754713 
7128175825208081187.mp3 :-83.619041 95.140553 2.848112 38.604116 14.607813 9.939729 -5.820980 3.217642 -6.088928 3.050514 -0.795091 2.004998 -4.125238 4.328052 -2.768735 4.466411 0.836026 3.254048 1.051184 1.839903 -4.319463 3.568014 -3.413699 1.659512 -2.787661 0.443235 -3.996898 2.783972 -3.957556 -0.018784 -0.600674 0.779438 -2.656724 1.041266 -3.494149 0.452171 -2.904404 1.415064 -5.033022 -0.164762 
7144937246671289278.mp3 :-138.429649 127.792986 14.733832 30.150068 7.352547 14.157402 -1.431219 5.184761 -8.942205 2.510142 -5.175501 -1.617560 -8.695005 -2.787648 -7.599755 0.400727 -7.486872 0.146020 -4.817230 -1.175632 -3.795889 -2.260275 -4.499683 2.170571 -4.493326 -2.560644 -5.312106 -2.319109 -3.487249 2.523893 -3.632181 -2.906500 -3.101807 3.548948 -0.256783 2.429419 -2.528318 0.423559 -4.360924 -2.402167 
7088515566533301167.mp3 :-175.627934 121.950017 -20.853013 5.337012 -4.463435 4.734327 1.665161 -3.286097 -8.832399 6.486238 -7.150844 -2.448903 -9.053130 -3.751886 -1.952810 -1.026618 -5.983018 -2.947300 -3.679016 -1.319651 -1.883977 5.502876 0.230699 -1.982326 -9.731079 -1.836978 -1.956913 -2.719276 -5.752898 -3.455868 -3.097635 1.609260 -2.821714 -5.229512 -6.700473 -4.899890 -7.020900 -1.619117 -3.453729 -1.218507 
7051952775317300489.mp3 :-133.970654 79.835187 20.926171 20.839155 3.905098 4.404877 6.775710 -3.954673 -2.252272 1.977232 -12.946659 -1.786124 -7.923459 0.852503 -1.954623 -0.683487 -6.530828 -1.303297 -8.883151 -0.491731 -5.577541 -0.871739 -0.132258 -0.058162 -6.087576 3.103651 -1.507403 3.757764 -5.428303 -2.311134 1.753705 7.809874 -1.205912 -2.385780 -8.028631 -1.538461 -6.299002 2.532206 -0.791309 -0.464772 
7058368502825496726.mp3 :-31.437528 73.654977 1.591116 12.094944 7.282597 15.594012 2.500637 9.612617 -6.672986 5.611794 -0.779907 2.324323 0.526246 1.138765 -2.661746 0.246093 -2.814984 -1.610379 -3.363163 0.436400 -5.895220 1.153612 -3.509004 3.251138 -1.440755 2.723124 -3.687890 0.921317 -6.440685 -1.377953 -2.745356 2.417194 -2.495894 1.330609 -3.530744 0.875645 -3.303231 2.056466 -3.648924 -1.284380 
7050660837345256533.mp3 :-130.760764 62.174351 7.025526 31.069462 7.321727 13.712364 8.100395 8.592728 -0.116784 6.169670 -3.528032 5.258389 -4.499227 4.477673 -0.936381 3.349036 -2.578496 1.127252 -5.847022 0.124364 -6.462943 -1.039178 -4.193228 -0.511315 -6.834487 0.672726 -4.650509 4.610578 -0.405874 -0.163762 -5.386172 4.099987 0.950334 3.911874 -3.256888 -0.346968 -6.009832 -1.932056 -4.118289 0.396457 
7084292255114434648.mp3 :-170.914698 97.595491 11.431985 30.534780 1.118577 4.834720 -0.985072 1.396872 -12.479630 4.597370 -9.189729 0.498693 -1.955967 -1.967401 -3.839622 0.852135 -3.627008 -0.012195 -6.433992 -3.517872 -8.893294 -3.298818 -5.050100 5.411500 -4.306517 0.239063 -3.465175 -3.242605 -5.593552 1.593883 -2.259859 0.795223 -2.334400 4.220883 0.173582 4.983866 0.138419 1.817918 -4.899452 -5.021299 
7063746849799794412.mp3 :-116.355187 104.249088 5.885517 20.326789 -2.614350 9.152219 -2.734951 8.043467 -10.272527 2.467091 -5.896137 1.362371 -2.834404 1.682861 -4.721851 0.164164 -5.587965 -2.256183 -5.706701 -2.843021 -2.567713 0.671759 -4.767546 -1.240303 -6.517477 0.389252 -4.512381 2.767941 -1.356067 3.512420 -4.311053 -1.849106 -2.766977 1.264294 -3.423032 1.016585 -4.109832 -3.198671 -4.744761 0.664264 
7114092108419570470.mp3 :-239.499181 193.376049 -56.974215 -15.044765 -15.563490 -16.216628 -16.446599 -22.463773 -11.319991 -19.830201 -16.931885 -15.157324 -14.839237 -8.905738 -5.644927 -2.385237 -2.514544 -0.939794 -3.313922 -5.132001 -3.418363 -5.426852 -6.292194 -5.975170 -3.195867 -0.260506 -2.076649 -2.892809 -2.770214 -2.022443 0.568770 0.510160 -2.660352 -4.145514 -0.749213 1.140859 0.863190 1.292923 -0.943985 0.712821 
7143259939210234182.mp3 :-196.976152 103.332808 26.443418 35.423930 11.200863 6.677929 8.932489 1.661577 -4.173148 4.191681 -6.723589 -2.956847 -6.956469 -1.461367 -3.415316 0.776180 -3.532478 0.377971 -4.724174 0.848376 -4.349067 1.462487 0.617075 5.431420 -3.340359 1.596832 -6.311455 -0.600490 -1.079267 -1.828741 -4.496324 -1.161857 -2.368012 1.901243 -1.877142 0.109217 -6.148214 -1.709733 -6.212259 -2.175520 
7061151960892477271.mp3 :-118.897713 99.214059 6.595355 27.694649 9.084746 2.824697 9.002456 4.074198 -5.670411 11.846123 -3.549708 2.813404 1.615086 6.355387 -1.886483 5.619254 -0.823983 2.759299 -0.245632 3.141189 -4.483623 -1.750114 -2.477301 4.511128 0.404311 5.599503 -0.886537 1.844823 1.918905 7.878543 -4.551003 -4.514726 -3.467787 5.452266 3.476320 5.758000 0.771497 -0.352255 -5.773057 0.313362 
7141141697221009468.mp3 :-69.670296 81.089456 -0.883341 34.157060 3.906502 18.057312 -0.664632 9.170557 -0.585609 5.434334 -0.218250 2.642787 -2.986998 2.753904 2.090835 7.703587 0.750629 6.611149 -1.671192 3.309658 -2.246818 3.173429 -0.342612 6.210800 -1.398903 2.570670 -5.781139 0.941871 -0.230865 3.311925 -4.779620 -0.419824 -0.460024 5.741485 -0.014907 4.067939 -1.432428 1.088969 -4.537505 0.109011 
7066185621779374019.mp3 :-102.041562 94.684791 9.498732 27.486674 0.159871 2.373334 -2.593168 8.647258 -13.351274 -3.119009 3.045515 0.205188 -7.013230 -0.990136 -9.850732 -2.828343 -5.369098 -5.225997 -6.237557 4.425275 -7.130573 -3.185185 -6.733351 -3.514979 -7.864762 -0.111744 -8.385795 0.400723 -8.460236 -5.111661 0.773180 3.662728 -8.086714 -3.934343 -6.461538 -3.492757 -4.803391 1.377911 -0.032438 5.343364 
7072861735919550090.mp3 :-48.765763 64.000805 2.495298 24.167670 4.159681 16.152501 2.414039 6.502041 -3.845639 2.494078 -1.715016 2.545850 -2.098885 1.794059 -1.671608 6.848778 -2.794376 2.535954 -6.517346 -1.987506 -3.553643 2.279890 -4.211382 0.633427 -4.424298 1.061398 -0.855480 2.745359 -2.244825 1.825168 1.311481 6.438203 0.460812 1.210812 -1.713932 0.023926 -5.208519 0.642532 -2.104888 1.379707 
7050073893659746005.mp3 :-121.198542 82.828104 -9.732833 34.979857 14.627775 8.182253 4.498372 10.134558 -3.900233 5.927505 0.723151 5.452756 0.300086 3.041386 0.947721 6.072752 -6.994188 3.897310 0.854408 -1.065948 -6.041867 -0.114214 -3.352392 2.735829 1.952371 4.409024 1.157317 4.317172 -0.223712 2.446597 -6.007299 -1.397271 -1.721010 2.420838 -0.159513 1.808194 -0.381623 0.791066 -1.886895 0.725183 
7103985055195921241.mp3 :-72.977546 59.549717 5.947577 17.070547 2.457087 7.602381 -4.400662 2.914003 -3.666471 4.686539 -2.444409 1.982955 -1.374044 3.377116 -2.222028 2.520624 -5.139715 2.472579 -4.341639 2.990711 -2.940939 3.847526 -1.783414 3.838732 -0.522651 3.111886 -0.212713 3.000494 -1.749675 1.826878 -1.522301 1.570442 -2.911573 -0.020091 -3.693535 0.269057 -2.085460 2.154980 -1.550274 1.489234 
711144885047220083.mp3 :-215.125879 67.145703 -26.515344 20.943443 -15.298523 -6.718755 -4.205133 -8.782495 -4.393118 1.863011 -11.149364 -2.262370 -10.868574 0.374210 0.537749 10.096582 1.888126 7.416444 -6.140158 0.641957 -2.843245 4.127510 -2.008416 -1.916803 -7.206465 -2.890286 -5.662306 3.340348 1.215290 5.831391 -0.488477 2.586038 -1.364638 2.220270 -1.972008 -0.114456 -4.872540 -0.106067 -6.953292 -5.299782 
7116510675590513635.mp3 :-164.748548 120.341433 -14.855048 46.164905 -18.285729 13.666643 -7.615741 2.054858 -6.504739 -1.829757 -5.832764 -12.368025 -6.426028 -5.265847 -4.075085 -4.264918 -5.286921 -3.383043 -1.583918 0.561160 3.214725 2.482564 -6.974265 -5.146419 -5.315224 -4.555759 -6.051313 6.190539 2.186836 2.192947 -7.232226 -4.977554 2.844889 2.206167 -3.918097 -0.627741 -5.060367 0.126787 -0.211454 -0.363544 
7094633165017851902.mp3 :-69.416763 86.519683 23.621500 17.439336 8.941887 7.318672 0.361856 7.920645 -8.648670 4.462624 -2.786485 -0.317971 -3.804513 2.104961 -6.673433 -0.673294 -7.019310 -0.865695 -7.077255 -4.453649 -3.833203 1.663026 -5.185438 1.860104 -6.478994 0.342596 -5.825444 0.812074 -5.209866 3.984522 -3.168646 -0.163791 -5.359489 -1.704689 -4.808440 -0.075144 -4.668293 -0.129995 -3.125071 0.364059 
7071046877625929574.mp3 :-176.533032 102.141987 21.244130 29.559639 11.505661 14.052050 5.988840 3.903234 -4.114522 6.189199 -7.003588 0.964334 -3.785620 -3.048940 -3.666505 0.644214 -3.039389 3.345125 -1.977066 2.654940 -6.626978 0.044780 -2.271195 5.070195 -5.067958 0.186110 -6.261265 0.128963 -4.215954 -5.418886 -5.304177 2.280158 -0.167617 2.290739 -3.789117 -1.917200 -6.031273 -2.545583 -5.833204 -2.875570 
7068195787927128538.mp3 :-87.000169 121.646926 -55.631907 33.254435 -14.130196 12.630153 0.424606 -10.727920 -12.491271 -6.668174 -11.360793 2.671889 -7.148554 -4.493016 -4.787377 -3.874203 -3.357976 1.850164 -11.353720 -11.463008 -10.648487 4.848792 2.313281 -0.202273 -9.930030 -9.380132 -8.382732 -6.169654 -6.889373 2.212947 1.697255 0.570330 -2.347440 3.330628 0.380683 -0.830492 -3.478377 -3.610453 -6.692418 -2.849546 
7054506919397271955.mp3 :-207.877035 74.380783 -11.017638 11.038368 -11.631072 1.595554 -9.059590 -5.732981 -3.974798 -7.103851 -7.516679 4.015750 -3.359498 0.295086 -3.610747 -5.783654 -5.809379 1.386611 -7.729135 -3.252101 -8.746602 -2.135950 -2.563070 0.497715 -1.234387 2.453808 -1.254289 -0.950603 -3.766477 -2.742594 -4.895592 -2.242022 -0.952678 -0.141486 -1.586330 2.019259 -2.144928 1.590745 -1.139701 0.285888 
7113210602317364964.mp3 :-139.464149 106.140068 5.504195 25.478606 6.477435 0.387044 -1.410682 -0.949685 -7.208786 5.331596 -8.794592 -0.967916 -4.529707 3.131111 -6.169287 -0.836894 -3.182381 -0.810977 -4.590126 3.196223 -0.348767 3.095744 -0.180482 -1.945331 -2.744032 3.653111 -2.912992 2.681896 1.107738 1.176129 -5.404594 0.228952 -3.100535 -0.102869 -3.438691 -1.178441 -6.617956 -1.180250 -1.838311 -1.516763 
7120231700908363489.mp3 :-209.207910 124.757936 6.047838 24.721184 7.735355 7.242889 -1.485611 0.762253 -8.699090 -3.292024 -15.070572 -4.376177 -9.783466 -7.191219 -8.869629 -6.675799 -8.169723 -5.719946 -11.820977 -4.648190 -6.878613 -5.525579 -9.162980 -5.709024 -7.332247 -2.055583 -4.979107 -1.255602 -0.522377 0.782021 -4.611888 -5.294265 -8.093903 -3.926696 -3.239110 2.421003 -0.135054 0.322308 -0.697608 1.220596 
7077267576725323586.mp3 :-185.099442 150.267502 2.706847 20.399818 12.649307 0.642229 5.131289 5.110837 -8.527817 4.086196 -10.045394 1.579081 -5.466992 -3.290935 -1.874410 -2.581090 -4.000420 -4.297079 -9.355961 -4.177008 -4.829876 -1.209117 -5.590919 0.018755 -4.040167 0.179982 -3.231096 -1.174816 -4.418705 1.160956 -1.148914 -0.906310 -2.316761 -1.737662 -3.191796 -1.757982 -3.187490 -2.034447 -3.458041 -4.608266 
7140718609914495027.mp3 :-194.628647 98.122107 -15.241550 45.514152 -7.756465 -1.188192 -1.479428 -6.774825 -13.515536 -3.460034 -7.894301 -5.589462 -8.248969 -2.877633 -5.234611 3.221535 -1.262627 7.245186 -0.994910 4.029782 -1.310044 3.590045 0.640920 6.307546 1.001984 -0.249133 -3.210957 7.266250 2.480012 -0.657876 -5.557095 1.474858 1.427528 2.534725 -4.382453 -0.779363 -1.971683 -3.587826 -5.350608 0.859077 
