2971481988990774897.mp3 :-78.657367 80.942175 -9.071695 33.576947 5.482410 3.456474 2.817062 11.266237 -9.809951 8.858943 1.907124 -1.553667 0.063451 2.818872 -6.504255 0.845616 -7.480680 0.502605 -3.654594 3.110861 -2.444630 0.471629 -8.484653 -2.553691 -2.058734 3.417081 1.315909 4.671354 -2.658182 -1.174027 -2.948767 0.742378 -5.281671 -1.263035 -6.167235 -0.766822 -4.276067 2.779844 0.198194 5.628450 
2932249756938502410.mp3 :-81.434149 88.687722 1.607840 24.835488 2.054343 4.284079 0.923090 5.988861 -9.567093 4.712151 1.247880 3.149144 -1.705590 -0.001388 -7.273479 0.760978 -4.653908 0.442420 -8.244557 -1.498386 -7.192501 0.107809 -2.116974 5.212355 -0.718248 1.799359 -4.232202 0.123962 -8.263549 -5.665769 -4.876839 3.758922 1.365633 2.004778 -3.332483 -0.479713 -2.608994 1.690899 -1.138636 -1.060511 
2963179621424558841.mp3 :-199.555407 126.215888 0.417389 31.272340 0.854743 3.309786 3.190367 0.606155 -3.166591 -1.463892 -6.842273 -1.599777 -8.699455 -0.383621 -5.484702 -0.374502 -6.018645 -3.219296 -6.960056 0.155699 -7.906084 -2.411201 -5.942872 -2.122342 -4.927585 0.702189 -2.691377 3.618615 -5.027535 -2.706373 -1.236213 6.471268 -1.678248 -3.519356 -8.647344 -4.033559 -6.067476 0.870443 1.692864 3.212325 
2894516810443284156.mp3 :-89.201604 76.383618 26.491034 21.630706 10.532599 9.542333 -3.928777 11.837322 -4.793894 4.488743 -2.863062 1.504296 -3.495984 3.446552 -7.415083 -1.190128 -6.247847 -0.646690 -4.407535 2.456885 -0.883827 2.934645 -2.484700 2.569263 -4.787340 -2.025925 -5.095864 -0.450188 0.372293 8.277155 1.858460 1.206283 -5.556991 -1.774234 -3.793229 0.216362 -1.866597 1.623176 -2.609205 0.920415 
2952977058707008989.mp3 :16.209685 48.811988 0.636837 14.767844 7.061870 8.941462 -2.956644 6.433622 -3.298407 4.434137 -0.194649 5.344828 -1.937958 3.774705 -2.287122 3.627637 -1.892598 4.849264 -1.209824 3.645502 -3.148495 0.971930 -5.195403 1.335160 -5.027603 -0.410050 -4.912906 0.119290 -5.266086 -1.201741 -5.086654 2.581827 0.216216 4.965506 0.029624 2.437887 -3.471932 -0.058364 -2.181313 3.763335 
289690159887834319.mp3 :-76.071140 64.160962 -5.880508 29.671166 -11.719856 4.093138 -2.648186 0.062638 -1.713710 -1.934149 -7.056933 -0.032946 -4.793264 2.321794 -4.103366 5.487784 -3.981336 4.640963 -4.641842 2.344040 -5.798499 0.076928 -4.319318 2.745296 0.105493 2.288610 -5.317427 -0.382645 -0.267751 4.578247 -4.251312 -1.962545 -4.082934 3.611311 -1.214537 2.374098 -2.111506 0.419782 -6.549625 -1.083660 
294263067026683293.mp3 :-100.777684 94.182259 12.446894 11.540565 6.096395 -2.261888 -3.047866 4.257681 -15.380789 5.316548 -3.581312 0.382675 -4.994527 2.859738 -9.084490 -1.150581 -5.054002 -2.938940 1.260629 2.308180 -4.064023 1.073288 -2.068409 3.550405 -1.418638 4.873075 -2.356738 4.587607 -2.518634 -5.037740 -6.832349 -0.381241 -1.316201 -0.398994 -5.233416 -1.861487 -5.749181 -0.405907 -6.399144 1.934993 
2940854782756186609.mp3 :-136.350041 104.852324 -0.768725 33.748839 8.804071 0.943047 -3.597726 13.872608 -15.587013 -5.741346 1.541870 -8.302633 -5.862374 1.646323 -7.499381 -2.493482 -5.734269 -3.954813 -8.702037 -1.202085 -8.698715 -0.104758 -8.236391 -3.952778 -8.318189 -0.586065 -6.293972 -0.308489 -0.485198 0.424099 -6.904696 -2.076930 -4.900873 -0.906412 -2.739157 -1.857045 -4.976643 -2.470416 -3.315275 1.898060 
2914448831786893192.mp3 :-161.096634 85.629181 20.252243 36.485121 6.753981 5.972254 2.482568 5.261869 -10.154874 7.193398 -5.454863 2.169316 -1.660340 -1.228065 -2.724283 0.220472 -6.164309 -0.634865 -6.626951 0.809004 -5.257359 1.853318 -5.456375 -0.915287 -6.902139 -0.952863 -5.143296 -1.895793 -7.463420 3.403664 1.995031 5.597060 0.401061 1.828349 -4.690049 0.591214 -3.220130 1.294858 -1.134550 0.421682 
2966749003172285613.mp3 :-110.070469 84.873640 13.978977 15.607208 0.783767 -4.455905 3.884112 -1.804347 -5.800043 6.498897 -3.635947 2.363123 -5.232097 -0.547083 -1.804597 -1.393034 -5.109160 1.220357 -3.750695 9.259612 -0.969995 2.258909 -6.305902 2.332754 -6.133305 4.550916 -1.863118 2.713974 -2.199186 0.819922 -0.517611 1.795133 -7.430049 -4.855759 -6.860821 -0.410026 -2.594886 2.976636 0.241320 1.660159 
2960156464080677624.mp3 :-160.865778 125.709083 7.842530 17.951532 6.854846 6.212714 -4.172120 7.215865 -9.910297 -2.323974 -1.241435 -2.231900 -0.885676 -2.387384 0.817859 1.189687 -7.566541 0.125814 -5.221425 -2.602699 -8.555190 -1.908465 -7.003876 -1.558527 -3.739696 3.788254 -3.136065 0.584631 -2.678815 1.628211 -6.155921 -4.042117 -6.549711 -3.724226 -2.020002 4.389869 1.001510 2.956885 -4.628683 -0.123823 
2936932430627550002.mp3 :-128.205497 99.025946 12.129809 22.409957 -8.509915 6.586073 -3.782152 3.383788 -9.876594 0.312811 -7.534584 -3.390702 -5.003076 -1.693488 -4.273705 -0.059624 -9.382936 1.468435 -5.148050 -0.380457 -2.862559 -1.292492 -5.551070 1.765495 -6.683676 -1.467657 -3.229150 -1.500457 -5.188904 -0.540355 -2.241833 2.228481 -2.186166 0.449638 -4.369519 -0.018264 -3.599618 1.817360 -1.406844 -0.262035 
2942467172399555788.mp3 :-123.554538 118.589908 6.176045 30.317432 7.983794 3.985765 -5.007143 4.254834 -13.776123 -0.308097 -1.380503 -5.449636 -2.163701 3.685621 -5.231583 3.759016 -4.426477 -4.140717 -1.028786 -1.055502 -4.628906 4.095744 -3.912101 -0.581551 -6.216060 0.019260 -6.463363 0.856776 1.232609 0.898387 -3.273198 0.855784 -2.060992 -0.162468 -0.800245 -1.255163 -5.409979 -2.650018 -4.991601 -1.758365 
2985663570460304716.mp3 :-67.135504 54.626676 3.561875 37.859710 -6.563228 14.073923 2.409108 8.472744 -10.216558 9.187326 -1.421586 5.103654 0.075907 -1.310684 -4.775454 0.696486 -10.409367 3.304392 -9.437737 3.852596 5.921745 2.586924 -1.315032 2.119272 -9.442729 1.791735 -1.543530 3.527663 -0.165672 -0.246703 -2.644222 6.467172 -1.468529 -0.910573 -6.464235 -2.296067 -5.858121 0.806477 -2.710254 3.742148 
2986275456262545021.mp3 :-156.894613 97.124789 1.009197 13.601258 -2.146138 8.932684 -19.075661 28.414855 -18.982179 2.657419 2.435812 -5.556812 -5.516694 6.510949 -9.276584 -1.495689 -6.824488 -4.458512 -9.941190 -0.072375 -6.295762 0.697407 -3.298323 -2.566044 -7.314726 -2.123949 -2.855300 2.161020 2.215012 2.638451 -2.494437 -1.022048 -3.772847 -1.984421 0.460118 -2.073256 -4.251668 -2.108725 -5.910082 -1.067603 
2970352016750171162.mp3 :-96.237177 76.522769 13.759378 23.771881 3.803170 9.994223 4.410533 6.625114 1.892049 9.134535 -5.376798 1.562954 -7.703929 2.434311 -2.914878 7.521049 -4.299007 6.383877 -3.324520 3.166264 0.488431 -0.959460 -5.325398 -4.054696 -3.149335 1.071424 -0.585335 2.964655 -2.319720 1.702635 0.183595 -0.059371 -6.484695 -0.076705 -6.316620 1.401278 -5.663996 1.497759 -2.508349 2.176868 
2896270303984683265.mp3 :-272.845296 99.197284 11.317827 20.760425 -3.107409 -1.270456 10.952355 -5.879327 -10.014893 4.793335 -13.355367 -1.528445 -8.570371 -5.293017 -7.029848 -1.524268 -5.463371 2.899914 -7.302848 -3.047659 -4.266569 -0.301739 -2.092263 3.651341 -7.658701 -0.660881 -5.661857 -2.029996 -6.504645 -4.145716 -1.493611 8.411013 -0.227079 -0.221531 -3.394088 -1.036560 -4.966059 -0.896895 -2.510428 -1.012096 
2978910849316191414.mp3 :-118.924974 55.467217 17.558446 21.918999 1.131334 1.996516 5.240149 2.866463 -9.876668 5.959153 -8.719127 -1.001817 -1.745537 -1.014450 -5.400510 -2.765680 -9.810353 -2.927141 -6.584290 -0.267152 -5.296347 -5.973027 -12.396466 1.557514 -6.818014 1.694901 -0.884319 3.384930 1.086065 3.138591 -5.882257 -5.331747 -6.734478 -1.805619 -2.941169 4.312339 -1.384837 4.094814 -2.005051 3.834426 
2926781530730028384.mp3 :-46.456900 61.690175 3.805669 15.742540 -2.671960 4.176251 -1.651728 -0.893944 -6.419622 1.350071 -6.799714 2.501065 -5.097737 2.134453 -3.859173 2.663711 -4.656877 2.021269 -4.338732 1.593986 -4.445066 0.908850 -1.372845 4.394141 -0.294256 3.293520 -2.593433 -0.114561 -6.183943 -2.659045 -3.308706 3.778003 -3.521719 -0.325931 -6.242340 -0.038279 -3.150747 1.349465 -4.951535 -0.802929 
2908988930443593954.mp3 :-102.853549 104.129705 7.701409 20.400896 0.324411 0.808172 -2.645098 -1.563130 -14.509175 1.169252 -7.116630 -2.554388 -7.458422 -3.016231 -11.636308 -5.772049 -10.472396 -7.238089 -10.346331 -3.099366 -3.077633 -2.082463 -8.932540 -3.481892 -5.700114 -0.651770 -3.666374 0.783610 -3.133979 1.686268 -9.348189 -6.201941 -5.758669 -0.975942 -3.995863 0.728155 -2.988682 2.178949 -3.701383 -0.871470 
2926901765835648692.mp3 :-61.348794 66.863231 2.765847 22.949507 -3.360018 10.713608 -0.174634 4.444961 1.981482 4.525794 2.841115 3.075122 1.020380 3.148829 -2.107776 4.372681 -4.287112 3.319490 -3.381128 3.806204 -2.226903 4.612843 -2.634610 -1.270093 -5.570176 -0.369674 -4.770899 -1.477198 -5.871951 -0.742750 -3.058574 4.691043 -1.707385 -1.775426 -6.985262 -2.020940 -5.268992 -0.554301 -3.548920 1.283061 
2972624504196771862.mp3 :-149.091954 62.715651 12.170088 41.666505 0.745754 17.675173 8.160350 9.317617 0.753303 7.799404 -1.963031 4.986571 -5.937765 1.637770 -4.942330 2.678044 -7.669979 -0.467893 -4.354424 1.420393 -3.715470 -5.074202 -8.258754 0.581266 -3.847220 2.590451 -2.423662 3.755124 -2.908408 -4.033322 -9.193958 0.650390 0.353493 1.168844 -2.797179 -0.130167 -3.684991 1.108852 -1.037672 -1.140610 
2946274628934671204.mp3 :-138.489318 67.172235 5.746631 22.321523 9.099166 3.542379 7.026989 4.656954 -6.891988 14.640562 -8.035950 4.051473 -3.223540 3.014937 -2.731365 8.912421 -1.887439 4.390299 -7.188329 -4.990944 -5.467660 2.757282 3.760280 4.612240 -5.272414 -3.067621 -8.761836 -1.586778 -1.701872 2.192263 -7.210921 -0.050109 -1.066812 4.578195 -0.922138 -0.356877 -6.385798 -1.789088 -10.942957 -6.011487 
2899932771409971617.mp3 :-115.938070 75.426066 17.955316 33.697417 2.066941 -5.497096 -4.192667 12.552515 0.791518 4.859973 -5.861498 -1.271392 -14.466818 7.715958 -13.872875 -2.761136 -4.532479 -10.347445 -5.359147 -4.024155 0.351601 -1.644500 0.027505 -8.184505 -3.325195 -1.681973 -6.154495 3.710980 -5.882662 3.370971 1.981663 0.884625 -6.348396 -4.279290 -6.283857 -0.685114 -2.695521 0.344379 -5.097487 3.107369 
2974454327128056953.mp3 :-88.771155 82.498399 3.741286 19.439156 -1.126359 4.706589 1.802500 5.389549 -8.521255 1.631829 -6.989215 -1.602231 -3.223803 0.055625 -8.226875 0.923624 -6.605827 -2.216274 -4.140186 -1.236779 -3.770747 0.060715 -5.852577 -1.979322 -5.206486 -1.003693 -4.393926 2.581148 -4.192499 0.296865 -1.819195 3.747723 -2.482332 0.619611 -6.191400 -2.415153 -5.646069 -0.386852 -1.342599 4.556617 
2930189606624032529.mp3 :-204.163167 94.836320 29.049488 24.048914 7.144022 12.710393 1.863907 6.718834 -4.704859 1.924345 1.294873 0.018714 -3.803899 -1.137910 -5.326931 -0.734294 -7.150360 2.073986 -8.513365 -3.309177 -4.036514 -0.565176 -1.015993 3.512996 -3.685305 -0.388979 -5.112097 -3.767327 -4.251263 3.609440 -0.048226 1.258581 -2.663190 0.025681 -4.785974 1.219614 -4.402681 -1.047811 -4.394512 -1.775066 
2910108062616932991.mp3 :-76.954308 79.028307 14.262967 17.784985 5.232500 6.332692 5.854020 2.500243 -3.650900 8.013203 -7.280650 1.854890 -4.121708 2.444792 -4.468518 -0.039162 -6.623304 0.367448 -2.632918 2.895845 -0.532968 0.424413 -4.768731 0.925018 -2.527386 2.694374 -0.326055 3.562691 -3.860260 -0.856133 -3.744108 0.351920 -4.832572 -1.189210 -5.017508 -1.495428 -4.452431 0.003736 -3.128787 3.527865 
2906490141382653931.mp3 :-183.697143 128.707202 20.764999 24.772213 13.598643 13.165120 6.780114 0.281811 3.326769 0.960579 -2.878240 0.991776 -2.748755 2.610346 -4.289932 3.618619 -2.675421 5.954350 1.637399 2.509019 -5.407770 0.057787 -3.591296 5.131038 0.903511 4.458227 1.491673 1.400957 -6.513305 0.739093 -1.211179 2.147815 -2.822845 -0.170812 -2.313412 1.795984 -0.043626 0.507904 -1.157205 0.310305 
294566175398062480.mp3 :-122.706076 79.026220 8.637558 13.011534 3.959545 2.833533 3.616857 3.191753 -8.283412 7.279446 -11.110915 -5.791419 -6.836174 -2.238311 -6.004434 -1.555398 -5.790813 5.191992 -4.352800 0.746889 -4.927778 3.214866 0.137589 2.792664 -5.856592 1.199172 -1.600286 2.337348 -0.302926 -1.188670 -4.694076 2.772860 0.175615 1.116381 -4.206631 -0.766963 -4.916712 -0.835823 -1.534269 1.815523 
297760375714212001.mp3 :-98.160153 65.678370 28.015904 27.159235 9.074801 9.391322 10.549431 -1.081056 -0.999493 8.135873 -6.503226 1.536748 -4.100037 -2.790611 -6.176896 -0.054075 -6.320442 3.502051 -2.853761 5.405924 -4.633216 -1.164385 -2.913022 4.907013 -0.562973 4.029438 -6.148684 -2.260185 -4.538920 1.835763 -6.821254 -1.751042 -3.743778 1.126025 -1.381000 3.898476 -2.389970 0.315451 -6.332655 -1.378840 
2980323981024852696.mp3 :-64.017299 76.250383 18.866993 27.688818 0.139623 5.747059 1.036712 10.956636 -4.922714 6.093532 -1.932664 3.000923 -0.156546 4.437771 -0.907683 3.689708 -2.846727 0.468187 -3.582035 0.810051 -5.022861 0.730038 -2.952882 1.044301 1.818790 3.740832 -3.348436 2.896509 -2.733426 1.730371 -4.242265 -0.953527 -3.898725 2.512601 -3.083647 1.780511 -3.846687 -1.292717 -4.496805 0.304034 
2914495159569913387.mp3 :-123.115890 85.364116 23.321891 23.174183 8.240991 17.704846 13.018049 3.182428 -2.024008 5.931015 -5.486531 2.290570 -7.980619 -2.736984 -6.375690 -2.808924 -6.906453 -0.997122 -8.517016 3.596067 -2.401477 4.097510 -0.786573 -2.092101 -9.068666 -1.078300 -5.191808 0.652913 -4.113038 -1.523462 -3.608476 3.286267 -1.157535 -2.301980 -8.941691 -5.746550 -7.427313 -2.971859 -6.283695 0.542208 
2915288604024602101.mp3 :-23.506927 80.759435 0.550099 22.900041 2.499343 9.498052 5.526526 6.932311 -2.428674 10.001333 0.325654 4.862464 -0.734801 2.196135 -1.508930 4.200485 -3.491292 3.313803 -1.566775 3.081283 0.610750 3.608919 -4.415754 2.383333 -2.476540 3.186950 0.297020 4.007845 -3.089183 3.160646 -1.187903 3.806974 -3.238686 0.199158 -3.555367 1.357289 -1.184362 3.058367 -0.362740 3.742990 
2977982861712825434.mp3 :-89.819986 114.802792 6.404988 25.916615 6.977934 2.925294 -1.057997 6.815515 -11.478797 6.545628 -3.599948 1.394503 -0.467376 -0.556711 -3.463637 1.754863 -5.303822 -0.776923 -5.534921 -0.409774 -1.764227 5.934127 -4.269917 -0.662908 -7.203849 -3.012080 -1.287780 3.216878 -3.806034 0.808064 0.764300 4.680964 -1.470023 -0.831703 -7.685325 -4.022832 -4.551359 -2.494807 -2.900388 3.568556 
2979177203890395406.mp3 :-156.678346 91.391744 7.521806 17.580269 -2.772308 3.790482 6.301802 1.291228 -8.808775 2.336908 -15.426476 6.945251 -0.624371 5.028238 -3.421311 3.476730 -6.417241 1.297622 -10.174007 -6.777849 -14.194032 -3.816817 -2.968935 0.220552 -4.373940 -1.933901 -8.994951 -3.335806 -4.180655 -1.360343 -7.662675 -6.552491 -2.414900 4.257047 -2.549739 0.326550 -7.832114 -6.115673 -6.906267 -5.823443 
2965265587670561475.mp3 :-108.802085 104.609212 8.106995 29.416332 5.566430 2.150313 12.609475 -0.734895 -5.041382 11.727746 -9.465179 6.660562 -7.269340 2.931643 -4.359782 -0.092767 -6.331678 1.601361 -4.791060 6.334297 -2.603832 -0.168286 -4.284732 0.168121 -2.324892 7.086592 -2.894327 0.693779 -1.362867 4.200506 -2.411638 -4.765156 -10.689220 -1.881895 -2.586016 3.117610 -1.480845 1.931195 -3.053023 1.114887 
2928748789176468962.mp3 :-123.486296 83.949081 20.349556 36.650106 10.280320 9.669478 -0.202261 10.670272 -6.231665 4.735948 -0.488033 1.813406 -1.760557 -1.265508 -4.786230 -1.620175 -8.630619 -1.946887 -7.849714 -0.997785 -2.358303 -0.892643 -4.539214 0.285747 -4.071924 -1.589950 -0.528399 2.075373 -2.441239 5.479689 -2.499084 -3.501259 -6.605923 -1.639402 -4.142049 2.821120 -0.642695 2.771608 -2.264635 0.688890 
291308525168204800.mp3 :-27.556443 58.085195 -3.341367 20.497452 -3.962361 11.846090 -1.571517 1.290312 -1.126595 -1.012708 -3.380411 4.138324 1.062757 4.164540 -4.174674 0.593903 -5.786831 2.270356 -2.551021 2.495173 -2.543703 0.965739 -2.469592 2.952432 -1.125788 4.440181 -3.261324 2.211253 -1.511790 2.517081 -6.140478 -1.985778 -4.578867 1.389095 -2.509144 2.453435 -2.771419 1.040755 -2.619974 0.751752 
2978199209953159422.mp3 :-176.808409 80.330139 29.028753 41.270034 15.140648 7.851686 7.454967 -1.268371 -2.104949 6.290757 -14.469021 1.175235 -7.250002 3.471337 -2.180740 0.488121 -2.821558 3.827950 -5.618976 0.949795 -5.332992 0.350712 -0.034867 2.967697 -3.294694 2.941364 -2.617777 5.372967 -1.473741 -0.368196 -3.988890 4.944297 1.609553 2.125485 -6.118258 -2.092598 -6.918910 0.227762 -2.691313 -0.335428 
2928677186556017552.mp3 :-60.733777 87.345189 24.992881 23.118120 5.729371 -1.989464 -3.179228 -0.223879 -10.074180 2.204712 -6.446418 -1.237156 -5.319228 -1.402877 -3.759224 2.348914 -4.793579 0.118117 -8.054107 -4.241030 -7.387603 -1.179416 -3.938351 0.428021 -6.972989 -0.155444 -3.758969 2.138206 -5.808346 -0.319054 -0.520989 2.962705 -3.334656 0.027257 -7.050655 -0.968757 -4.407142 -1.933146 -3.774318 1.296126 
2946723461213243953.mp3 :-103.402319 83.043381 20.776884 34.222825 7.266212 12.810630 -1.641624 9.894118 -6.880606 -0.217606 -0.759974 2.420119 0.308451 -1.268441 -5.136943 -0.455429 -10.261607 -0.846010 -3.502751 -0.699585 -3.687709 2.077751 -5.998073 -1.283311 -2.331936 2.841878 -2.737544 2.416646 -5.489654 1.349629 -1.415536 2.727453 -4.555398 -3.462412 -6.039799 -1.408993 -2.607864 4.511267 1.377124 2.660476 
2911578366083436608.mp3 :-185.532433 133.944450 -15.850656 35.484234 0.280627 10.953403 -1.869315 4.353851 -2.052675 -5.077750 -7.215536 -2.107860 -7.620302 -4.010520 -3.481706 -2.280621 -4.210847 -3.190123 -5.324872 -1.103449 -9.127530 -8.296555 -11.689412 -2.166669 -5.942957 -1.649487 -6.180865 -3.278514 -6.702655 -6.416998 -5.702292 -0.296471 -4.356459 -2.772157 -5.370073 -0.585535 -2.756020 -0.378661 -0.535802 2.579060 
2929277801769453882.mp3 :-232.486948 160.686092 2.303224 15.357610 12.285442 -4.615623 0.921343 -1.040306 -18.061251 -2.541473 -6.325692 -12.024529 -2.009072 -5.892290 -6.342228 -2.868857 -7.963943 -4.067385 -5.629679 -5.612369 -5.560259 -4.605238 -7.358798 -3.921548 -5.477304 -1.631496 -5.924207 -5.234545 -5.268438 -3.916404 -6.641974 -9.141857 -7.876137 -4.258919 -3.831676 0.004545 2.166086 0.518871 -2.050120 -1.468528 
2901488172687707433.mp3 :-77.763190 54.708215 5.794045 31.123587 8.748517 14.044069 5.879723 9.287538 -3.820060 15.833010 -9.027333 7.694194 -5.434294 2.107581 -2.100191 4.796161 -0.148368 8.060580 2.097892 7.339663 0.619449 5.993450 1.166493 3.322923 0.318455 2.858799 -1.925650 2.099412 -4.737170 -1.190178 -1.086763 2.604296 -2.496834 0.261886 -2.998812 3.047785 -4.157817 0.079740 -1.720913 2.768868 
2943762647032431812.mp3 :-104.624989 104.301345 18.758294 26.545630 4.299805 5.958751 2.378275 0.561040 -3.621040 6.091018 -6.734293 1.646969 -3.919166 1.286447 -3.783643 -0.944810 -7.471118 1.115516 -4.094854 3.808002 -3.519348 2.287620 -5.508020 -0.357719 -3.255268 0.868973 -3.795286 2.642350 -3.898956 -2.232808 -8.714470 -2.965219 -3.661703 0.870031 -2.174037 0.228936 -2.678354 0.986253 -3.669876 -1.123275 
2914841758300212279.mp3 :-331.506738 159.099479 17.232943 7.966965 -4.670190 -11.067033 -13.263835 -7.425364 -8.065865 -0.851069 1.155500 -2.557428 -7.289936 -6.890769 -1.931058 -0.491379 -2.887976 -1.671857 -3.061848 -3.089882 -0.234282 2.255134 -2.529822 -6.246417 -6.545561 -4.037286 -1.753009 1.239062 -0.575628 -6.645080 -4.872094 0.845251 -2.315404 -5.204687 -4.962662 -6.761156 -6.299486 -3.478880 -3.509930 -2.555207 
2968224853734800672.mp3 :-128.568664 109.930659 -2.035189 15.119244 9.207366 2.345828 -6.311930 2.940241 -7.503980 5.107588 -3.844183 -1.694478 -8.632401 -4.573806 -6.855495 -1.629174 -3.216233 1.174335 -3.331537 -3.061805 -7.312325 -0.539373 -5.818764 -0.282519 -5.970754 1.688100 -3.326160 0.519802 -2.417326 1.495501 -2.522887 -0.679363 -1.302879 2.259258 -1.232044 -1.075066 -5.121959 0.525541 -4.358363 -3.692827 
2916738461359829028.mp3 :-136.539047 88.015020 19.888292 18.286696 11.838288 9.921879 5.898749 -0.846467 -6.768834 5.500990 -8.053272 1.005071 -5.907027 0.987095 -2.594826 3.414062 -2.171236 4.421582 -1.012262 3.203779 -1.658619 -0.330301 -3.708027 -3.168039 -5.502877 0.110575 -6.258768 -1.413184 -1.048191 2.060959 -3.673853 -1.370800 -6.071507 2.064275 -2.375495 1.084096 -3.399979 0.807670 -4.517890 -0.227864 
2942600831619549425.mp3 :-105.775368 90.929220 15.831304 30.956673 3.894583 4.374266 -1.561251 7.992163 -4.285045 3.373878 -3.141300 1.204439 -1.760377 4.208571 0.910580 2.970726 -2.675523 -0.335630 -4.049994 2.206411 -3.095792 2.276787 -4.345844 -0.420619 -2.177029 1.829599 -1.889783 4.374987 -1.282736 3.509282 -1.576956 6.781669 -0.719612 3.929082 -4.625351 -0.968488 -4.804883 -0.508489 -3.421341 4.079811 
298249726597025342.mp3 :-84.823549 100.504913 12.582984 29.859979 6.057702 11.804056 4.868749 0.157534 -6.297825 2.504274 -8.480741 -0.468126 -7.661098 -2.413243 -5.022231 0.987616 -4.689492 4.625928 -1.807823 5.849599 -4.334491 4.974817 -2.506701 1.174492 -4.051295 1.404594 -5.983402 1.153390 -1.489860 -1.835820 -5.447516 1.875439 -2.568444 1.383888 -3.610292 -0.414870 -4.833477 -0.785051 -3.680135 0.324567 
