7724730092071186793.mp3 :-226.213451 100.338054 -5.665888 24.720589 0.797814 6.840413 -3.511470 2.716305 -11.509544 -3.259246 -4.136196 -5.399200 -5.937365 -2.298165 -8.782602 0.193022 -5.219095 1.100053 -4.412396 -5.163771 -4.581863 2.273035 -3.237085 -3.431874 -7.698586 -3.399316 -5.635633 1.711749 -2.260765 0.259392 -2.831134 2.809746 -0.602629 3.204057 -2.803112 -0.182204 -3.323693 -1.786839 -3.203272 4.165925 
7694008657600662184.mp3 :-106.081246 65.787170 21.492231 34.561502 10.888617 7.340583 2.926530 7.427461 -9.042968 8.771711 0.169699 2.696180 -5.896098 4.581136 -4.661347 2.085005 -4.342039 0.377318 -3.710883 1.041331 -5.787708 -3.220097 -8.410318 -1.083754 -4.726698 0.962618 -2.810717 3.227390 -2.434324 0.949694 -0.558939 3.226712 -0.954693 3.744648 -4.161075 -0.769962 -4.992304 1.579179 0.979493 1.510443 
7698155888512890021.mp3 :-175.334918 95.377993 2.687836 32.208986 9.124184 12.028214 8.431553 11.879750 -6.143213 4.675692 -3.224888 -0.016668 -1.949235 -3.593415 -4.461937 -1.117062 -4.581666 0.419610 -1.002141 -3.902562 -4.090566 -2.838006 -7.907278 3.060283 -3.133681 6.439875 0.179521 2.721857 -0.501259 1.884365 -6.889940 -5.414637 -3.522313 1.290492 -3.883703 -0.605775 -2.833175 3.467178 -1.947423 -1.875471 
7723703033955450725.mp3 :-107.936735 105.037654 22.387772 28.164325 6.626693 1.822637 -1.522630 10.940765 -8.489415 8.435552 -5.298054 0.035343 -4.371614 -3.537904 -5.362351 -4.003781 -8.704091 -1.598062 -9.050976 -5.689503 -4.280382 -2.872282 -7.297505 -0.175042 -5.428685 -3.783128 -4.959120 -0.666682 -0.176418 4.412120 -7.146956 -0.858029 -1.513323 5.146157 -0.289607 2.133045 -6.294063 -4.302342 -7.055556 -1.798114 
7707897649149123705.mp3 :-83.034260 77.025069 9.612996 29.450317 5.259938 11.851513 -1.676835 6.430509 -4.325998 2.775796 -9.187207 2.858581 -6.518141 -0.492807 -7.908528 -1.385344 -7.009079 -2.885937 -10.108458 -3.052122 -6.716447 -0.993056 -4.636628 0.492349 -4.911896 3.638079 -4.527260 -2.470529 -5.021716 1.354450 -4.581430 2.534756 -2.954733 0.846976 -4.322086 0.193161 -4.215845 -0.135557 -4.725612 -0.697936 
7690763223389162530.mp3 :-86.476076 94.718547 -4.470951 26.116442 -0.872569 11.686369 -2.018325 2.162695 1.865127 -1.435194 -4.554593 -3.344504 -8.562914 -5.926226 -3.242924 1.704713 -1.232754 5.047945 -6.283513 1.119385 -2.265383 5.181822 -0.233276 1.650512 -4.157007 1.505445 -3.389244 -1.321706 -5.356022 4.184237 -1.050917 -1.002122 -8.467725 -0.675892 -3.740536 -0.782125 -4.670869 1.936418 -2.277451 -0.603539 
7708279243948884252.mp3 :-127.557356 107.875800 32.959522 21.124681 12.980207 1.393025 0.538820 0.056034 -4.200170 2.938846 -2.287097 0.425945 -5.745636 0.691313 -4.589324 -2.691548 -4.566064 -0.174415 -2.141992 2.850523 -1.586212 2.158419 -4.859071 4.529014 0.147726 4.540492 2.475625 3.007208 -1.926724 2.860288 -3.891000 -3.411430 -8.653837 0.334542 -1.370271 3.485206 0.380462 1.045314 -4.703252 0.534723 
7734472407499508884.mp3 :-110.708449 94.703560 9.643117 18.392069 1.001294 7.833344 -2.671541 0.549796 -2.519895 5.575585 -3.634847 1.505164 -4.241171 -2.722822 -7.931194 0.344977 -1.659600 -0.324329 -4.230975 5.594349 -2.817750 1.922455 -3.941575 2.699838 -3.532254 3.011856 -3.666448 3.708861 0.254552 -2.063049 -6.504670 0.883226 -2.098938 2.579217 -1.449226 1.512220 -1.833331 1.171411 -4.588276 2.251648 
7716110877511162572.mp3 :-108.770035 96.379891 14.726562 29.710024 2.199076 0.657516 -9.105525 8.529275 -11.256035 5.628439 -6.374710 -1.694351 -2.490111 -1.936715 -4.844712 -2.856611 -8.991071 -0.271641 -5.680218 -3.310716 -3.356324 -3.825332 -6.840507 -0.312359 -0.013825 2.639297 -0.614282 5.812932 -0.624812 3.915274 -6.004202 -3.127622 -2.701009 3.265574 -1.384367 1.922112 -3.302598 1.626212 -4.398965 -1.274514 
7687504598608967989.mp3 :-14.340073 58.627797 10.262501 19.693751 6.838942 11.303329 4.612262 10.182179 0.847908 11.604604 2.575584 8.750497 2.425026 6.932333 -0.045059 5.562715 -1.366797 3.753623 -3.001662 3.973190 -1.546328 2.751866 -2.425110 2.746922 -3.285256 1.647092 -1.062631 4.547688 0.373759 5.178114 -0.434735 2.197224 -3.605128 -0.518452 -4.953713 0.528130 -2.787945 1.135724 -2.444485 1.757746 
7711159755491564528.mp3 :-67.268418 67.931975 0.421218 29.358876 11.888986 5.082496 4.841922 1.607628 2.607775 3.256918 -7.659027 2.655202 -3.353644 -0.196768 -6.679788 0.979170 -4.343716 4.984649 -1.233738 2.328692 -5.212204 2.860115 -4.120761 3.673049 -0.553904 1.324239 -3.665995 0.681091 -2.827340 0.845226 -6.292096 -3.187514 -3.140134 3.713356 -0.913006 2.590461 -1.638375 -0.798427 -3.095947 1.133514 
7686010305770180709.mp3 :-64.135093 91.447921 2.433267 26.024398 -0.150082 14.711212 -2.854585 4.527283 7.109844 3.289514 -2.199864 -1.977931 -1.990937 0.136141 -0.563664 5.086873 1.972020 7.149256 -1.517417 1.655954 -1.957861 3.061781 -3.142112 0.273154 -3.532369 1.618982 -2.037471 4.939376 -1.272619 -0.038556 -5.714012 2.832148 0.536199 0.812433 -5.666344 -0.787125 -6.332505 -3.311465 -6.000637 2.194377 
7688975924866321727.mp3 :-118.202347 110.874861 31.647968 15.663067 9.712986 3.274574 3.221906 6.563476 -18.141803 16.929187 -15.585021 2.072659 -5.604067 -0.832859 -1.098547 0.325125 -5.065645 4.201084 0.669776 5.072010 0.027188 -2.390134 -2.437675 1.159122 -0.398630 5.382739 -2.369255 2.784080 -5.178332 -2.576254 -6.310965 -2.783960 -3.345396 -2.295677 -4.957544 0.429361 -3.936424 3.299274 -0.522603 3.790442 
7695497952497014332.mp3 :-47.471482 103.777073 5.430323 26.232021 9.623448 4.070271 10.480057 1.631679 -6.269564 8.710113 -4.827005 6.698186 -6.053511 4.553980 -5.476526 0.785193 -7.145624 0.841051 -6.848940 2.298549 -5.988907 2.402782 -2.666606 1.199579 -4.005460 4.366333 -4.269017 -0.580837 -0.545094 2.993772 0.579457 -0.845608 -6.431875 -3.254710 -3.463125 0.885604 -3.989498 1.631800 -3.115778 0.657713 
7738865588023800625.mp3 :-68.451167 75.913052 14.494842 28.577239 7.363310 17.820717 11.114747 7.585215 6.313149 7.692659 -1.870979 6.662266 -1.658016 5.131073 -1.443386 6.928139 -2.506203 2.307302 -1.892997 -2.596758 -5.316514 2.978635 -0.972947 2.485458 -2.258682 -2.627982 -5.807041 1.346150 -0.611075 3.399590 -3.889271 -1.402325 -0.766466 5.652412 -0.511059 1.740150 -3.335465 0.112756 -4.424592 -0.801334 
7745096787233662737.mp3 :-22.166127 51.739659 5.741863 20.850758 7.178238 8.432498 -4.654900 8.477787 -2.316293 11.499160 1.143284 4.818755 0.900801 4.460443 -2.825795 2.810748 -4.137470 2.478038 -2.153904 2.215036 -1.338086 1.435994 -4.860432 2.398690 -4.165312 1.923182 -2.883396 3.423807 -2.655963 2.510236 -1.641590 2.527724 -2.912302 -0.497389 -2.957903 2.744728 -0.165246 3.635314 -0.713030 1.987839 
7717296413390838863.mp3 :-90.253047 111.848683 11.750919 36.436894 13.580608 10.076555 -3.994248 5.104036 -2.229229 2.983496 -4.512246 3.679679 -0.603932 0.877978 -0.405435 2.918669 -4.502988 1.196987 -1.950927 0.659926 -1.406429 1.314426 -3.111380 2.915559 2.221911 4.688903 1.867802 5.470872 -2.261886 3.489467 3.270337 5.101650 -4.725023 -1.319047 -6.732163 -1.805371 -2.802798 5.050149 2.719537 2.157983 
76946399207995806.mp3 :-218.374430 86.853714 19.401609 16.593650 3.719027 0.523571 -7.046339 1.462908 -14.422288 5.230948 -11.179838 -4.948878 -7.072753 -3.784426 -8.148774 -6.644545 -9.443564 3.115521 -5.321988 1.108551 -5.311519 -7.514291 2.191698 6.654158 2.049869 3.532496 -2.890550 1.344843 0.879988 -3.340346 -9.487150 -4.527671 -3.880409 4.911514 1.483831 3.372075 -0.941519 1.461965 -2.920409 0.718855 
7744947035184230336.mp3 :-295.206842 198.921501 -16.969865 -9.792983 11.790388 -8.054608 -8.742447 -7.658072 -13.922249 -15.408428 -11.257199 -7.348137 -2.734667 -1.215800 -4.704232 -6.063116 -5.341812 -4.953648 -4.703204 -5.769816 -7.211421 -8.175369 -6.682685 -4.036577 -4.340573 -5.252751 -4.059018 -1.853433 -1.930157 -6.096237 -8.190542 -3.938357 -0.959519 -1.812421 -0.987101 -0.543951 -1.996095 -1.275801 0.958142 2.794849 
7744103786762834904.mp3 :-149.447539 107.418049 1.372355 17.010136 9.566227 -1.056713 -5.219572 4.440275 -10.530365 -1.832029 -4.496106 -5.188097 -4.523311 -4.455801 -8.029873 -1.741836 -5.984844 -3.908532 -5.758327 -3.980032 -8.396099 0.691018 -4.085337 2.306813 -1.108268 4.405739 -5.168690 2.865671 -2.403518 -5.056139 -11.187280 -6.183151 -3.309149 4.660284 1.835754 2.007500 -3.571043 0.395939 -0.526413 2.130905 
7701560712747985109.mp3 :-114.961879 87.829940 19.550852 39.823523 4.348102 6.284846 1.805492 5.870250 2.123167 7.764633 0.872570 8.740566 -1.118332 5.151386 -3.760823 0.883331 -3.991217 -0.149903 -1.900037 6.566643 -0.774254 6.471627 -0.470639 1.890038 -3.778588 3.214103 -3.507149 2.810198 -2.249940 -1.441876 -2.762534 1.566398 -2.440257 0.005756 -3.649313 -0.124111 -3.573904 0.346888 -3.378875 0.385412 
7723290575536285876.mp3 :-108.703148 82.667499 22.123332 27.042970 -5.802547 8.608685 4.591495 2.322566 -4.094986 3.186030 -14.694345 -0.393424 -5.498563 6.404260 2.013009 11.931931 4.286666 5.816186 -3.476998 0.009955 -1.463953 7.826570 -0.212042 -0.424135 -4.027337 3.753158 -3.529659 1.604393 -6.009355 0.633884 -0.528749 3.147358 -4.697876 1.139336 -5.075525 -2.201084 -4.398992 -0.813066 -4.018107 0.411450 
7714181609216120557.mp3 :-115.474920 106.098227 11.383284 40.297327 6.491079 9.502123 5.829051 0.923651 -1.751401 6.778917 -7.692152 1.038147 -5.095954 1.106386 -2.328831 2.051640 -3.229650 6.872839 -2.573969 4.942662 -1.730964 1.438141 -1.244904 -2.940844 -2.874743 2.033054 -0.310679 4.560585 -2.071393 -0.985925 -0.717881 0.608184 -0.146850 1.491745 -2.149341 1.666977 -2.591951 0.769511 -1.995138 5.617387 
7712838254061061926.mp3 :-185.444485 134.796550 23.287227 22.562913 18.862311 -1.835602 2.020121 -1.362694 -11.093155 2.218413 -11.827921 1.744993 -10.591718 -1.632544 -2.954401 0.998175 -1.067318 -0.289934 -4.850779 -3.369698 -5.574070 0.225153 -2.412884 -1.408725 -2.250357 -0.848017 -4.313107 2.566977 -6.099384 0.828692 1.494018 4.613052 -1.734704 -2.553805 -3.835088 -2.903968 -4.726065 -1.806486 -1.284641 0.346691 
7718526822052282170.mp3 :-235.062271 122.668878 2.483291 6.801660 8.393263 -3.847873 2.107672 -2.606601 -11.352837 6.713668 -15.300360 -2.165903 -1.014073 -0.562124 -2.048473 -0.562195 -6.661443 -0.482912 -8.018321 5.122500 0.578557 1.427475 -2.402764 1.202981 0.007341 6.836789 3.860185 3.754489 0.554454 1.226174 4.167729 2.071179 -4.876017 -4.915849 -4.791345 -0.530732 -1.032036 4.567940 0.735403 -2.661224 
7737845744679270238.mp3 :-86.778976 104.959801 17.697831 25.707044 -4.208888 -2.568000 -10.237029 7.415160 -19.717774 1.818185 -10.798107 -7.719459 -8.435629 -4.253364 -6.932628 -3.579807 -6.975210 -2.558733 -1.471233 -5.807453 -5.462097 -5.532599 -9.079902 1.528115 -1.774930 1.483297 -3.182472 0.146947 -4.495833 1.557403 -4.634499 -2.766105 -9.942955 -1.610158 -4.388811 1.949167 -1.834857 1.974682 -3.289071 -0.376456 
7723268573899764335.mp3 :-147.973221 126.199554 -7.271649 33.322072 0.156043 3.248262 8.585163 -3.495507 -5.428425 0.233606 -10.458331 4.483825 -0.329372 2.617501 -0.544007 -0.665430 -9.322457 3.366592 1.077178 9.228218 -0.768779 -2.984074 -5.820944 -1.541178 0.687761 3.014612 -1.465207 7.202302 0.237347 -7.042885 -9.917759 -4.434036 -0.604345 -1.097766 -1.938658 1.368217 -0.719156 2.883771 1.578152 0.533659 
7702413728563726865.mp3 :-220.403751 90.460919 -2.602921 20.742012 7.690774 1.147459 -4.654648 -0.769145 -5.660374 1.261957 -12.095747 0.582599 -3.223612 -0.232211 -1.769993 -0.613891 -6.688552 0.737877 -6.869575 2.489766 -4.162441 -2.265033 -3.972635 1.904369 2.048290 4.208614 0.009407 0.127540 2.809575 1.249837 -5.823321 -2.379046 -2.757170 2.857199 -1.037824 1.306756 -3.270396 -0.700504 -1.973558 0.786897 
7716313398234596496.mp3 :-78.363049 75.966208 5.190987 25.043074 3.239537 -0.482683 12.631990 -1.759746 0.011574 11.123797 -9.510041 4.861249 -0.374835 7.852683 1.092249 4.114434 -4.999203 0.734515 -6.925185 0.171611 1.783410 8.255223 2.073374 0.002791 -6.114814 3.623105 -5.151949 1.828985 -1.430623 4.925265 3.892187 2.593733 -8.730398 -5.704715 -7.432367 -3.009366 -4.219900 2.910441 -0.530562 1.075208 
772964561857251959.mp3 :-41.484310 87.722374 0.799177 36.590941 -5.556073 7.552351 10.947491 7.637038 -1.866460 6.476768 0.154996 1.404800 -4.048996 0.625957 -5.065664 0.154512 -5.423493 1.854467 -5.909985 0.610089 -5.447981 -0.102351 -4.902237 -0.274163 -5.533102 0.720208 -2.771428 2.505842 -3.671150 1.259517 -3.586851 0.434212 -2.146515 1.720005 -3.378889 -0.974336 -5.443999 -1.304469 -3.328295 1.427329 
7711365503797443296.mp3 :-142.760897 95.703954 12.826533 29.600238 7.762979 7.716248 -0.381775 8.192364 -9.177704 2.318895 -6.311061 -4.307848 -0.070499 -6.125142 -9.332918 1.483167 -9.979119 -1.671523 -3.398238 -3.594116 -7.712335 -2.401422 -8.533329 0.506501 -0.965963 5.032991 -3.125291 0.935728 -5.558357 -1.191004 0.462746 1.230861 -1.572653 0.004381 -3.533566 1.275528 -1.328481 1.038335 -0.247667 2.686578 
7738313169662589452.mp3 :-106.763530 91.424580 18.972847 21.048961 3.792828 6.122162 -2.351253 5.262191 -11.269886 5.957535 -8.361322 -2.342859 -4.563147 -0.911584 -0.991359 -0.562200 -5.636250 -1.411496 -7.063458 -2.274660 -1.765382 1.445009 -2.360873 2.561060 -4.516109 -0.314469 -4.804948 0.756396 -1.300298 1.564666 -4.259691 -0.962729 -1.712035 2.566712 -3.597599 -0.644414 -4.209152 -1.995475 -7.626105 -4.483745 
7730860576144376793.mp3 :-81.246755 35.627665 5.486536 39.407015 6.130469 18.964895 4.972931 15.898305 -2.008731 9.980610 -0.445062 5.850962 1.894895 7.185480 -0.045368 4.670329 -5.171060 2.341640 -3.604252 1.834692 -2.251581 3.927688 -4.798143 1.776114 -1.570904 1.063514 -4.175082 2.076495 -0.974277 2.579674 -4.409273 -1.963112 -5.594541 0.300628 -2.407762 1.659446 -2.992840 1.347023 -3.391283 0.403167 
7716054524125326721.mp3 :-52.503614 52.114905 11.632925 28.115351 -3.691964 1.655638 6.722564 -1.617478 -3.066990 1.737618 -7.863718 0.586306 -5.194386 3.637085 -1.455066 8.003865 3.173985 8.184660 0.311310 2.691842 -5.269590 0.801575 -2.715874 2.620895 -2.804964 3.909832 -3.808232 0.409888 -3.739351 5.741926 0.202129 -3.113855 -4.891047 1.845371 0.008479 2.212267 -2.250392 1.400831 -6.467671 -3.714053 
7700869152794141183.mp3 :-130.207286 69.001623 9.821667 28.465179 -2.968382 4.932873 -6.922656 7.792654 -16.820516 3.415649 -6.432188 -2.759014 -2.121829 0.246303 -5.650682 -0.253474 -6.276697 -2.068083 -10.346880 -3.020107 -5.105798 1.183250 -7.418381 -1.144705 -8.167002 -5.352485 -2.677342 0.688531 -5.739302 0.671665 -0.101248 7.916126 -0.224537 1.835672 -6.754291 -2.988058 -7.042546 -0.919403 -1.553490 3.576268 
7702069032337145432.mp3 :-157.609967 116.611496 -0.619961 32.803795 2.190245 5.736122 0.303484 5.063426 -5.357699 0.704628 -0.960223 -0.009044 -2.049237 1.575010 -4.439633 1.153584 -7.140892 0.578958 -7.824066 -2.621289 -1.558926 -4.026089 -7.940373 -1.292406 -3.834560 0.199776 -3.386601 1.454283 -0.133502 3.686140 -4.828141 -5.408410 -7.650065 -1.684800 -2.780822 2.054934 -1.768187 -1.043414 -3.796808 1.264718 
7743173397683438489.mp3 :-173.327675 110.893772 17.796110 25.402457 7.842131 5.514620 3.353962 -2.001144 5.013819 2.267022 -6.629677 3.637547 -4.149619 1.255565 -3.547180 3.811308 -0.798445 3.628224 -1.083563 -0.816261 -2.006244 6.862772 -1.164450 3.148448 -2.708819 1.405850 -0.389116 3.654490 -5.727062 1.241220 0.103762 3.629225 -4.170641 0.086419 -5.501943 -1.127503 -5.753368 -2.184872 -3.914960 -0.462547 
774509809330536209.mp3 :-95.708431 79.359016 14.887587 12.190729 -4.939336 7.021957 -0.869219 -2.606871 -13.047272 0.708029 -14.496310 -2.669164 -3.784446 2.363834 -5.495467 3.566433 -8.076837 1.467122 1.758330 9.338466 3.115592 -0.410377 -10.981507 -4.624268 -4.945493 5.344857 0.942840 9.553702 10.313094 4.036238 -12.337608 -8.979720 -1.071326 1.489810 -3.480034 2.096201 -3.317217 1.872527 -4.330127 1.684648 
7687576268245849195.mp3 :-134.062989 72.352692 0.347827 33.104022 0.361391 10.801243 -10.368808 3.791987 -8.352170 2.761831 -10.294700 0.416854 -8.914300 -2.674809 -8.209909 0.676078 -1.873570 0.358389 -0.706757 1.535199 -4.929995 0.425123 -4.675319 3.600365 -2.720582 3.078216 -3.788810 1.393743 -4.248370 -1.921604 -2.082981 0.284318 -4.588655 0.123752 -3.915497 -0.306700 -2.081125 0.761607 -4.497300 1.648105 
7728771371962380745.mp3 :-46.897051 81.810209 -2.941458 16.146431 10.874476 -2.162709 -3.083736 9.638547 -5.414084 3.247970 -1.814816 -0.283154 -2.441410 3.833790 -3.661821 1.022474 -5.639460 -3.141239 0.080722 -0.216308 -8.199437 -3.964575 -7.333621 -0.639878 -1.505245 0.783821 -6.102830 -1.197270 -7.735074 2.937415 -4.534169 -0.204066 -5.231521 2.439554 -1.351734 4.039210 -0.773088 3.894487 -5.535496 -1.786736 
7724367971812237723.mp3 :-165.888492 100.371244 4.198888 31.516669 14.129848 8.702647 2.673799 9.358966 -4.463804 6.954459 -0.724538 3.644092 -0.634882 1.758858 -5.833591 1.167914 -3.984100 3.584265 -4.438600 -3.688095 -7.166714 3.002095 -2.801622 -0.820560 -1.010825 1.895564 -5.500521 1.292424 -5.021470 -5.737411 -2.245873 4.361839 1.347436 3.639053 -2.678707 -1.437746 -3.775403 0.414594 -0.588385 -2.618485 
7724942400688127929.mp3 :21.473580 61.697206 -0.690130 17.560569 1.867871 5.913559 2.910092 5.173154 -5.360562 7.747063 -2.419270 4.852029 -1.473179 3.521945 -1.071205 4.113332 -2.694674 3.934212 -4.862699 3.448086 -2.267084 -0.964848 -6.169238 2.615154 -3.322649 5.098228 1.308121 3.423458 -1.787100 5.750195 -3.758378 -1.940237 -5.090579 -0.616436 -3.267006 3.171989 -1.694337 0.550486 -1.930324 2.450345 
7695782117686967766.mp3 :-79.465698 69.875192 0.990616 22.570039 3.620897 6.786295 2.887047 4.151603 1.248958 5.698970 -5.526754 8.931591 -0.438785 3.392374 -1.533626 3.969636 -8.746709 3.134504 -7.274431 2.433794 -2.816156 1.099115 -2.037394 1.742096 -0.916585 -0.829451 0.372337 7.717468 -0.363678 -1.917246 -7.039808 4.724710 0.985176 1.162475 -5.760089 -0.552856 -3.545127 -2.736131 -4.763902 1.627153 
7718473840302045482.mp3 :-108.628891 100.112438 27.296425 43.623921 5.568530 13.493733 0.530950 7.877571 -9.807666 7.190695 -8.687584 -1.958795 1.400102 -4.242490 -6.890025 1.705312 -7.902181 -1.122617 -2.178400 -0.830221 -1.398915 2.061561 -7.863970 -0.306566 -4.922585 2.669120 -3.413316 3.521483 -4.576667 1.367759 2.983350 2.201386 -4.741556 -0.566466 -4.192698 0.877707 -2.162504 0.218707 -2.055364 2.949579 
7737697424081164156.mp3 :-40.146281 65.699869 -4.622959 19.795962 1.637490 11.524955 -1.956139 1.843638 -3.828877 -0.249955 -9.538524 -0.329777 -5.150877 -2.385067 -4.166895 2.387274 -2.214503 4.545025 -5.854009 -0.908235 -3.220983 2.207395 -3.750497 1.246992 -4.863429 -2.331088 -7.618356 -0.356849 -3.357988 2.808275 -5.416466 -1.878615 -3.202591 1.790722 -3.230989 1.005806 -3.090339 -0.980070 -5.632435 0.225168 
7721808760941135120.mp3 :-151.393686 109.086238 37.504440 11.210569 5.899551 -5.201258 -8.665095 -6.675875 -15.949315 -6.773830 -8.531326 -8.389536 -7.046794 -4.540228 -9.546199 -5.482954 -10.083518 -3.248613 -5.743159 -1.366347 -5.869699 -5.405956 -9.912261 -3.689523 -6.175390 2.541505 -0.282724 6.119204 -4.725606 -0.117971 -4.974861 3.865491 -3.001638 -0.179840 -5.791585 -0.247367 -2.733375 0.873076 -0.731200 4.436462 
7696358325819674559.mp3 :-68.021349 105.163425 13.484288 25.630769 -0.255601 8.863824 -3.148067 5.671878 -6.105883 4.072782 -4.323110 4.462912 -4.916649 5.775193 -4.653781 4.139871 -3.862305 1.618993 -3.508988 2.241534 -1.944805 2.065670 -4.868195 1.292315 -4.117025 1.501231 -3.964080 0.682746 -2.725062 1.424221 -3.130083 0.346768 -3.349378 2.018340 -0.640644 1.369084 -3.122966 -0.743789 -3.348080 0.038023 
7705805859121333239.mp3 :-135.837779 83.509657 20.701927 26.750159 8.930077 11.563762 -2.537025 3.750261 -5.969140 -2.060086 -6.324037 -3.867730 -4.394562 -3.808283 -9.668174 1.894159 -11.195462 -1.792439 -8.252211 0.104705 -4.608940 4.135000 1.050294 6.417486 -3.714940 1.054978 -3.830170 0.482500 -7.625629 -6.912700 -4.896421 1.265377 -0.071242 4.680256 -1.204887 -2.211773 -2.997593 0.850291 -3.912169 -3.688955 
7722485430193299994.mp3 :-159.814236 91.494625 22.960699 30.073722 5.615081 4.471476 2.812445 1.250794 0.509400 0.117849 -11.747436 -0.494225 -6.321553 2.050071 -3.127851 0.082188 -0.981785 2.316806 -6.321987 1.384698 -2.515962 3.582865 -1.431928 -2.780644 -8.040510 1.333038 -0.806127 6.201008 -0.751095 -0.283742 -3.153107 3.811473 -0.212736 -0.572211 -5.001890 -1.190151 -3.642917 -0.802121 -5.207723 1.786320 
7690243650937427822.mp3 :-109.503135 76.432628 16.669997 29.244371 3.347202 7.123760 0.089816 12.253212 -7.927553 1.704942 -1.257439 1.834469 1.368345 1.663604 -0.501011 6.506691 -4.734372 1.752994 -0.769743 1.067511 -5.837857 -1.859878 -6.431496 2.259795 0.438690 7.323570 -1.780818 1.167222 -2.663567 2.870870 -0.691516 -0.953309 -3.627492 -4.294408 -2.784537 4.248093 -0.790822 4.002678 -1.178939 1.025004 
