8103452782447150356.mp3 :-214.410349 108.607951 6.628581 23.836823 -2.995231 7.200427 2.623066 1.003594 -7.879419 4.671161 -12.779482 -3.411407 -5.011382 -4.058953 -2.837747 -1.766616 -6.365923 -0.081359 -4.615592 2.498997 -0.715344 -3.405791 -8.142035 -2.223691 -2.992325 6.760918 1.960261 7.007920 -0.928347 -1.781892 -2.539165 1.401455 -4.095488 -0.248806 -4.818617 -1.597720 -3.155194 2.817119 -2.340521 4.918044 
8118749208055850712.mp3 :-59.027069 84.184307 4.976521 24.388051 2.975055 10.454152 1.893882 11.741971 -6.170047 1.403877 1.588524 2.288509 1.138787 0.755736 -0.784008 3.112218 -4.839407 2.762587 -2.860847 1.444399 -2.704077 2.412940 -6.911842 -2.024428 -4.384275 2.591183 -1.809179 4.177780 -2.396053 -1.280722 -2.379096 3.529223 0.090654 1.958985 -3.332718 0.216148 -4.563904 1.651861 -2.827867 1.152721 
8165832321032529562.mp3 :-68.966602 74.697686 -3.365869 14.246463 2.726154 12.922775 0.236622 9.865808 -4.776451 8.386626 -3.122695 4.105826 -3.415866 3.655562 -2.320138 2.897224 -4.523098 3.552925 -3.337807 4.413010 -1.797949 2.988693 -3.323717 0.710213 -3.720445 -1.195990 -3.809018 -0.312775 -4.123797 3.065930 -3.754926 -2.908223 -5.354662 -0.051675 -3.696269 0.385071 -2.550406 -0.484702 -3.734606 -0.064527 
8074218953401125242.mp3 :-174.159801 106.511187 20.106748 32.794679 8.452257 12.239524 0.507067 7.311383 -6.137361 -3.683693 -2.321220 0.042407 -3.833790 -4.352009 -5.634850 -1.625162 -12.272638 -0.763564 -3.801947 -3.615862 -6.614808 -1.237054 -8.874185 -2.683928 -6.277943 -1.356023 -6.939522 1.189819 -3.618354 1.575649 -5.421728 -5.582903 -9.206836 -2.793577 -2.643088 3.668976 -0.978681 1.420700 -4.674594 0.357595 
8118279203758312672.mp3 :-38.621190 76.952795 8.800585 23.795443 1.852684 6.387811 1.370101 6.253164 -12.129962 7.336726 -3.643421 2.747698 -3.272432 0.282801 -6.419791 2.522765 -7.219233 -0.128958 -2.091034 4.505120 -2.644404 0.900694 -8.246363 0.899857 -3.646980 2.800412 -0.677311 2.056842 -4.634685 0.800977 -3.910126 -0.355804 -5.175257 -1.856643 -3.255345 1.460076 -1.279946 3.608287 -0.801751 0.887535 
8099669435240846882.mp3 :-103.980696 79.342397 9.826602 27.384729 0.819553 4.095087 1.254944 7.653162 -8.027569 3.682047 -0.016239 4.820980 0.961492 -0.562965 -6.090439 3.878863 -5.197697 3.184514 0.435981 2.798285 1.301572 5.572626 -2.467600 1.985984 -4.303489 -0.730817 -4.889139 1.026660 -7.568415 -1.323132 0.504178 2.570585 -1.976232 -1.768086 -6.119305 -1.192856 -4.623897 -0.998422 -2.503412 1.414829 
809842856074259736.mp3 :-131.904725 107.094851 20.094146 23.016537 9.475199 9.006296 1.653424 9.838202 -10.630185 14.750402 -2.735936 0.369833 0.632433 1.008824 -7.597625 -3.429843 -7.818992 -0.470994 -6.981383 -2.964017 -0.710915 -1.494110 -4.884521 2.873863 -2.748122 4.285908 1.620925 3.336095 -4.206064 0.678784 -1.974112 0.674484 -3.903492 -4.053909 -8.461440 -2.065476 -5.409200 1.546139 -0.511215 0.983476 
8102840888441923940.mp3 :-118.370366 93.192744 8.522236 37.838178 6.450854 8.578373 0.867071 5.432871 -5.964248 3.085286 -7.197867 2.561953 -5.947785 -3.898721 -8.482524 -2.686059 -5.239986 3.381634 -4.531530 -1.406735 -1.783237 4.814065 1.253851 3.047873 -6.427776 -2.788539 -6.665106 -2.983544 -9.361165 -0.715754 2.660281 3.602834 -3.416589 0.616715 -3.634452 -1.310794 -3.073073 -0.300413 -7.189813 -0.836917 
8085945229639537854.mp3 :-186.369067 125.180869 -7.002419 10.443660 1.186970 -9.265779 2.744640 -16.578596 -13.927937 -1.605629 -18.337532 -1.787045 -7.355940 -0.647642 -3.580051 -1.296694 -5.867793 3.052790 -0.273481 2.479177 0.311112 -1.454868 -3.980375 -3.433256 -3.248924 0.616884 -3.699727 0.625703 -1.934652 -5.467643 -4.587300 2.328632 -3.363352 -2.792117 -5.585744 -2.697257 -4.410076 -1.398724 -6.209091 -1.159919 
816235637218271285.mp3 :-59.986351 82.683717 14.381546 31.231939 12.805719 4.836134 -0.942421 11.928711 -11.165697 9.669614 -1.940354 -1.734275 -3.197723 5.878343 -3.175060 1.817214 -7.131755 3.827301 -3.204002 -3.390968 -4.934523 1.953616 -5.069449 0.977248 -3.899067 0.118843 -3.331774 4.360843 -3.511254 2.092934 -1.693189 2.247922 -0.880885 4.208310 -2.477506 0.213271 -4.117353 -0.632633 -2.425999 0.967836 
8143369854740784872.mp3 :-146.021982 147.218283 -19.069696 33.825172 -2.178077 13.256753 -5.728930 7.257122 -2.492089 -3.680519 -5.409882 -8.051106 -6.538995 -2.624206 -7.872419 -1.190256 -4.845499 1.228275 -5.252386 -4.554322 -8.880665 -6.920359 -4.660059 -0.192969 -3.614237 -2.591401 -4.865203 -5.427671 -3.421283 3.013475 -1.390771 -5.631046 -5.682053 -2.314371 -0.663019 2.442851 -2.534488 -0.062536 0.671950 -1.199971 
8115191773428547625.mp3 :-203.028050 104.286102 8.515578 15.357706 4.314434 -3.656310 -1.880416 -10.116617 -12.133503 -7.774529 -12.296826 -5.390956 -9.625967 -7.373088 -10.848448 -9.002946 -10.341312 -5.207626 -6.414827 2.043369 -5.666753 -4.770514 -9.490924 -0.841548 -4.734831 1.580502 -7.974075 -6.831124 -4.834421 1.803223 -1.509575 -5.207198 -8.066470 -0.162940 0.341317 4.066222 1.719569 2.535060 -2.435877 -1.876090 
8091081838715926194.mp3 :-117.069763 98.547242 10.723877 29.013940 -4.612207 3.332865 -3.426463 -6.002250 -6.531445 -1.193345 -10.280764 -7.805479 -8.449416 -3.937909 -7.592009 -1.112777 -3.124989 1.520910 -4.157474 0.960341 -6.847038 0.387475 -6.277198 -2.489573 -10.957120 -1.716854 -6.986721 2.116987 -5.023105 -3.785642 -6.089819 -3.148449 -4.624436 -0.429242 -4.020404 -1.962188 -6.748298 -4.027714 -7.688982 -3.368403 
8085672222085675852.mp3 :-122.500262 94.450419 13.196790 36.744386 9.531752 13.885624 2.615720 7.895569 -1.172489 -2.821314 3.977610 -1.416185 -0.714891 -1.835453 -0.828072 1.351038 -4.091542 2.573066 -3.714831 2.245728 -3.424769 2.417642 -2.814694 3.762839 -0.704947 1.999172 -1.109319 4.304061 1.135603 4.479549 3.432678 2.702955 -4.778538 -3.371897 -4.746968 -3.007628 -1.379865 2.927108 -0.881749 4.667858 
8087345136493957831.mp3 :-206.655901 114.334012 14.847683 31.656182 12.142143 -1.229207 0.066958 3.632864 -15.700123 4.004689 -6.393567 -3.386424 -11.057480 -4.772820 -6.594675 -4.953946 -10.158886 -4.302356 -7.974616 -3.125092 -4.607558 -0.238639 -0.975162 -0.168768 -7.353626 -5.359101 -4.882505 0.237951 -4.054218 -3.345503 -5.312751 1.488166 -1.793722 -0.877081 -7.193760 -6.399309 -8.853171 -4.074859 -3.450189 1.130162 
8109541516943173731.mp3 :-16.115449 76.843417 5.353295 17.201798 5.349543 12.865683 -0.870310 7.900058 -2.971873 9.343854 0.318996 4.963818 0.025212 4.384720 0.238329 3.976240 -3.315668 2.834235 -4.431570 0.902861 -0.677596 2.740515 -3.357345 2.665344 -2.338164 2.344097 -1.129938 4.717034 -0.299467 3.253013 -3.613863 1.111632 -1.238788 2.602960 -2.247245 1.706692 -3.605541 0.253754 -1.708991 1.709372 
8113832461164804888.mp3 :-208.511858 113.546462 29.859548 21.057189 6.176053 0.866610 7.303155 4.417490 -6.094087 6.565850 -8.335705 -0.951059 -3.253218 -0.062874 -3.178891 -4.618819 -3.050365 4.116110 -3.679965 -0.310874 -3.887766 -0.074545 -1.938821 3.139343 -0.828097 3.706693 -2.838274 0.981629 -1.185484 3.217432 1.870728 1.049231 -4.538113 0.804327 0.609645 4.420447 1.290051 2.552536 -1.729068 -0.211274 
8153151926530115843.mp3 :-80.229929 93.426269 15.824893 23.591140 12.317394 1.636102 -5.500954 11.681484 -10.601569 4.774900 1.280416 -3.737265 1.905370 1.342385 -0.362478 4.212339 -3.509123 2.126308 -3.813486 -1.757918 -4.560742 7.407882 -1.597640 1.774708 -5.634163 0.017001 -9.149427 1.921987 0.657097 6.848899 0.163321 0.640496 -3.323989 3.756872 -1.934369 0.383519 -5.919386 0.425009 -4.807449 -3.179830 
8114858369334371075.mp3 :-84.170198 81.210343 -11.909012 19.201445 -3.232548 13.241741 -4.002407 5.864479 -1.657613 2.495255 -1.234603 2.812829 -4.850182 -3.199757 -5.750955 1.790561 -2.519623 1.646000 -3.164630 2.412784 -3.313203 2.297092 -4.377787 1.116271 -4.351512 0.768937 -2.727291 -0.072295 -7.580200 -3.145014 -0.894258 4.400149 -5.386105 -3.984806 -5.215649 0.245730 -3.530804 1.718960 3.492842 6.620852 
8125100724075831311.mp3 :-110.357323 94.091741 10.946102 17.527841 4.180571 1.281870 0.106941 1.966854 -8.931509 4.146835 -13.687480 0.616730 -5.371324 3.038915 -1.973826 5.255991 -7.223787 5.854228 -2.418635 4.032101 -7.648181 -6.817672 -9.626201 0.677446 -0.402601 4.790838 -0.829338 1.499608 -4.968770 -1.351177 -2.149380 -1.761479 -5.716011 -0.488109 -1.808544 3.674614 -0.315331 4.659245 0.120026 2.599498 
8145038840681810035.mp3 :-119.542890 97.296407 10.495819 25.387761 -4.289898 7.135965 -8.279065 -0.108762 -15.466294 -3.943950 -5.276067 -5.402279 -1.844750 -1.841398 -5.372668 3.587293 -5.757047 -2.662104 -5.432925 0.149354 0.253199 2.904637 -7.777314 0.386756 -7.350215 -1.110787 -3.159009 2.856923 -1.869194 -2.380881 -1.730816 3.355386 -0.239329 0.265500 -6.352787 -2.779390 -6.695382 -1.424876 -3.161573 4.326823 
8144255285505865393.mp3 :-213.613074 143.855396 2.058697 14.268553 4.229455 -3.099612 -11.163366 -7.268736 -6.666174 -3.571667 -6.375020 -0.636664 -2.700746 -2.303864 -6.185838 1.915406 0.414752 3.168869 4.262772 4.643044 1.957778 2.594698 -0.568133 4.860454 4.181048 2.472991 -1.818842 2.470138 5.151854 -4.683630 -14.205303 -3.880272 3.503222 2.522880 -3.057245 -2.178288 -6.771235 -1.226486 0.146370 -3.707108 
8146635245459814078.mp3 :12.776872 57.696374 7.769154 19.514666 5.391611 11.829153 -2.247231 6.241243 -4.550929 5.135261 -1.563298 5.279213 -2.021217 3.415605 -3.437168 0.757195 -5.454816 -0.121475 -5.027584 0.300844 -3.019649 1.762977 -3.756348 2.421638 -3.400711 0.559637 -4.493039 1.913214 -2.298659 0.760696 -3.935819 1.477786 -1.608461 1.879486 -1.808160 2.294966 -1.941580 -0.108864 -2.742601 1.796247 
8125953327104819802.mp3 :-100.699666 106.287796 11.070665 20.537472 -0.238630 1.438977 -2.861512 -2.743308 -9.334188 1.550178 -14.259194 -3.120708 -6.083479 1.010921 -3.615024 3.095759 -6.534020 1.193816 -6.690548 0.750257 3.097146 5.355798 0.669845 0.506921 -7.166948 1.682171 -3.118106 0.700944 0.054125 3.179147 -0.468593 -1.604112 -7.258339 -5.205204 -9.319986 -4.321383 -5.707301 -0.106195 -0.919461 2.551630 
8147510538867598711.mp3 :-123.842304 88.705342 10.083739 22.505355 6.752911 10.784226 0.899801 4.850283 -1.510930 4.201168 -4.539269 4.081242 -0.531424 4.317117 -0.884458 5.256016 -0.912884 1.813494 -4.713846 3.726767 -0.892017 3.236557 -2.815804 0.254738 -2.994029 2.393013 -2.477954 5.208669 -0.301959 1.889407 -2.619830 3.438526 -1.054272 0.913245 -3.446474 -0.061512 -3.916814 0.063385 -2.142970 1.746252 
8162629578256433033.mp3 :-121.388663 104.227635 14.954979 15.924433 -1.057739 3.257554 -2.989805 0.334229 -8.968533 0.780976 -4.516784 0.115530 -7.651856 -0.861899 -9.088043 -3.554580 -7.590006 -1.129019 -5.302429 -1.819963 -3.919871 -2.588148 -4.497454 0.656944 -2.763921 2.051986 -6.025442 -2.417530 -8.089518 -1.100794 -2.316693 1.700803 -4.097181 -0.281953 -4.646729 0.784700 -2.963779 0.053290 -3.738134 1.265727 
8129354848279856977.mp3 :-103.929869 84.253555 12.948322 32.437655 8.422905 4.083609 -6.736179 5.067652 -11.515902 -2.385051 -8.074731 -5.034396 -6.372798 -4.695535 -7.722228 -0.331949 -9.853873 2.009467 -1.824341 0.624571 -5.208452 -1.034500 -6.264074 2.801055 -5.932848 1.858103 -7.085208 -1.250259 -7.126069 -4.550885 1.029231 1.194566 -1.131239 -0.610004 -1.695551 1.516839 -3.581155 1.314938 0.098884 1.538901 
807933004246241466.mp3 :-57.517425 92.342830 19.324971 14.765912 2.530752 1.825747 0.836514 8.248188 -12.132512 8.244649 -11.301702 -1.896256 -3.001947 -5.094709 -2.586550 0.299758 0.617416 1.862898 -3.926619 -3.012149 2.835057 5.805297 -2.788758 1.583622 -5.367360 2.816980 -4.323644 5.373172 0.387172 3.171797 -1.152797 3.739576 -4.273324 -2.243436 -5.232668 -2.429227 -3.523509 2.188283 -0.518096 0.985330 
8142575168911083537.mp3 :-125.236760 98.555655 25.105744 34.729250 5.935679 5.606649 0.069218 2.771166 -11.292510 5.614238 -8.207946 0.621091 -2.989739 -4.015846 -4.502181 -2.091094 -10.095360 -3.847120 -6.666442 -0.693359 -7.897262 -4.679816 -9.446756 0.098908 -6.894706 -2.661252 -4.745326 0.575240 -4.489904 -2.789741 -9.153476 -3.562202 -3.307182 3.712910 -2.000162 1.142973 -3.740314 1.931393 -2.616403 -2.578589 
8161139251200562753.mp3 :-124.716268 113.417851 17.167038 25.018090 3.628671 6.262403 5.110199 -0.754839 -11.640783 -3.796890 -9.792438 -2.938516 -10.780609 -1.717343 -7.851518 -2.840554 -7.617319 -2.055870 -5.647097 1.690723 -2.725489 1.851482 -3.831921 -2.197346 -7.973678 -0.505530 -2.134119 2.707545 -0.635305 0.673799 -2.918935 2.968521 -0.463126 -1.546717 -5.234506 -1.268379 -6.900790 -3.685061 -2.178865 1.050451 
8106534483636901108.mp3 :-138.725313 74.749819 18.464330 31.720326 10.498433 17.130647 7.919376 10.150812 -5.823970 6.876648 -5.131948 2.293768 2.703864 7.001700 -7.124778 9.156158 -1.255390 0.490380 -0.234820 4.971295 0.905345 5.133540 -5.073589 -1.182660 -4.502578 3.694684 2.306278 4.112970 -1.954221 5.943813 7.364892 5.014308 -5.231467 -6.197814 -7.057924 0.937024 -3.554454 3.540777 0.986207 0.984100 
8112111565808205830.mp3 :-93.366028 78.261680 7.305837 33.270066 4.307609 2.007785 4.700424 7.075058 -10.515444 13.442041 -0.505463 2.704357 -2.043893 0.449780 -4.015603 1.707463 -7.196162 1.179929 -7.082324 -0.654079 -0.742315 4.745952 0.474062 5.268499 -2.073742 -0.180411 -3.469481 -6.038829 -6.877399 1.657581 2.205919 5.329221 -4.402221 -2.171145 -5.122745 0.417628 -3.663750 -1.294122 -5.208309 -0.635565 
8171710705980223751.mp3 :-59.900981 100.793935 0.656293 18.307563 0.998048 3.185932 6.118822 3.596302 1.049934 7.828313 -9.111467 4.893047 -3.084364 -0.763644 -3.277137 2.656778 -0.874005 8.267874 2.936412 5.427316 -3.276254 -0.677139 -2.073943 4.220513 -2.754223 3.657744 -4.590155 1.435121 -1.697530 -1.243177 -6.600052 0.372772 1.292901 5.561225 0.627169 3.112019 -1.281093 0.965860 -3.030094 2.115225 
8087870533529741482.mp3 :-58.555005 78.380747 6.622700 31.801843 7.009727 14.521490 -1.848384 10.162491 -1.624121 5.426983 0.020197 7.059151 1.372585 5.636845 -1.656874 5.608362 1.651789 7.000342 -3.585398 -0.245555 -2.002295 6.213471 7.104112 3.174015 -2.500935 -0.296475 -2.765855 -2.077180 -8.710247 -0.159046 6.444952 8.130321 -4.552735 -1.223102 -4.971821 0.361840 -3.817399 1.288756 -1.447149 3.093980 
8144901367574237308.mp3 :-104.214908 85.960596 -28.383710 13.047723 -3.922111 -3.459786 3.295202 -12.744872 -6.701557 1.258450 -13.653575 4.466705 -7.615237 5.486207 3.568265 7.141926 9.389055 12.160380 1.777359 -2.907438 -10.984711 5.621511 7.194088 4.187779 2.298410 -1.335608 -7.246606 -3.908711 -8.019025 0.196405 0.015106 0.059545 -4.627269 -0.211182 -1.615226 -0.965936 -4.183557 -5.968556 -7.640772 -4.393580 
8104291757477598616.mp3 :-220.168378 118.728359 -32.313960 20.431713 -21.011399 -10.450653 -0.222750 -3.731248 -16.099195 2.030791 -9.234495 -8.777110 2.379032 -10.263409 2.552085 0.402174 -4.206844 3.409389 -1.972838 3.360375 3.983676 1.891506 3.692198 9.344027 5.842300 7.179674 1.233232 -0.524440 -0.180677 0.169621 2.008481 -0.250599 -4.782798 -2.613302 -1.538289 1.904968 2.536279 3.373088 0.848763 -3.585996 
8122305787037918417.mp3 :-287.416243 121.329961 5.392602 19.588387 13.082607 12.030522 4.282900 0.067613 -3.669192 0.383347 -7.889470 -1.178243 -3.358506 2.881892 -1.400401 0.309969 -2.742599 -2.116213 -6.941096 -5.006205 -3.342598 2.063451 -2.468499 -1.724870 -3.292393 -0.704499 -3.461853 -0.069083 -3.060508 3.084955 -0.629221 -3.551015 -1.922491 1.280636 0.831568 0.771815 -3.793992 -1.551487 -2.365058 -6.754634 
8111118689516280264.mp3 :-207.190401 113.550246 2.377798 20.954470 1.554201 9.514066 -5.645956 6.101961 -0.496434 4.537844 -4.812356 -0.971202 -3.268822 0.642152 -4.413586 3.003116 -4.364953 -0.293130 -7.973661 -0.845246 -4.038845 2.517437 -2.105302 2.085216 -4.425930 -1.927983 -4.536872 2.746438 -2.344160 -0.777188 -1.948122 5.740147 -0.254147 -0.454316 -3.708003 -2.384771 -3.752339 1.239204 0.254237 1.687131 
8078509479982795830.mp3 :-128.719827 101.490864 21.899463 24.800030 14.998677 7.342535 5.444393 7.947662 -6.347568 6.470153 -6.341693 4.421144 -2.731661 -2.727074 -4.876815 -0.270940 -7.821194 3.615652 -9.118111 2.618082 -2.990191 -1.606854 -4.193631 1.917120 -5.508023 0.270365 -3.569674 -4.458213 -7.034574 0.331580 1.251194 6.242615 -2.292303 0.160851 -3.088451 -1.178616 -3.833362 -0.586397 -2.135852 1.935884 
8111668106975987543.mp3 :-60.462777 37.468031 11.106875 19.178592 4.537182 18.635117 -6.659639 10.133525 -2.027343 7.800012 -5.751580 4.041504 -5.227857 2.581419 -6.058267 0.615928 -2.594021 1.865703 0.858071 1.631730 -4.123797 -0.420988 -5.319577 -0.120353 -3.157344 0.134421 -5.146070 3.993023 -4.028116 -1.120454 -10.806316 -2.817389 -2.693140 3.285261 -2.078586 0.005357 -3.589599 -0.378063 -1.977797 -2.413675 
8113253308624218202.mp3 :-202.959659 124.192530 -3.260021 30.474631 8.512861 11.690553 6.393495 1.700637 -0.094637 8.170404 -4.626621 0.067341 -4.947184 0.916241 1.165983 4.257505 2.054420 2.337198 -1.717160 -1.877588 -1.121311 4.624434 0.860419 -0.400393 -2.472589 -0.558596 -2.286282 0.324688 -4.207880 0.294651 -0.329778 4.985836 -1.040648 0.363983 -3.991523 -2.304949 -3.674359 -0.635273 -0.694963 1.556569 
8139648273775442537.mp3 :-145.456189 96.979127 0.843841 11.716581 3.484351 -1.695989 5.976981 -5.785561 -6.451321 6.567523 -10.280485 8.057022 -5.473573 -4.233264 -11.418536 -0.590950 -0.944160 7.297973 -5.156038 -3.384405 -5.034383 6.623722 2.284807 3.292297 -2.988727 1.677962 -7.811667 -2.972797 -7.869844 1.442608 7.094759 3.634476 -7.007157 -2.937192 -3.689062 -0.805314 -2.554943 1.195132 -4.170347 2.200459 
8121174542805843752.mp3 :-128.620024 109.626946 -3.224904 6.125205 1.036301 1.113122 -3.503130 -1.324713 -2.449457 2.919512 -8.141482 -6.223248 -7.864419 0.048175 -3.704699 5.424623 0.440830 3.296393 -3.545683 4.264204 0.004271 3.046860 -1.952827 -1.235771 -7.570365 1.739057 -1.066589 6.896815 0.506849 1.402168 -2.377756 3.928800 -0.404240 1.978711 -4.276071 -1.405626 -3.318537 0.571662 -3.867928 -2.179298 
8168632526790293341.mp3 :-152.018293 110.077572 1.930883 29.935714 9.533894 12.503302 -6.711645 -0.379802 -11.234765 -0.716144 -10.335987 -1.841749 -8.714204 0.702348 -0.988990 -6.309738 -1.905326 0.518229 -2.527853 0.854778 -4.710743 -3.479609 -6.109452 4.677385 0.395712 1.900152 -3.563036 -0.597023 -2.240868 0.300021 -4.143611 -2.800767 -5.691335 0.334423 -2.800204 0.678343 -2.822484 0.208907 -7.696884 -5.157504 
816516367636156912.mp3 :-182.260774 46.682568 17.024058 40.710762 14.119940 15.876731 3.037720 6.857045 1.207611 7.373005 -7.033795 3.740432 -4.505156 1.853332 -3.300900 -0.545533 -3.937410 4.568040 -2.736451 4.920382 -5.846374 0.054780 -5.223139 -0.725595 -0.652528 4.638952 -2.012007 1.987558 -1.990185 2.151215 -2.513947 -0.716242 -6.196848 -1.669602 -2.867907 2.841574 -0.778808 0.995548 -4.377199 -1.269104 
8167993594552802376.mp3 :-88.776504 74.396069 6.208833 23.432894 -0.644742 12.649548 3.592349 2.034177 1.329071 4.099064 -5.523803 2.511668 -3.460898 2.752160 -3.455076 1.551634 -4.853891 2.663571 -4.075111 2.049787 -4.300948 -2.327306 -8.860953 0.439808 -2.847746 3.473151 -2.491741 1.617932 -5.527561 -1.192035 -3.490923 -0.076171 -5.777120 0.153490 -3.895721 1.339947 -2.921233 4.272739 0.082020 0.303982 
8105922996646162805.mp3 :-154.775665 106.543621 13.049032 15.569029 5.765526 10.437036 0.958844 11.023278 -9.126327 5.464985 -3.631514 -2.407151 0.583700 -2.766391 2.395643 -0.230525 -3.169788 0.248669 -2.190361 -1.780147 -4.717063 -4.405447 -7.433118 -3.608857 -3.679368 1.351377 0.848152 5.880109 0.150538 0.807285 1.042065 3.113104 -1.914689 -0.390046 -6.116442 -3.541081 -3.593911 1.599566 -1.084982 0.485133 
8082710451791581.mp3 :-134.705009 98.533803 25.373075 22.895736 14.180334 7.842885 -2.055494 8.977723 -11.596729 5.331040 -7.216932 -0.198849 -5.470764 -0.004551 -8.182756 -1.884655 -8.869429 -1.231345 -4.449006 -0.803982 0.529852 -0.082202 -5.044713 -2.453795 -7.372252 -3.765947 -5.358812 1.460739 -3.841246 0.815762 -7.021350 -2.865174 -5.537984 -0.302872 -3.918453 0.915414 -3.977444 -0.983862 -4.473680 -0.111416 
8095153768872485253.mp3 :-136.680750 80.013239 1.641453 24.819918 0.880729 7.189113 0.380030 3.209687 -3.626368 5.480755 -11.625897 5.832498 -7.515395 2.415720 -4.618344 2.889105 -5.835996 3.832378 -5.857209 4.945431 -1.428492 1.766539 -2.992758 2.396030 -3.203387 3.454662 -3.374816 3.399872 1.009279 6.363162 -4.116978 -1.927126 -5.471277 2.248169 -1.697312 3.401118 -1.929642 2.262995 -3.459726 -1.603150 
8120941157918771364.mp3 :-65.290059 74.068782 14.478415 26.959860 1.483550 14.133471 4.728622 2.666232 0.796705 5.852232 -6.680483 1.438176 -4.823998 2.460447 -4.146041 1.702731 -3.454404 4.108197 -2.608091 6.373538 -0.215506 5.489895 -1.792190 1.677565 -2.030021 5.060142 0.613209 4.199934 -2.390574 0.515936 -2.671286 3.433167 -2.153246 0.803444 -2.927403 1.279653 -4.207042 1.476501 0.605763 5.389442 
