3818865314316731752.mp3 :-124.223127 88.370832 25.530974 30.839965 13.046079 2.902159 -5.034696 10.550399 -13.901595 3.321168 -2.920023 -5.997380 -5.113779 -4.800508 -7.148862 -2.281220 -5.880111 -1.143965 -4.033371 0.920032 -5.085417 0.087631 -8.180918 -4.064865 -2.345116 3.816211 -1.937573 3.083744 -4.952049 -3.341833 -3.464025 2.616718 -0.826739 2.863396 -4.658794 -0.042176 -3.632234 1.638472 -2.463792 1.533737 
3871387429260838368.mp3 :-98.033354 93.165114 20.084283 31.479661 9.962459 6.214725 2.079495 5.819961 -9.399379 5.917945 -3.555960 4.619881 -3.319114 1.078907 -1.490080 1.897744 -4.880950 -1.487106 -5.973516 -0.859933 -0.865088 1.090637 -5.124336 -0.126210 -5.350585 -0.337532 -5.044346 0.027019 -2.590791 6.973076 -0.331531 1.122365 -4.813347 1.083666 -3.054901 0.262718 -3.483231 -0.128791 -4.322014 0.284807 
3841603519251315528.mp3 :-114.727962 32.725757 37.420252 5.160991 9.872668 -0.461487 -1.201486 5.915982 -12.589022 6.686541 -6.070280 0.272461 -8.053313 -4.886270 -4.521585 -2.490948 -10.810246 -1.335173 -12.197898 -0.153442 -4.134415 -2.310633 -11.137027 -3.206208 -13.956332 -0.046112 -2.211059 6.764807 3.613537 -2.158931 -6.573365 -0.417496 -2.048742 0.477626 -5.481633 -0.158499 -2.151132 0.898229 -3.062085 1.524137 
3889544920913965352.mp3 :-76.190316 87.286604 9.273183 28.948741 4.601368 8.168894 -2.650700 4.047747 -10.275499 9.215849 -1.476956 3.345173 1.115789 1.125009 -0.453802 0.453263 -6.710100 -0.116297 -5.392016 -0.038355 -4.025564 2.660081 -2.586493 4.933830 1.211762 4.841387 0.518459 0.392259 -3.495853 2.865412 -0.132468 -0.720860 -7.151006 -1.234142 -3.975863 2.626837 -0.841154 -0.491291 -6.486119 -1.134017 
3814501108383895784.mp3 :-134.974585 113.072197 8.755143 17.699323 6.016483 2.064568 8.719337 4.191228 -2.364213 4.534978 -3.747818 1.466214 -6.314671 0.979048 -3.781758 -1.751648 -4.090698 3.165215 -1.363605 4.922787 -6.237897 -2.595086 -1.941533 7.356714 -1.405280 5.737794 -4.500248 -0.943925 -5.836933 1.467630 -5.302541 1.152936 -2.661998 2.142515 -0.826829 2.640154 -2.455158 1.151434 -1.965503 -2.350328 
3839864017051755411.mp3 :-172.957601 85.363525 30.989091 13.387184 22.093739 13.799532 11.505237 7.665577 -1.734911 11.150223 -1.165191 -0.350611 -3.949533 -3.646885 -2.750074 1.334967 -4.093075 1.040888 -0.659694 6.428485 1.709327 0.584495 -5.480285 -3.424370 -7.150621 -1.051889 -5.019910 4.317610 2.357099 3.778444 -5.506900 -5.269643 -5.704268 1.688006 -1.934322 0.077116 -3.634616 1.231490 -2.698903 -0.467127 
3853943783962024182.mp3 :-63.011212 100.843995 3.947803 22.370444 -1.513613 18.544338 1.478040 3.401271 -1.074056 -0.496702 -1.849754 4.496946 -0.106192 6.490014 -0.393515 5.748314 -2.274157 0.809639 -1.803274 1.937604 0.616546 5.689722 -1.844203 3.121592 -2.464031 4.187921 -1.356792 2.461648 -0.455894 4.093307 0.510864 2.854869 -3.128288 0.338814 -2.938347 1.246792 -1.859366 1.389349 -1.341985 1.262030 
3821313004324955074.mp3 :-110.669625 106.771574 -6.459351 21.319905 0.949651 11.223793 -2.693515 9.160864 2.298040 4.221781 -4.357152 -1.384368 -4.507057 0.679597 -4.176060 1.014102 -3.361172 4.227385 1.208892 3.685154 -8.992671 -6.711322 -9.875244 -0.766134 0.449369 3.942401 -2.382318 -0.807058 -3.755225 -0.606487 -7.887456 -4.965888 -4.976973 1.340315 -0.380330 3.812345 -1.340378 1.668100 -2.177029 -0.408280 
3844391559994101068.mp3 :-160.840145 97.753765 11.327047 35.214286 1.355889 3.956447 1.886360 1.273253 -4.638614 0.891582 -8.412767 -1.813705 -8.886854 -1.620005 -6.383408 1.802204 -2.217600 3.075332 -3.743888 -0.647810 -2.703899 8.513586 4.172465 1.995394 -4.411175 -1.040180 -8.879726 0.140507 -5.283342 4.983412 5.548974 -0.637433 -2.924998 -0.533830 -4.497063 -0.149263 -3.769833 0.554623 -3.596029 -1.928341 
3835950022349026015.mp3 :-100.416758 90.034413 8.953333 22.354435 7.975523 7.680729 -0.772599 6.991373 -6.189417 7.638234 -5.208397 3.700378 -2.951914 2.258454 -5.323043 1.113360 -4.665551 1.727049 -4.090640 0.354184 -3.465361 0.874291 -2.089731 3.662998 0.248046 4.423289 -1.054261 2.776997 -0.722474 4.544903 -0.099703 1.552343 -2.799071 0.797698 -1.441930 1.271698 -2.457475 -0.490518 -3.717019 -0.540157 
3864779209749259452.mp3 :-82.414095 99.739085 7.912404 28.035968 7.578237 17.946431 -4.253653 1.877909 -5.816562 -1.475974 -0.934509 -3.556016 -6.383519 0.138559 -9.436629 1.211705 -6.752403 -2.114205 -0.960900 3.918158 -7.890813 -2.273614 -7.583021 -0.161207 -4.639228 4.270414 -2.552623 3.332413 -3.647023 -3.550692 -4.063815 2.502398 -1.530084 2.477364 -1.889210 4.092730 0.370011 4.505357 -1.570374 2.489145 
3818186213916343879.mp3 :-136.860057 126.732359 -25.365492 30.580442 -7.672577 3.671581 0.376359 -7.571628 3.504285 -6.079525 -7.262379 -7.070527 -6.540591 -1.770419 -5.690613 2.108858 -1.843930 2.876629 -3.247615 0.578179 -1.689618 -2.152193 -3.587728 3.702708 -1.799771 -1.956599 -3.738739 2.240354 -1.626261 -4.213819 -4.795362 -0.923441 0.928524 3.685268 -0.412768 -1.340026 -5.723869 -6.592323 -6.600326 -3.904350 
3802355235627786444.mp3 :-156.634793 75.983314 -1.271560 31.870343 -0.201236 7.474273 12.382641 2.525725 -8.611852 4.775595 -8.372318 -0.128174 0.135898 -1.087760 -8.358145 -1.620095 -4.197886 5.380157 -4.052240 -4.536835 -1.854960 0.074809 0.878307 3.283621 -0.615561 -1.655251 -12.390164 -2.154788 -3.409667 4.741790 -1.425058 -3.185669 -6.671444 5.943633 -1.132928 3.415037 -1.564954 0.037950 -2.847083 -1.219612 
3822037622756611434.mp3 :-104.221160 86.494440 6.113345 28.292982 8.669108 8.757569 -5.274762 7.336457 -2.141488 7.476053 -3.115570 -1.319916 -6.049940 3.864278 -3.641360 2.353688 -0.671522 5.112694 2.431719 4.619439 -8.770536 -2.981889 2.811549 8.502616 -1.061131 3.066400 -2.163224 -3.806083 1.197809 8.384072 -5.778742 -5.154319 -1.500611 8.686031 2.486975 5.822990 1.248549 0.152161 -10.439924 -4.305613 
3833295949249147127.mp3 :-111.770480 109.266729 10.442349 20.991085 5.901814 -2.101111 -4.225159 2.922249 -16.242437 10.830022 -8.732298 -0.894426 0.042801 -6.614865 0.996314 -2.464889 -3.829997 -0.705029 -5.049463 -0.337537 -4.485551 3.788214 -4.552659 2.875712 -8.366399 -1.429589 -2.017872 1.791774 1.259773 2.818899 -4.349676 1.056271 -3.381900 2.161430 -3.253512 1.585229 -4.926270 -1.274974 -4.874719 -0.047237 
3811845053629272439.mp3 :-57.336484 69.911437 4.658262 28.193680 7.462162 15.699691 8.399237 11.031853 8.135868 11.237319 -3.195967 6.344985 -0.471431 4.666565 -0.334425 5.957021 0.845431 5.042240 0.948062 7.381979 2.207949 8.368365 2.434367 4.846123 0.664277 3.429585 -4.281077 0.647516 -1.585835 2.653717 -3.218204 0.335309 -2.645308 2.741291 -1.697024 1.585849 -1.830286 1.349418 -5.032586 -0.794211 
384924328107233159.mp3 :-46.247649 50.213155 17.747460 13.613999 3.244157 9.720840 -3.630854 9.578518 -3.424337 6.007678 1.351584 5.351279 -0.956127 3.340990 -2.621071 3.029114 -5.267086 2.230975 -5.533316 2.295256 1.482718 3.913258 -3.087407 1.752493 -3.844178 1.885550 -2.501113 4.718586 1.135289 4.912365 -4.283562 0.318207 -1.350390 2.450053 -0.194676 1.642424 -2.975309 2.524711 -1.152942 2.060348 
3871239290569902449.mp3 :-73.627393 100.049749 1.196394 19.909958 -3.210079 -2.907112 0.994660 -1.248744 -7.828267 7.923088 -7.711158 1.026058 -3.204517 1.201472 -4.367209 4.794031 -3.973039 1.862212 -7.681354 -0.154672 -7.594340 2.156958 -1.878151 1.704854 -5.485913 1.685150 -5.205255 4.028411 -2.216064 0.110439 -2.136394 3.104549 -2.103638 0.022927 -4.725055 -2.982080 -6.397771 -3.676973 -5.410077 1.339776 
3843002906806904986.mp3 :-32.803950 61.000160 12.001768 21.262762 5.220346 10.565246 -2.840036 7.758059 -6.830964 4.436563 -3.950754 3.603215 -1.562610 2.460940 -1.056911 4.319705 -6.534682 0.936864 -5.468167 -1.616943 -4.058587 2.982729 -5.037658 4.252949 -3.828023 1.571014 -4.912315 -0.403622 -6.101574 1.009629 -0.254687 3.218906 -3.039994 1.212514 -2.875745 2.504181 -3.897390 0.299663 -2.372406 1.227946 
3822300549372405449.mp3 :-88.271615 70.922703 -9.304227 37.763908 1.599449 26.503776 0.487500 11.604460 -0.145192 6.222780 1.611496 0.108972 2.617984 -2.900274 4.368479 1.225573 2.953403 5.691539 -4.353693 1.871140 -4.785892 3.157865 -3.688460 1.365641 -5.931431 1.070093 -2.672373 1.168751 -4.961768 -1.992108 1.322140 4.425368 -2.999411 -1.474005 -5.486654 0.302845 -4.494766 2.808584 0.318167 -1.105536 
3828570479819523528.mp3 :-215.859996 153.033726 12.857410 22.117303 12.627399 0.221001 -4.004642 -3.016760 -23.186973 -7.033804 -5.864156 -18.371692 -9.249958 -7.855950 -10.270668 -0.743312 -8.052323 -5.154450 -7.626276 -6.014014 -10.582730 -8.726187 -11.562658 -7.802633 -5.900092 -3.402905 -4.511440 -4.829936 -6.831734 -4.479419 -5.095727 -4.203825 -2.476159 -3.025593 -5.235273 -0.389515 -1.113255 -0.468757 -4.350981 -1.725012 
3888147982246017214.mp3 :-156.588581 99.029109 27.171541 31.863734 1.735390 6.907544 4.885494 -5.959205 -9.619997 1.864659 -16.693911 -0.198391 -4.197051 -2.137261 -3.190068 -0.415224 -4.999349 6.583753 -4.149047 1.596218 -6.945324 -1.406892 -0.318552 4.558227 2.366463 5.357501 -4.718805 0.345592 -3.456588 1.520333 -3.117573 -4.571492 -4.060215 1.201110 0.897659 5.491307 1.069671 3.086541 -6.376851 -3.317827 
3815600468866777339.mp3 :-188.825995 107.647797 8.960230 28.362918 11.303817 12.744901 2.394614 7.129038 1.088995 6.769416 4.330733 6.333710 -9.096002 -5.512274 -6.073307 3.684556 1.215927 3.960339 -4.442865 -0.066914 -5.642933 2.847930 0.579192 4.377662 -5.404635 -0.479710 -7.217193 -4.909902 -8.395077 0.240846 -0.060217 2.406037 -4.833514 0.242593 -2.740613 0.619058 -2.715599 -1.487144 -6.936534 -2.838838 
3888064588033755838.mp3 :-16.019072 46.197957 11.944759 22.753125 7.810540 14.983190 -0.480094 8.485227 -2.477037 5.135165 -3.424668 4.581105 -4.126942 0.915685 -5.019983 -0.585218 -4.781043 -0.574888 -6.547287 -1.217198 -5.453222 -0.296021 -5.713153 1.248337 -4.582204 1.220729 -2.701412 3.207317 -1.330169 -0.359184 -3.928344 4.048514 -1.140955 0.288130 -4.352361 -1.120001 -4.963214 0.181356 -3.374380 -0.462537 
3841153759730178934.mp3 :-47.731120 77.257262 2.905828 55.775649 6.391144 7.278668 4.286333 13.759093 -1.588199 5.058677 4.411150 6.073728 -5.562533 3.276528 -0.027279 0.951546 -5.258313 5.371246 -4.750210 0.222074 -3.593348 2.270464 -6.744306 -1.813110 -3.014473 -1.636761 -7.432912 2.331899 -3.448705 2.778869 -0.384894 2.682501 -2.391990 0.705619 -3.011336 1.469268 -4.660859 -0.715154 -5.351137 -0.133802 
3822485245592808243.mp3 :-4.540902 51.110818 -1.915747 26.245041 -5.960734 9.587772 0.981467 9.907707 -0.676336 -7.149960 -5.989589 -3.092823 -3.980057 1.960215 3.014421 2.399261 -1.657209 2.856523 -4.077615 4.719074 -3.517928 -2.418257 -8.232309 -1.051514 -2.627036 -1.425814 -3.606498 3.112004 -3.778081 -4.538759 -3.831173 6.567853 -1.950904 -1.497562 -2.462759 -0.336848 -2.490919 3.582493 0.133491 1.428226 
3817525047497694591.mp3 :-189.525988 131.654944 3.031941 32.888863 7.213693 7.508549 8.460932 -1.670333 -6.060724 2.991995 -13.073269 -1.835912 -9.584615 -4.950048 -6.260262 -3.845948 -7.829261 -1.194678 -6.760227 0.392163 -3.125419 -5.347915 -11.415685 -6.778219 -9.385023 -0.382990 -6.210613 -0.661128 0.770778 1.055956 -4.686369 -2.513313 -2.162190 0.711442 -1.299624 -0.505634 -2.766035 2.621155 1.160803 2.704495 
3858309903636108942.mp3 :-139.310263 90.170597 24.893486 -1.375267 11.458831 -6.758702 -0.639143 14.063266 -16.110051 5.146809 -9.709271 -3.251788 -0.064459 1.200076 -0.750359 1.419189 -3.400423 1.698008 -6.865839 -2.528934 -10.079658 -1.516392 -9.976553 -4.511255 2.372897 1.241622 -2.855722 0.738661 -8.429305 -4.044341 1.107647 5.266813 0.033185 3.396999 -2.385710 -1.030767 -1.216618 1.511629 -1.129775 3.279368 
3832023523616203199.mp3 :-68.009516 83.036473 10.380603 15.491166 -1.687311 8.500172 1.983541 6.876487 -0.045363 8.542728 -4.967089 -4.835854 -3.845300 4.477552 -4.378426 -0.547197 -2.808599 0.284855 -3.075324 4.484910 0.779951 2.957725 -5.458377 -1.008675 -6.977528 1.875319 -4.992340 -1.100357 -3.635847 6.138799 1.842336 0.578277 -4.807184 -1.853719 -3.794876 1.127298 -1.640275 2.146922 -0.490768 3.622711 
3863387632400210235.mp3 :-107.527437 77.646780 16.588700 16.122436 12.631055 8.291138 9.825071 10.069234 1.524210 9.774557 -3.022280 -1.145602 -5.088912 -0.866296 -3.604065 -0.145162 -1.882354 -0.225252 -4.242253 -0.804524 -6.487493 -1.246626 -0.724993 1.348589 -5.113948 -0.463427 -5.753924 -3.128636 -5.444867 0.338742 -4.155692 -1.509938 -3.983475 -0.842176 -3.174482 0.831508 -3.624367 -1.521481 -6.046589 -2.750258 
3833599837376113204.mp3 :-152.664801 105.646772 13.580981 27.465362 8.633533 0.703079 9.148667 -2.559704 -10.489815 8.274941 -10.599205 2.369854 -7.054480 -4.448243 -8.582580 -4.787296 -9.517345 2.398877 -2.153273 3.593413 -3.684213 -5.261707 -4.524330 7.006256 -1.344543 5.682239 -0.445743 1.335887 -0.009097 -6.131952 -13.587653 -1.882713 -0.867810 4.179151 -0.089234 3.006783 -5.164027 -0.168346 -3.225033 1.815776 
3854958561552120861.mp3 :-150.828476 125.808892 -20.494717 23.144663 8.236470 -15.913657 -2.923360 2.611696 -25.441328 -8.902117 3.978598 -5.584252 -13.216902 6.104382 -12.480678 -7.903403 -3.973798 -2.213146 -4.576155 1.236508 -4.868111 -0.462772 -4.522702 -4.402230 -7.154766 -2.931163 -1.080315 3.390872 5.558782 3.733516 -6.034929 -1.360243 -2.134062 1.100068 -1.215361 1.197113 -5.067154 -2.365607 -2.971453 0.652422 
3846977853277619067.mp3 :-100.336318 83.905907 6.427682 33.408192 9.317268 17.885956 2.544774 9.970716 -3.023962 6.681147 -6.052733 3.687774 -5.408596 1.683214 -12.118548 -4.002649 -8.598353 -1.709433 -6.052778 -2.889311 -5.565475 2.952485 -0.619949 -0.842296 -7.479496 -0.368223 -2.500039 2.822751 -2.520218 -1.788055 -6.509308 1.431596 -0.449855 3.119793 -4.876713 -3.178180 -5.806502 -0.841891 -7.441696 0.413572 
3821900653477175604.mp3 :-141.567393 114.763973 -0.432707 18.548420 11.450388 -1.972477 -5.514587 0.924411 -12.693759 -3.766114 -5.012777 -9.930336 -2.004591 -7.120114 -6.812395 1.342250 -8.364111 -4.600980 -5.475665 -0.900851 -7.153768 0.948198 -6.556038 -2.245081 -6.419583 0.690319 -4.899840 2.974228 -2.972866 -1.488657 -3.245211 1.529926 -3.508600 -1.157855 -7.132361 -3.502366 -8.478153 -3.617463 -3.460857 0.723124 
3845711598219154571.mp3 :-206.599600 159.933708 -8.477574 27.726963 5.174018 6.186124 -0.508672 -1.918302 -10.664273 -1.787792 -4.631049 -2.200345 -3.105303 -1.322563 -0.643713 2.873303 -1.183197 -3.362986 -7.516297 -2.625258 -1.326482 0.590881 -4.662298 -1.759105 -5.789932 -3.056326 -1.875836 2.053224 0.721840 -5.827060 -3.404356 6.324357 1.026038 -1.414594 -3.539372 -2.956242 -4.854835 -3.174985 0.093684 4.576376 
3846779226595707382.mp3 :-109.141140 73.381776 -0.113189 25.345785 5.611851 5.410764 -1.209449 3.277921 -6.329851 0.769891 -3.104585 1.305390 -3.441793 2.861835 -5.707613 1.097771 -8.034154 2.396983 -6.156815 -1.491324 -5.034370 -3.773537 -6.431558 2.252677 -2.071453 1.156151 -3.510485 1.248256 -3.152982 -0.107166 -7.499120 -6.067478 -4.072025 2.543169 0.018935 3.272933 -2.926379 -0.749822 -4.683070 0.537639 
3807823770073894726.mp3 :-105.139641 97.327574 26.512824 6.797299 4.161448 7.895933 -1.423168 6.369373 -4.763298 8.766810 2.416527 2.916637 -3.558783 1.184182 -4.430108 -1.065353 -8.882789 -1.396076 -6.162459 -0.670554 -0.106939 4.981134 -4.215972 1.421693 -3.981207 -2.556815 -4.599578 1.489118 -2.573633 5.981258 -0.378435 -1.214470 -4.563229 0.952437 -2.008496 2.236827 -1.437453 1.148915 -1.175268 0.927962 
383220117274338986.mp3 :-139.635309 87.836923 23.047252 23.263534 15.300576 6.668597 4.439015 3.732322 -3.922983 3.369089 -7.083179 2.988424 -2.111646 -0.122716 -6.573732 -2.301728 -9.827016 3.124322 -4.871848 4.606481 -4.892098 0.854433 -1.431015 0.945078 -0.779919 4.880941 -1.927780 3.450305 0.104514 3.195560 -4.288551 -3.124180 -8.940261 -3.090030 -4.861142 1.990391 -2.898372 2.636131 -4.747254 1.249337 
3805266263447048149.mp3 :-102.964650 95.515306 7.093599 27.359241 9.142783 -2.161266 1.765711 -0.279464 -4.125567 3.381530 -9.401851 1.874555 -5.575250 -3.989391 -5.626091 -2.863033 -5.233380 1.469132 -4.364128 3.389921 -4.899961 5.960316 2.312097 4.540548 -2.212556 2.042468 -5.268233 -2.041852 -8.237546 0.476912 0.723062 5.758630 -2.492747 -2.028778 -5.352260 -0.769361 -2.554773 -0.335370 -3.850181 1.651134 
387198584604384081.mp3 :-97.069204 98.040747 16.956729 31.500758 16.009217 3.565437 0.889588 4.074438 -9.910724 3.905573 -5.149982 -0.613835 -5.797496 -0.242852 -4.537881 -1.704224 -3.514620 0.098342 -4.430830 -1.296315 -2.204647 3.237176 -2.253203 2.574531 -2.395284 2.222719 -4.004514 0.400150 -6.052301 2.933255 -2.467021 6.545480 -2.197862 0.098076 -3.499460 0.773929 -3.964294 -0.907725 -3.031241 1.809098 
3846914002681589545.mp3 :-61.218320 59.210258 0.644120 20.873644 -9.777880 0.833471 -7.033257 0.120553 -14.274296 5.485961 -2.885806 -6.980281 -6.765475 -3.467513 -10.571187 0.822117 -8.973366 -2.158500 -7.122026 -1.537722 -3.800872 -3.115420 -6.865074 0.394616 -2.593055 2.726991 -2.219936 1.379453 -4.726658 3.126395 -5.353455 -2.731292 -7.234935 -0.930993 -2.220968 1.841892 -1.029714 2.090492 -2.286770 1.580994 
388927508718411944.mp3 :-137.585102 48.427941 7.217072 30.452776 9.235621 5.397252 7.717697 6.480621 -3.994515 10.135937 -6.153388 3.961698 -8.507377 1.461308 -4.502808 1.422283 -6.691898 4.006055 -4.214075 5.493043 -5.877031 -1.153747 -1.148998 2.446029 -5.254432 3.648133 -7.032937 -0.506538 -3.218720 1.523254 -2.085484 -2.631183 -6.247029 -0.101083 -3.738712 1.401595 -3.777662 0.073950 -2.434760 -1.304843 
3864763080139824557.mp3 :-167.596579 99.207882 13.651027 24.462304 6.075762 5.963830 -1.811183 2.954523 -6.281506 4.535784 0.915822 2.578169 -3.206641 1.744749 -3.131736 0.809954 -4.694275 1.769449 -7.693578 -0.300172 -6.184409 4.112438 -0.508557 2.560594 -6.023982 0.500906 -6.549065 0.105696 2.398385 8.918856 -2.613523 4.360833 2.835500 3.476137 -3.063258 3.240719 -4.044144 -1.574619 -4.390101 -0.620709 
3804243854289338701.mp3 :-227.550966 141.689202 8.019944 19.766533 10.121454 1.854715 1.058304 1.856947 -21.814177 -10.866893 -5.661366 -12.189374 -6.990602 -8.805320 -8.186885 -2.649302 -2.829100 -2.284239 -5.810168 -6.885923 -11.185262 -8.139651 -6.683536 -2.664856 -2.941556 0.581479 -3.695435 -3.399149 -3.855538 -2.938449 -4.847596 -5.784962 -6.199723 -7.242708 -5.984293 -2.633724 -2.105568 -1.119301 -2.962022 -2.687217 
3860925350285256269.mp3 :-121.667682 102.390613 13.595807 33.903524 -1.565902 3.913509 -8.414151 3.379268 -16.054033 -0.171974 -5.373182 -3.248598 -7.548494 -3.943704 -9.431028 -0.794041 -5.025081 -5.753826 -8.084442 -4.135836 -7.802962 -0.190589 -5.928414 -2.044148 -7.968450 -2.754594 -8.614658 -3.904847 -7.770990 -0.608821 -0.329214 2.985119 -3.050293 -0.161808 -2.827308 0.411393 -2.647992 0.019291 -4.350196 -0.381938 
3867189351553128471.mp3 :-148.588620 100.820594 5.206426 24.501053 -4.162644 -2.723234 4.307920 4.633740 -11.323397 7.650868 -11.621205 -0.129672 1.756989 -6.171569 -3.615640 -2.111269 -8.427186 3.338496 -9.477466 -0.023604 2.627880 -1.367936 -1.899091 -0.645734 -5.292639 1.433916 0.474917 -2.265002 1.546475 7.215131 0.075786 2.082487 -8.514344 -5.371122 -6.095181 -2.355011 1.631384 1.618463 -1.549176 2.016953 
3870213590716810492.mp3 :-202.570912 85.170350 11.356043 28.055374 -1.102798 11.942193 9.013632 2.084924 -2.339483 3.324638 -8.913315 2.893827 -4.951457 0.626049 0.339741 2.801627 -2.619087 2.540265 -8.709217 -0.254790 -2.102731 3.621208 -3.287687 -3.046439 -7.331134 -0.888154 -4.446058 1.472767 -2.602633 -0.903097 -1.372904 2.204188 -1.559814 -1.739426 -6.079934 -2.628349 -5.958459 -1.394570 -3.804906 0.383182 
3833442758056980821.mp3 :-118.976524 128.493398 25.889976 29.041627 8.010593 5.844603 7.586046 7.286643 -0.071125 11.353649 5.131018 7.983541 5.693222 7.903018 1.480187 2.188529 0.501161 4.617040 1.396176 2.581711 1.784243 4.137781 -0.017113 3.965018 -0.291410 1.997768 -2.376708 1.428200 1.251463 4.204760 1.693972 0.339319 -0.253915 4.300471 1.883914 3.408591 0.169594 1.390721 -2.941960 -0.310723 
3806103469940093951.mp3 :-160.044973 105.591466 39.146140 25.993589 3.905893 11.182704 1.435894 -0.173469 -13.214704 2.386987 -7.668306 1.750016 -3.853126 -4.489873 -6.541872 -3.820650 -6.479081 -3.907555 -1.934249 6.830860 -0.067526 -1.985951 -3.580070 1.185149 -2.340093 3.335851 -1.870728 2.477046 -0.600181 3.144826 -4.615857 -7.818594 -4.938906 -0.894451 -0.057837 3.284825 0.339333 3.243198 -3.343792 -0.123473 
3870054750926844472.mp3 :-67.722425 75.893514 21.157704 16.679421 9.806146 7.236173 -5.506006 7.024758 -2.471140 8.033520 -3.391284 -0.359330 -5.360771 -0.782526 -5.942533 1.045424 -4.869724 1.111130 -4.974424 -0.548456 -1.745471 -0.650447 -6.876939 -0.495928 -5.454111 0.208780 -5.369960 0.877621 -3.815548 -0.025304 -7.554582 -1.757034 -2.463668 1.926525 -1.422899 1.837216 -5.068126 -1.887564 -6.198801 -0.621267 
