6108246332136271591.mp3 :-92.729077 79.332472 26.967759 29.235917 3.671783 14.269883 0.236297 4.224429 -8.824250 -0.590290 -5.988238 -3.787143 -6.149604 -3.956851 -7.197129 0.452983 -9.496043 -1.377643 -5.537586 -4.617832 -7.551856 2.763147 -5.225998 2.033831 0.044139 1.189676 -6.392727 -0.346192 -5.675806 1.359856 -2.090574 -1.804182 -4.662355 0.983102 -1.560055 3.792209 -2.509565 -1.466795 -4.656516 -1.422491 
609151166221148023.mp3 :-137.574173 88.969681 8.040446 40.009533 5.685737 4.720446 3.293753 3.769489 -10.213603 6.169542 -11.206305 -2.606445 -10.004824 -3.102792 -4.816711 1.090702 -8.626698 -3.612340 -11.036344 -5.521402 -9.135325 -0.806384 -10.783715 -1.161232 -9.562802 -5.412200 -5.741747 -2.939647 -6.757884 -1.637803 -0.467024 5.990969 -0.432392 0.302120 -6.382203 -4.332474 -5.999236 0.279546 -1.617643 1.794911 
6049451856909018505.mp3 :-98.257131 104.134634 11.484360 32.308604 -5.474409 9.597275 -0.794845 -0.266615 -9.421443 1.619232 -9.530100 1.186213 -3.520756 -0.175266 -1.801407 0.218444 -3.250936 2.035796 -0.326835 4.660376 -1.214532 0.986356 -5.810041 1.357032 0.995676 3.581506 -1.081244 4.290205 -4.827113 -0.137585 -0.365520 1.586663 -7.268429 -2.615875 -5.370146 0.985991 -1.649574 1.760698 0.574358 4.927064 
6059932393980547380.mp3 :-131.960391 97.722358 22.062981 22.424275 8.515536 3.778949 5.448448 10.142594 -6.149829 8.702796 -6.350922 3.624680 -3.554658 -0.906191 -5.978123 0.417294 -7.207635 2.260016 -5.948220 -0.819120 -2.142794 -3.110426 -4.872928 -2.765458 -7.768927 -2.520310 -0.888595 4.486371 4.067633 4.479143 -7.625429 -3.126229 -2.935543 1.246424 -1.585252 1.330249 -3.682813 -0.919015 -4.450150 0.688764 
6102013082071199609.mp3 :-147.004975 93.244874 28.030895 30.112756 15.289269 11.368022 7.630643 -0.190166 -3.417799 6.694545 -1.768527 2.499204 -6.624605 -1.003903 -2.189058 0.846161 -0.445494 3.642271 -3.809204 1.738005 -6.052094 2.055818 -1.952528 3.898096 -0.147390 1.054381 -3.942589 -0.671655 -4.304934 3.910033 -1.173010 -0.645277 -6.529520 2.946491 -0.291870 2.512790 -2.736943 1.145153 -6.233943 -2.485323 
6049987523516220580.mp3 :-70.488140 97.231761 17.338300 18.088074 -2.042478 2.672447 -4.826534 -0.683877 0.477404 -0.121988 -8.651222 6.318372 -2.085718 -5.542397 8.886855 0.252024 -1.370080 14.483993 -5.712098 9.139358 -1.327934 3.573539 2.672706 -1.616817 6.117443 -5.325892 3.853097 1.409816 -0.063290 7.859585 -0.571568 1.350709 -1.096580 3.662159 -2.776898 4.280734 -5.099255 3.250111 -6.786284 3.687659 
6039572684847452490.mp3 :-58.758428 73.394225 -2.076566 9.537664 3.727313 -0.902380 3.818322 1.264521 -2.893601 4.450696 -5.330791 0.001436 -5.875457 -1.799229 0.344246 2.920527 0.553588 3.220903 -3.118204 3.240667 -1.308246 4.440008 1.089940 5.025923 -1.534961 4.708489 -0.163708 4.140394 -4.842036 1.653993 1.466099 8.041084 -2.310626 1.681809 -5.179313 0.301888 -3.842540 2.034697 -0.047139 3.794152 
6062496144804257911.mp3 :-114.584125 100.044380 11.701152 21.804283 11.260225 6.579662 -1.800335 7.884974 -10.322748 2.554198 -7.529700 0.083303 -4.578258 3.748585 -5.441630 -0.418432 -7.594777 1.285406 -2.530655 -2.432639 -4.591076 -0.086439 -1.681086 2.394402 -2.646220 -0.773039 -3.919095 0.207008 -6.306809 2.782719 -0.854982 -1.082262 -5.120138 -0.090386 -2.680875 1.362743 -1.914211 -0.865324 -4.672993 -1.009508 
6070108845923763967.mp3 :-67.137287 66.042062 9.153016 46.527497 4.129642 11.641020 3.338537 7.696458 -8.256384 4.718015 -9.227962 3.872126 -12.325130 0.659679 -10.244005 0.296605 -10.073285 -2.236253 -9.349387 -1.178242 -9.663149 -5.094192 -5.426045 0.027354 -8.885888 1.055649 -7.729305 -1.352739 -5.204225 3.249716 -4.828976 -1.488206 -7.684820 -2.141967 -4.720859 -1.926196 -5.156960 -1.018529 -4.890263 -1.167283 
6078796352861580305.mp3 :-86.734723 90.532169 -3.928708 17.730668 5.122097 10.655601 13.771043 -2.815212 -3.399621 6.462823 -6.399455 3.660289 -5.070643 -1.438178 -5.326442 0.401960 -0.290637 2.485316 -5.069168 -1.459383 -7.025230 0.373313 -2.793217 -1.119705 -5.336979 0.378194 -5.660349 1.109726 -5.208788 -2.661099 -0.785554 4.910520 -2.550156 0.383791 -3.988354 -1.284003 -5.843440 -1.191538 -3.759136 1.642360 
6075620526626986544.mp3 :-148.085763 87.878534 5.834002 17.799825 4.613274 -4.300637 3.770400 3.899114 -14.585531 12.754775 -8.365092 -2.991018 -8.301179 -7.137868 -9.423960 -2.548410 1.683848 12.832780 2.148381 7.803991 -7.873713 -4.500351 -2.152705 1.302328 -5.484206 -0.650581 -8.832294 1.687607 -8.674059 -8.658905 -7.762275 6.940592 4.832643 4.664426 -2.387176 4.542164 -0.159544 1.609326 -5.035569 0.369110 
602886599159369236.mp3 :-219.188791 92.595447 -0.503582 30.388344 2.312684 3.736012 7.380507 -2.549109 -2.634747 0.863572 -7.492454 -0.086404 -6.470768 0.419417 -5.879214 -0.623139 -2.452821 3.203139 -6.066595 3.114567 -1.789303 5.464329 0.728249 0.761665 -4.828764 2.507204 -8.365343 -2.112089 -5.686510 4.127060 0.554196 -1.941053 -9.230682 -2.068605 -3.363837 1.382700 -2.299734 0.552815 -3.934143 -0.551492 
6054354765802604224.mp3 :-196.540888 66.205042 27.199817 18.581769 16.005822 9.171602 6.672163 8.120292 -1.968356 7.212758 -4.489820 -0.277800 -5.497579 -1.166119 -3.834911 2.832736 -4.374301 0.773570 -5.644399 2.808822 2.380598 4.562933 -2.047897 -0.527318 -5.301650 3.007625 -1.071618 0.239090 -6.177971 2.062655 0.128415 5.354122 -5.913290 -3.067329 -5.121044 -0.955209 -3.096537 3.234647 0.990725 3.228873 
6101176400572730422.mp3 :-288.963527 177.927809 36.110710 19.106554 -6.141365 -0.117574 -1.351064 -10.758916 -11.893323 -9.102177 -10.960064 -8.966370 -7.832273 -7.663349 -9.333207 -8.275649 -9.555906 -8.973503 -7.146999 -5.195229 -3.427479 -4.445823 -6.190585 -3.517866 -5.509381 -2.382560 -5.691121 -3.983422 -8.327228 -2.671854 -0.288054 2.009215 -1.101188 -5.747378 -5.621386 -2.744721 -2.901643 -4.074458 -5.183991 -1.238814 
6036662935768511526.mp3 :-155.318141 111.803565 12.294547 22.520314 2.408400 -1.098677 -8.607600 -0.812564 -9.450173 -0.534318 -14.208280 -7.205542 -11.292976 -1.513526 -8.442614 -2.212415 -5.173384 -1.250970 -2.477974 0.947145 -1.953822 2.747723 -0.833618 -0.991152 -4.304636 1.551474 -2.170093 4.079792 0.751194 -2.941356 -3.860986 0.110083 -0.971220 1.533652 -5.197272 0.094650 -5.575070 -0.213301 -4.209515 -0.480296 
6082506279434717871.mp3 :-212.413117 105.498571 -0.200786 45.006423 -3.754370 5.620356 6.195336 1.778912 -4.627415 4.234962 -1.273709 3.613692 -3.653969 -3.711911 -6.018991 -1.780152 -5.382492 3.998305 -2.389532 3.689735 -10.706814 -3.766594 -1.613106 5.736292 4.526349 1.347437 -5.970854 1.638774 -4.069485 -3.280872 -14.323796 -3.899953 -1.528921 4.133397 0.391502 0.708439 -4.241295 -2.832211 -3.758859 2.429775 
6057964227398605701.mp3 :-147.356719 88.301634 17.970815 26.587960 -4.108136 3.441372 -6.499156 -1.765768 -8.410550 -2.923147 -4.970914 -0.044203 -8.004917 -1.970190 -8.932160 -2.923095 -10.676100 -0.909973 -7.741024 -4.437061 -9.044511 -4.215224 -3.686673 4.149733 -2.609049 -0.115337 -4.971587 -3.755146 -9.125749 -2.063391 -4.687027 2.478353 0.753786 2.754244 -1.508263 1.494324 -4.106311 -1.656871 -4.288855 -3.068358 
6060977419322376627.mp3 :-224.060056 84.443043 -10.327721 36.874523 4.286895 6.091589 0.941485 4.168644 -11.520462 -1.199450 -6.366085 -2.689041 -0.764556 0.857075 -4.857149 -0.164420 -5.562996 -2.395163 -4.198420 1.689399 -8.182209 -4.136926 -6.805011 -1.564938 -6.193347 0.275446 -4.130246 5.650943 -2.052607 -2.353142 -2.325044 4.878659 -2.083370 0.115955 -2.884399 1.170130 0.389336 5.331543 -0.534648 1.417302 
6080770456769657256.mp3 :-81.442372 97.680806 10.261404 34.825251 -1.699168 14.899184 4.249354 -2.973223 5.634984 -2.667338 -3.373848 2.272207 -1.914750 1.951844 -2.153793 6.565009 -1.156473 1.582254 -0.543000 3.551319 1.955097 3.844213 -5.527367 -0.189592 -2.181827 1.850390 -2.994016 2.623551 0.022658 8.480125 -4.428315 -5.067516 -6.739321 0.805899 -1.860393 1.248613 -2.383988 0.445227 -4.042713 -1.379256 
6044382164096334979.mp3 :-103.422808 94.540664 9.519502 19.658640 -0.873183 5.610590 10.756302 -0.060290 -5.532722 8.354952 -12.949228 -0.529783 -6.063034 -1.201308 -1.799368 3.940390 -9.912274 -2.460769 -4.663117 4.493339 3.741211 1.320535 -6.278905 -5.052222 -7.550662 4.192642 -0.020320 6.157347 -5.257207 -5.238518 -2.913425 4.846892 -3.045125 -4.562246 -11.016599 -2.905341 -5.687810 1.812532 2.977028 6.881045 
6081092461064658924.mp3 :-70.378271 75.201678 24.486622 37.934115 3.673781 11.125789 -2.840242 6.061000 -8.871244 -0.160388 -3.234096 2.061085 -1.497731 -0.717223 -2.591484 1.806242 -7.195425 -1.241129 -5.736241 0.313225 -6.483192 1.328078 -4.295702 1.823219 -2.601735 3.823955 -4.783263 2.227210 -2.762589 0.158192 -7.797373 0.177819 -1.740983 4.293617 0.050699 2.956009 -3.044386 0.270225 -3.150900 -0.585007 
6089417238113403628.mp3 :-65.542145 62.481977 6.102722 27.227677 1.572321 5.654380 -1.561109 5.425666 0.370734 7.923749 0.509987 0.332893 -2.777394 1.496210 -1.613681 0.038918 -1.887077 3.336187 0.234066 3.880780 -2.804523 2.410245 -0.067696 4.128888 -2.047255 3.062715 -1.903794 3.939159 -0.268579 4.529102 0.121953 3.504550 -2.150671 3.470560 -2.350970 1.090263 -2.855661 1.050445 -2.051703 2.945455 
6070893306170129763.mp3 :-112.879378 78.668420 18.596819 25.531136 2.839492 3.368276 1.297564 0.927848 -7.905830 8.391785 -8.471118 2.877757 -4.741150 1.652193 -4.825720 0.739161 -4.420976 3.837268 -3.853557 3.707847 -2.201164 7.387487 -0.680386 2.528585 -3.594107 -1.835791 -2.983838 -0.793643 -7.797494 1.884917 3.400564 6.000388 -1.339313 -0.381014 -2.839116 0.000298 -4.002251 2.058174 -2.241511 0.121191 
6035166022093431481.mp3 :-152.530665 113.740639 3.177885 17.252971 -3.640849 3.101338 -6.062935 2.317261 -14.832844 5.469601 -12.713495 -4.623823 -5.992451 -1.974834 -5.742127 -3.511207 -7.209130 -1.142368 -4.642942 3.962426 -2.194702 0.244565 -3.512342 1.844364 -0.813710 3.130843 0.986027 2.071743 -0.560747 2.653073 -1.496452 0.546252 -4.950634 -6.741915 -8.086506 -2.954756 -2.278966 4.308829 2.865131 0.819901 
6063774573528086790.mp3 :-59.094012 81.902836 5.317029 38.588401 7.491744 8.261024 2.210075 6.869663 -6.756737 4.163763 -3.213187 1.792180 -1.799838 2.877021 -4.702984 2.111321 -6.064420 -0.690376 -4.668761 0.511655 -2.600442 -0.580772 -4.929448 -0.236154 -3.263329 2.335667 -4.117772 2.231608 -3.156007 0.784374 0.232012 1.569135 -5.392141 -2.065926 -6.085893 -1.498134 -3.278800 1.695188 -2.963749 -0.253007 
6080929243247658143.mp3 :-128.624239 108.621369 8.606947 32.372606 7.021649 8.532443 1.644333 -0.955391 -7.099268 4.052200 -11.099768 -1.904570 -6.630977 -2.725168 -6.064020 -0.483699 -4.700586 2.049132 0.037391 2.781271 -2.638794 -0.492605 -4.671666 1.172579 -2.475963 2.791745 -2.829307 0.722820 -2.301898 0.311582 -6.855042 -3.227992 -1.818980 3.890269 -0.392821 2.969614 0.919836 3.638794 -2.213094 0.996018 
6079989601953453987.mp3 :-139.146495 59.933637 14.608361 16.288248 0.296624 -0.200375 0.708024 9.161055 -10.375002 8.183308 -3.107983 1.831237 -3.377891 0.927731 -4.105966 1.172481 -10.590443 3.049949 -10.867935 -0.150320 0.461930 -0.152736 -6.498498 0.701063 -8.039398 -5.517799 1.729167 1.442644 -1.366292 -0.204303 -2.132014 4.525762 -0.292924 -1.038104 -4.547998 -3.976951 -6.455168 -1.857896 -6.251939 5.893456 
6084747848478376536.mp3 :-234.622467 113.722456 3.076625 33.523007 14.207015 2.291554 -4.258140 3.153974 -13.988039 5.498903 -11.483284 -3.225001 -8.338844 -8.131380 -8.834423 -7.655250 -8.907336 1.106461 -5.624710 -0.320757 -2.268705 -5.239799 -1.380993 -0.046046 -0.665529 6.234983 -1.588049 -0.894816 0.590634 -0.735138 -4.236765 -5.097534 -5.904058 2.466729 -1.288792 -0.996883 -0.403374 -0.760903 -2.400219 -0.838957 
606341853804852832.mp3 :-284.665457 88.933712 -7.051073 9.375407 -4.712227 -9.448969 -2.214051 -10.268748 -16.887850 0.810511 -19.993497 -10.358247 -13.019323 -13.020897 -6.617653 -2.781015 -5.452182 5.280432 -2.686205 0.962070 -4.054435 1.783198 3.141069 2.744169 -2.286887 -0.541894 -5.816134 -2.918399 -5.162963 0.663265 0.543682 2.789496 -2.796063 -2.893071 1.572332 1.707780 -2.109299 0.644655 -1.699117 -3.859638 
6058322651184314730.mp3 :-158.064698 113.823993 31.388272 30.326932 11.147525 10.778993 5.663129 1.161533 -3.981232 6.892840 -6.692429 2.161069 -7.872418 -2.922527 -6.577927 -2.951460 -6.809850 0.621981 -5.414373 2.272278 -2.757576 0.716740 -7.675716 0.897840 -3.748213 -0.000135 -2.249008 0.653226 -2.925780 1.138500 -4.127524 1.775536 -3.383122 -3.414881 -3.832881 -0.604269 -2.628926 1.696880 -1.737391 4.133946 
6039717368316639078.mp3 :-62.192210 72.553969 9.328586 20.277480 5.192144 3.305323 19.833616 7.571777 1.731828 8.583411 -9.607383 2.881024 -1.815076 -3.433819 -5.273990 -5.941524 -9.234490 -1.755938 -0.882742 6.499166 0.041737 -1.395227 -7.785394 -3.328919 -5.332999 2.666807 -5.720113 1.577152 -1.070413 2.477821 -6.306054 -4.754870 -9.865390 -1.814925 -4.022942 0.718788 -2.527766 0.186485 -3.120172 -1.424716 
6094638613708219487.mp3 :-73.236071 101.859087 5.125158 31.133431 -0.640329 12.757365 -3.883980 5.742898 -4.707940 -1.560994 -1.264350 1.877079 -4.793201 3.556500 -0.305116 4.754729 -0.837206 -0.071746 -3.020292 4.274510 -0.706084 -0.216799 -5.007963 0.590048 -3.079062 1.362232 -2.572370 3.807785 -1.256844 -1.312911 -6.488077 1.127217 0.664374 2.140113 -3.797186 -0.082786 -4.227745 0.134784 -0.820935 2.560996 
6081682888264277552.mp3 :-148.677255 91.736170 4.678233 25.239548 2.366059 11.209161 1.328079 8.567506 -6.541091 5.879502 -2.263423 0.637418 -6.733405 -3.791295 -9.018436 -1.747872 -7.290469 -1.858017 -3.482412 3.241889 -2.005583 3.152877 -4.506706 -0.254380 -3.126391 -1.074504 -3.848162 -0.982110 -4.117428 -1.870096 -4.341217 -0.156758 -5.874033 -0.321296 -2.266026 2.372873 -1.884590 1.283275 -2.383366 1.583705 
6108299910752230339.mp3 :-145.850821 99.303056 31.732938 35.014039 6.418098 1.631136 4.690334 2.983722 -3.550007 -0.454785 -8.769176 -1.882042 -8.012001 -1.472914 -7.757246 -2.255019 -3.427650 1.737379 -5.286905 1.866283 -6.652419 -1.619023 -4.160391 3.774219 -3.231490 5.202316 -3.487526 -0.532679 -5.606263 -1.938297 -1.245822 3.695782 -2.567317 -0.483232 -5.177836 0.890998 -1.829784 1.889754 -2.682561 -0.095422 
6067738225285146265.mp3 :-231.137809 93.958573 2.092029 24.729355 2.530612 -1.991814 1.396522 -5.790773 -6.892984 1.419055 -10.829466 -1.772147 -11.188822 0.641678 -5.675134 -0.190657 -3.978396 0.765817 -8.231188 0.296952 -5.820566 -2.359753 -1.439593 -0.934644 -8.981382 -0.633667 -4.978720 3.133202 -0.695939 -0.920695 -4.287634 3.074131 0.622997 3.792846 -4.214068 0.307160 -7.077360 -3.744105 -5.914871 0.520154 
6036899362884201322.mp3 :-107.995607 81.705463 6.345563 29.711568 -0.699538 6.690292 4.323781 -1.832403 -0.010233 -0.692995 -5.004895 0.398813 -2.736493 1.738128 -0.077558 4.956873 -3.305556 1.470815 -3.277815 3.345702 -0.446797 0.032544 -5.108029 -0.004860 -4.381121 1.511254 -2.532968 4.501845 -1.987935 -0.855196 -6.869510 0.929903 -0.973676 2.617344 -3.809096 -0.965811 -4.424470 0.623588 -2.735215 3.034615 
604346202281781388.mp3 :-88.815917 87.466770 17.591308 30.388184 6.821598 8.344043 5.048183 8.150500 -4.525697 8.641529 -8.208102 -0.931585 -3.783424 2.351054 -1.269122 2.732388 -4.591362 2.340089 -0.580953 2.329640 -0.553652 0.707745 -4.049919 -0.022507 -6.702020 2.012785 0.429189 4.917577 4.190581 2.252967 -7.766590 -1.305864 -1.883219 1.092097 -3.874698 -0.857936 -5.179695 1.102371 -3.363151 -1.065496 
6060961774439771795.mp3 :-82.256298 79.090880 10.042921 32.304919 5.430948 5.195103 4.579464 5.239059 -8.597397 9.777925 -8.864928 -0.153908 -4.940073 -1.886839 -4.741644 0.087133 -6.149447 4.094504 2.557826 4.604391 -1.279340 -1.050062 -6.006786 -0.440686 -5.632919 3.373821 -0.738763 4.312245 -1.082109 -1.321327 -5.942363 2.301996 -1.403872 0.366893 -2.943676 1.868756 -0.787867 3.520283 -3.390592 0.450852 
605896701846036767.mp3 :-216.135960 121.167958 12.664639 9.560398 2.398640 -8.752091 -4.394711 -7.621719 -18.497753 3.353901 -18.942290 -3.093625 -7.556625 -6.199838 -8.530238 -4.349222 -6.906497 1.044399 -7.210556 5.190488 -2.053677 1.117825 -0.075980 -3.881452 -4.181424 1.794464 -1.173998 -0.444410 -4.365845 1.025050 -2.026820 -1.483411 -10.808849 -4.891596 -4.225791 -0.523700 -1.855528 0.383978 -2.210074 -0.553639 
6057933796276227064.mp3 :-66.981793 76.527286 13.536588 26.623617 3.002938 -7.105428 -0.393976 4.043686 -16.167411 8.418045 -6.027242 -0.201310 -1.912257 0.270564 -5.229277 0.169519 -6.559670 1.687163 -4.125346 2.412277 -4.320111 1.144937 -5.888257 4.329093 -2.025992 3.582730 0.584103 1.889072 -3.167014 1.648125 -5.470549 -5.655412 -7.289659 -0.332951 -2.331076 3.402800 -1.312999 1.386464 -2.840520 2.206925 
605627740125060766.mp3 :-103.151868 103.674109 27.469597 15.368325 1.501240 5.274588 3.462783 2.951073 -8.263791 6.484210 -10.050509 3.782387 -3.549261 1.134614 -5.631121 4.850005 -2.595374 8.476182 0.770185 6.268515 2.465036 4.860264 -2.287101 -2.069838 -5.347502 -0.476480 -4.480706 1.379012 -1.646021 0.252255 -7.765587 -4.123277 -1.641614 1.017725 -3.395557 0.949644 -3.883034 0.639012 -3.474629 -0.233217 
6063510808142467606.mp3 :10.255489 55.207453 5.234083 18.238341 2.199205 6.126934 -1.053002 5.551474 -4.588227 6.813485 -0.858672 2.979500 0.231572 4.463897 -2.136025 3.661484 -2.951363 1.864961 -2.363020 1.780486 -5.395588 1.283685 -3.574563 3.652766 -1.685677 3.113360 -1.113932 2.003124 -3.607053 3.023516 -1.718668 -0.410833 -6.105215 0.922604 -3.298846 2.205323 -1.878583 1.043605 -3.700811 0.832512 
60617582567409877.mp3 :-97.573643 67.052040 19.651716 16.524628 -2.683550 5.682592 7.857888 -4.891460 1.117167 1.786148 -6.582163 3.298748 -4.847472 1.151076 -4.495184 3.850366 -5.262729 3.521309 -3.232516 3.221593 -1.641954 1.282640 -2.661935 0.034590 -5.866221 1.286310 -3.927698 3.821056 1.388577 3.615748 -4.554968 0.743425 -2.561537 3.637393 -2.702734 1.910099 -3.605011 2.065168 -4.330931 1.944831 
6035657093532441097.mp3 :-133.003645 97.160047 27.731805 27.316787 8.569723 -0.402811 -3.563434 2.343236 -8.050553 -5.261811 -10.939135 -1.434004 -3.070443 -4.776724 -6.676587 2.426488 -11.178817 -1.955854 -4.345285 -3.044956 -6.918942 0.770850 -4.715014 1.045475 -3.586294 0.491760 -5.561077 -1.115129 -8.481710 -2.162384 -6.011528 -1.480815 -0.674718 4.320541 -3.672238 -2.485226 -3.148991 0.162403 -4.748884 -3.879114 
608380028952897208.mp3 :-171.772760 115.274622 5.122287 11.507247 1.654059 1.055955 -6.952320 -1.582162 -8.630449 -1.972177 -4.783214 -4.253890 -4.849357 -2.742169 -8.625186 -4.440192 -7.159369 -1.520892 -5.240634 -3.735085 -6.483263 -3.006157 -6.052299 0.779499 -5.069705 -2.182885 -6.138712 -0.109048 -1.674527 -1.783083 -6.472973 -0.457626 -1.648146 2.365722 0.373475 2.457996 -0.551275 0.707925 -1.808572 0.545719 
6041897916998797522.mp3 :-34.096478 61.463786 24.000110 35.904212 2.898048 20.750526 2.705109 5.449471 -0.826403 8.634873 -6.117834 0.943172 -6.612336 1.264323 -4.400732 0.642468 -1.777918 2.438066 -5.623133 -0.709052 -6.733091 -0.526849 -4.843473 -1.653017 -8.725000 -0.801086 -8.034373 2.205841 -2.608410 -2.061582 -1.729258 3.442163 0.495071 1.053517 -4.041082 -2.443041 -3.814028 -2.223439 -4.008813 1.843816 
6033183945575721763.mp3 :-65.699817 79.637350 13.816674 22.063832 -0.720660 14.030993 2.376367 10.528467 -1.340921 10.292367 1.841972 5.564765 -1.110213 1.907674 -4.621538 2.735163 -2.972693 3.048744 -1.344340 4.434965 0.398464 3.184938 0.116727 4.130874 0.022304 3.463244 -5.133421 3.609228 -2.211483 3.953696 -2.050610 0.435933 -1.969246 5.343442 -0.010553 4.047589 -0.928828 3.916780 -1.570470 -0.168398 
6103956452567221152.mp3 :-76.098426 83.503022 19.250549 27.354969 4.360378 10.872748 -0.771362 6.277026 -8.546659 1.247720 -3.832389 -0.020626 -3.631204 3.393280 -2.358223 -0.128007 -4.258327 -0.467729 -7.096135 -3.089302 -1.267417 2.305674 -0.600458 4.278105 -0.768348 2.394221 1.449592 3.153534 0.081358 3.559266 -1.674403 5.988978 0.410514 2.672403 -5.359336 0.591787 -4.145765 0.314497 -1.856524 3.081625 
6079937376783238007.mp3 :-186.410462 95.621593 5.203801 31.525821 9.085279 10.168017 10.471030 1.891180 -0.864439 11.822063 -5.452506 8.003205 -4.501236 2.695299 -1.760953 2.048016 -2.031049 4.800680 -1.796688 4.296593 1.265190 3.707841 -0.181837 -1.509711 -7.764047 0.889727 -1.951181 8.218220 -0.367740 -3.007656 -6.559696 0.537218 -0.261239 2.638020 -4.997362 -2.490674 -3.644507 -1.646752 -5.859208 -1.127826 
6031293962003801606.mp3 :-171.885938 106.217484 3.718312 17.650109 0.327589 2.555144 -1.687969 5.523774 -9.310479 1.973595 -2.234732 -6.497510 -7.746106 -2.502751 -5.785315 -0.147030 -8.506266 -2.147589 -7.179440 -1.787655 -0.565576 3.800488 -5.733089 0.008429 -1.808014 -0.839226 -0.162426 5.013325 -2.857285 2.703360 -3.766386 0.652523 -0.952858 0.647812 -3.983710 -1.861525 -2.479320 -1.491531 -2.782097 -1.083287 
