1573470978883627961.mp3 :-178.427708 136.893209 10.988505 16.501647 -7.468880 1.571503 -14.816650 1.897796 -8.501481 -6.172443 -9.998486 -8.788248 -2.568466 -2.694725 -2.672799 -0.166726 -9.348798 -6.563487 -4.788948 0.454570 -3.954124 -3.408395 -12.104810 -5.457473 -4.757776 1.448172 1.385410 6.107376 0.849175 6.553095 3.298010 3.580347 -4.848256 -4.490326 -5.223695 -1.469926 -2.112299 2.906380 -0.204553 4.579953 
1595800888222816644.mp3 :-247.481627 120.665729 -15.171359 28.371603 0.674555 -3.079770 -0.500067 3.622092 -13.965999 -1.726338 -5.692981 -4.325263 -1.949803 -3.849360 -6.713157 -0.341325 -4.079530 -1.308585 -3.863702 1.364237 -3.724130 0.310315 -4.052568 -0.962172 -3.562074 -1.036686 -2.254019 1.059263 -2.606018 -1.425960 -2.594459 5.228502 2.261004 1.154281 -1.710530 0.099277 -5.385766 -2.922804 -1.795680 4.133863 
162253835912502856.mp3 :-232.486948 160.686092 2.303224 15.357610 12.285442 -4.615623 0.921343 -1.040306 -18.061251 -2.541473 -6.325692 -12.024529 -2.009072 -5.892290 -6.342228 -2.868857 -7.963943 -4.067385 -5.629679 -5.612369 -5.560259 -4.605238 -7.358798 -3.921548 -5.477304 -1.631496 -5.924207 -5.234545 -5.268438 -3.916404 -6.641974 -9.141857 -7.876137 -4.258919 -3.831676 0.004545 2.166086 0.518871 -2.050120 -1.468528 
1619017765236214493.mp3 :-198.849899 79.653442 16.025331 28.819113 6.367429 -1.146313 7.043176 -4.188926 -2.135196 3.631681 -13.974576 3.685805 -5.019552 -4.657615 -2.483964 1.686260 -2.219624 4.848314 -5.870458 0.752906 -5.939123 1.752104 -2.668102 -0.058193 -6.397530 0.817829 -5.718442 0.587655 -9.601465 -2.183295 0.028474 5.220560 -4.122667 -1.494293 -7.350318 -1.454758 -5.053400 0.201515 -1.843390 2.010860 
1582749570493407020.mp3 :-80.728511 91.494679 5.339831 35.459223 7.776755 6.598500 3.270340 7.427493 -8.732461 5.828048 -4.186929 1.608553 -0.164452 4.361869 -2.638874 1.853054 -2.767697 2.804593 -2.408498 6.263010 -2.235584 0.183520 -5.705444 0.214615 -3.841692 5.385448 -1.699430 3.394779 -2.376893 -0.051122 -4.277070 1.554862 -3.741880 -1.212241 -5.503371 -0.931944 -3.270408 2.669000 -1.270992 1.514611 
1623360100707906045.mp3 :-54.724435 63.651305 5.039297 22.099070 5.420379 7.966897 -0.621518 4.416806 -7.230861 6.193826 -0.802658 5.682876 -1.765970 4.336925 -1.484667 3.562998 -4.100524 2.235863 -1.530010 4.133389 -0.993873 2.570541 -4.416012 0.886268 -4.083044 1.726573 -0.845068 3.496451 -2.387060 1.128864 -3.148265 3.748454 -2.620655 1.796843 -2.498516 1.705547 -2.591220 2.330315 -1.615457 3.013214 
1579713431627005242.mp3 :-106.609353 94.283062 17.468215 27.967316 3.477804 13.049751 3.185149 13.914475 -0.979603 4.765293 -4.529491 -1.673635 -4.061856 -0.288726 -2.583753 0.339959 -6.893188 0.805896 -4.794269 -6.474675 -8.071052 1.580647 -6.587884 -1.207044 -4.303281 -0.299670 -7.674532 -0.026549 -4.256742 3.975413 1.458585 -0.033927 -1.620144 0.714777 -2.397489 0.961414 -4.289092 1.304050 -2.318946 -4.200333 
1631306536095543530.mp3 :-114.343722 108.586589 1.543707 29.876433 1.646619 3.650627 -6.672307 9.786212 -16.160185 -1.537058 -7.457816 -7.233913 -8.104799 -2.488927 -5.450976 -0.710849 -3.007425 -0.565978 -6.111704 -0.296876 -7.097994 -3.683017 -6.195781 0.377040 -3.221927 1.486398 -4.393205 -3.100518 -7.963114 0.466593 3.646718 5.642684 -4.632024 -1.410984 -2.223898 3.055569 2.871549 4.899807 0.961753 -0.297254 
1601133966791352034.mp3 :-72.886481 70.882916 11.094968 16.291463 -2.110580 -6.245937 0.957754 -7.271411 -14.674776 6.788479 -16.256471 0.890764 -12.554197 -4.323563 -7.765034 0.788303 -3.550475 2.872050 -6.598569 -2.744840 -7.744573 0.607205 2.081671 4.720530 -4.623986 -0.007235 -8.935444 -0.004937 -3.349534 1.081595 -6.858382 -3.894167 -4.403591 3.246274 -1.957133 1.215353 -3.027903 -2.313563 -8.262939 -2.001061 
1613254705757156648.mp3 :-47.550843 87.501678 0.294963 27.124271 14.454957 8.848504 -1.154774 7.030557 -6.080691 4.485227 -4.449487 0.531027 -3.316340 0.817322 -7.294299 1.670838 -9.931885 -2.209128 -2.301275 -0.833625 -4.795039 -1.113405 -5.077768 0.004809 -2.575529 3.446834 -4.350257 -1.044256 -8.241449 -5.139066 -3.956291 4.979981 0.315976 2.017301 -5.316216 -0.352475 -3.340391 0.431520 -5.286214 -1.745914 
1569524458922365004.mp3 :-161.566641 108.256892 16.749933 27.122990 11.820812 3.279440 5.004127 -1.158739 -3.409302 3.258772 -9.610641 2.760209 -9.725466 0.784363 -4.652751 1.046122 -7.190320 -2.214574 -5.440377 5.121742 -4.814244 -4.282111 -7.081027 -1.210033 -3.245784 5.984557 -3.660672 3.282144 -0.495359 3.637018 -6.018357 -7.051848 -5.938925 -0.708985 -1.630208 1.834541 -2.154228 1.518850 -2.250046 0.279038 
1568507756804737359.mp3 :-86.893084 107.902770 18.340115 32.436052 -6.937313 5.938194 -10.977916 7.696389 -11.437511 -3.728342 2.839513 -7.647388 -2.101046 0.344960 -12.630309 -0.400999 -8.279036 -4.710086 -9.200633 -0.127692 -7.999464 -2.939706 -4.304868 -4.440103 -5.295278 1.885872 -4.547736 4.535074 0.264027 -1.223627 -7.585118 -1.520513 -0.237106 3.288407 0.461959 1.243817 -2.805238 0.011160 -4.783761 -1.100261 
1576721025884154681.mp3 :-209.692118 137.024850 1.093870 19.474000 2.192005 -8.051384 7.176798 -6.611738 -15.111041 2.372174 -15.277293 0.442679 -7.880978 -4.671742 -3.596191 0.470859 -5.308836 3.704512 -5.192345 -3.375479 -8.919855 -4.753881 -4.435392 1.849816 -2.476275 1.322986 -6.173189 -2.965091 -5.372759 -3.649555 -3.335204 -4.985905 -4.105196 0.175837 -0.536351 1.017442 -1.367419 1.249388 -3.663558 -2.484985 
162012440418670590.mp3 :-84.406581 92.929115 16.011065 17.855380 8.216513 13.023081 3.524537 9.908658 -2.059081 8.730425 -0.770372 3.813437 -1.693343 3.272022 0.013894 3.376356 -0.558500 2.575029 -2.087425 2.381856 -4.495639 0.656633 -2.856863 3.070134 -1.151294 4.119117 -0.861546 2.025654 -3.488838 1.921113 0.288725 3.101889 -3.531221 1.381901 -2.466382 1.537993 -0.483194 1.961714 -1.323798 1.140375 
1576085862200338921.mp3 :-137.821604 76.956429 20.574407 35.737000 15.628476 6.687635 7.425999 -5.251073 -6.639023 -2.408062 -11.536348 1.520447 -6.943993 0.373771 -5.823289 -4.177605 -3.911179 0.386658 -7.159498 1.820070 -5.285223 -0.091214 -2.007779 2.688742 -0.781696 4.245506 -5.416385 0.299889 -5.576167 0.319733 -2.578449 0.527634 -3.226800 1.741061 -0.603764 3.221156 -1.780743 0.855012 -3.629668 -0.432474 
1630927758610611141.mp3 :-208.227693 120.084129 2.451427 14.957379 6.085326 7.948180 8.065425 7.697184 1.209512 12.568348 -1.247001 6.212758 0.124620 1.494634 -1.893818 4.808511 -1.625657 6.661891 2.060260 5.684032 1.714024 5.052649 -2.391060 1.867378 -3.594733 1.594996 -1.681549 2.480372 1.156827 4.173273 -3.284212 -1.443764 -4.013190 0.488115 -1.619250 0.715174 -2.843519 -0.622569 -3.506637 -0.570497 
1567703788121548123.mp3 :-154.799884 73.989942 -32.364055 12.893580 -8.775856 -1.045792 4.200369 -1.604945 -8.194161 6.379905 -9.142716 6.132403 -4.773336 2.199301 -2.522803 7.627304 -2.602043 6.093565 -0.144252 -0.591941 -5.048217 -1.060459 -0.433459 3.822325 0.535271 4.087861 -3.171822 1.618960 -5.947131 -1.612289 -0.310257 5.502244 0.382996 1.396458 -1.354036 2.141836 -1.359213 0.585176 0.052488 1.492862 
1617487865623470820.mp3 :-158.228538 102.381552 -18.507414 29.738648 1.510656 3.276752 -6.789544 5.150928 0.030748 8.037225 -1.727908 5.139255 -1.396649 3.005829 -2.098981 0.325239 -4.539777 0.599174 -3.876078 2.303785 -3.567265 -0.451803 -6.169586 -0.189826 -2.082787 4.648438 -2.638124 1.592402 -1.142797 -2.498945 -5.320602 0.558921 -1.015887 0.944616 -6.640279 -3.371607 -5.313851 0.079038 -0.690922 -0.646913 
1604747729504693821.mp3 :-115.012527 77.725154 6.526570 10.220330 3.819784 6.594869 -0.049603 2.179036 -1.180380 6.066935 -2.603593 4.973507 -2.354760 2.512149 -3.385650 3.312057 -0.664539 5.044471 -1.943093 3.080460 -0.213371 6.370991 2.712652 4.038988 -3.746386 -0.375586 -4.360514 -1.135925 -5.944758 1.368187 1.576815 4.829461 -3.226328 -0.970880 -5.134065 -1.505066 -5.043224 -1.787034 -4.759149 -0.942971 
1579503399020685536.mp3 :-35.555977 98.939722 10.942841 6.932989 9.133292 9.678237 4.652292 7.527095 -2.766982 7.950078 -6.634833 6.062598 2.373643 6.944803 -2.344522 1.457167 -5.343116 5.502734 -0.956304 1.861366 -4.717538 3.726965 0.228027 6.182715 0.157826 6.082396 0.710431 3.280201 -1.625097 3.589036 -1.310979 1.083742 -5.413898 -0.340519 -0.699776 4.063869 -1.916729 0.241659 -3.157746 1.271256 
1578895854896355014.mp3 :-115.899921 81.562028 5.052764 25.298329 4.467846 -1.708262 -12.446996 2.403192 -3.689443 1.669162 -6.867550 -1.145137 -3.395059 -5.894911 1.704308 1.557565 -10.712396 1.252174 -2.600922 -0.294181 -4.831393 2.555150 -4.400508 2.192034 -2.579817 4.629765 -1.751033 1.645312 -4.022138 0.761326 1.304575 4.387103 0.489464 3.459715 -1.585649 2.494450 -0.686981 3.021918 0.769199 1.483140 
1630228066829686189.mp3 :-102.276378 66.597059 11.012325 27.900952 6.702399 8.489204 2.082025 8.891794 -5.506079 11.919167 3.158464 4.993508 2.729931 2.737491 0.475827 2.995042 -0.163719 4.809422 -2.790363 1.556059 -5.039963 1.996482 0.480909 5.545002 1.660438 2.261743 -1.264851 2.293425 -5.902445 -1.630731 -0.928940 8.375859 3.007427 5.259648 -2.651087 -0.171375 -4.359894 0.033040 -0.781955 -0.186245 
1624746101214418097.mp3 :-106.815127 83.187579 -1.249458 21.890375 4.228543 9.625819 7.344931 -2.795413 -3.839611 3.605336 -8.219801 1.167032 -8.844882 0.704929 -8.188082 0.042711 -4.800589 0.568683 -3.909956 2.556232 -2.658346 1.860948 -2.907169 -1.065066 -3.315588 1.844556 -2.627641 3.383792 -1.547619 1.690721 -5.091373 -2.330627 -2.403913 2.994630 -2.200243 1.270890 -4.528006 0.487858 -4.965546 -2.179423 
1580253129698167304.mp3 :-105.286108 91.311134 -2.984693 25.361900 3.593113 5.611461 4.643644 -1.997361 -1.322143 2.340891 -8.339233 0.881906 -7.485288 3.178996 -4.576380 0.351814 -4.861663 0.985028 -2.782054 3.446366 -1.761709 1.883353 -7.775577 -4.200493 -3.686237 3.345871 -1.138682 -0.147225 -1.612358 7.951800 -1.911903 -3.465361 -8.615049 -1.835953 -3.757859 1.258687 -3.135904 1.119199 -1.956800 3.155066 
1597742824673580755.mp3 :-70.799635 72.246018 -6.168971 41.579242 7.887618 -2.607357 2.692072 12.349169 -21.797753 9.710620 -4.252238 -4.942713 -1.731573 -0.635534 -11.695681 2.127975 -5.678094 -1.637417 -3.197749 -1.913054 -6.602895 5.040016 -1.565097 -1.707329 -0.977904 -1.743578 -6.065505 -0.373666 -6.247824 0.956343 1.599894 4.628785 -5.813872 -0.266251 -4.950241 1.332334 -2.982907 -0.805947 -2.465894 -2.129227 
1587560894883296500.mp3 :-76.516409 86.435357 -3.181140 30.246899 -4.162777 19.366828 -3.759307 -1.886055 -5.155149 -2.521715 -8.463606 -1.448326 -7.235519 -0.665834 -5.813723 2.697499 -0.242814 5.527923 1.358602 4.106945 -1.621618 5.065035 1.543784 5.884060 0.511473 2.436925 -3.203535 2.471247 -5.705789 -1.243529 -0.691674 4.198149 -2.302714 -0.081833 -3.666374 -0.094086 -3.288502 1.484866 -1.347773 -0.532390 
1636098243037804393.mp3 :-122.710470 84.411256 7.695961 25.434925 2.413023 8.241142 6.715314 -5.101569 2.126218 2.322958 -4.170672 2.674053 -5.455690 4.643395 -3.486255 6.586254 -2.078305 4.180517 0.482837 2.226173 -2.181161 2.679268 -2.944789 4.814145 -1.225550 1.389978 -4.293615 1.589615 1.513308 2.348763 -8.395729 -3.059468 -0.982819 4.828824 -1.202303 2.422202 -4.633491 -4.174737 -6.174600 -1.559154 
1577573605377543964.mp3 :-182.521848 101.339860 25.651049 27.775397 10.275306 7.360036 7.825703 4.785162 -3.220685 7.092323 -4.593526 2.312971 -2.301801 -1.149209 -5.292518 1.993483 -1.876976 4.126758 -1.348435 2.609716 -2.949345 2.580102 -2.047521 3.161998 -3.252855 2.930144 -4.244360 0.536394 -3.685301 -2.071141 -4.631523 1.186381 -2.792453 3.403326 -0.932273 1.114185 -2.970156 0.582671 -2.296499 -1.106907 
1602201635295679418.mp3 :-90.595768 86.808356 25.708136 23.754135 7.584530 0.965457 -6.088014 1.316811 -10.432375 0.228509 -5.598328 -0.424427 -3.478878 -0.289368 -6.222504 1.102155 -7.416255 0.009856 -5.117448 -4.065891 -4.664968 5.972291 -1.032559 6.150868 -1.203295 1.194395 -4.138011 1.251968 -3.772111 3.013511 0.163237 4.677360 0.677744 1.594103 -3.350402 -1.848879 -5.629168 -1.193274 -4.020245 0.702198 
1606480314275099362.mp3 :-90.363194 68.794081 2.399727 25.675992 11.525956 9.639717 3.399820 3.750109 -2.279782 7.282747 -4.781468 3.115538 -3.379052 4.982844 -0.320301 6.204304 -4.363872 -1.368350 -9.421695 -0.131905 -4.279432 1.340376 -2.944138 -0.637908 -6.293618 1.401182 -4.355574 3.710675 0.371321 1.487411 -3.969329 4.148963 -1.143583 2.467487 -4.320181 -3.099891 -6.809859 -2.953968 -3.892144 1.379052 
1596283107260730106.mp3 :-169.277689 89.801943 24.310602 25.132575 4.956379 3.594961 -2.180818 5.264231 -11.918122 9.074074 -4.086520 -0.463879 -2.427353 -2.718083 -2.254026 0.601438 -5.443606 2.503420 -5.506714 -1.534447 -8.012174 -1.286203 -5.888538 3.258302 -5.742891 -3.868553 -3.903770 -3.667356 -6.800521 2.545440 1.201322 2.793905 -1.450640 1.312922 -0.722667 1.995465 1.649205 1.297372 -3.200590 -0.519309 
1603856800687300614.mp3 :-198.657905 120.738476 15.295078 20.938500 9.744702 11.640494 -4.847947 5.157472 -9.636482 -5.672399 -3.489171 -4.673906 -4.368977 -6.856194 -2.472427 -1.445005 -10.333678 -1.782570 -5.168119 -2.821882 -7.364376 -2.608875 -9.620517 -3.938789 -7.731875 -2.574335 -6.361624 1.526582 -2.273769 0.916610 -2.865805 0.937413 0.129126 0.574476 -4.111321 -1.271314 -4.766819 -0.126801 -4.251751 -0.987118 
1626445280828651325.mp3 :-163.800531 91.800664 15.440770 25.966454 2.874619 14.575057 -4.673729 5.967921 -13.311034 6.059275 -8.912392 3.114622 -3.923736 1.268419 -4.025932 -4.197883 -7.920094 -1.601330 -1.694272 0.101861 -1.571908 -2.353179 -0.565508 3.611297 0.700573 6.100557 0.355134 1.193969 0.505498 5.405413 -2.608816 -5.479816 -8.432573 0.889343 -0.385804 5.952560 2.275209 0.213302 -2.637682 2.807114 
1631900755941830455.mp3 :-120.427890 96.137599 -15.067079 32.456135 -10.352701 10.473862 -1.008476 2.456263 -9.317621 9.066579 -12.925894 2.485795 -3.851445 -3.293436 -4.346101 0.129460 -3.628586 5.056706 -3.037846 -2.173568 -6.152763 0.276989 0.722327 6.865761 -0.587675 3.547903 -7.216839 -4.977890 -9.425135 -2.034474 1.443750 3.782493 -2.698515 1.321913 -0.193158 2.181772 -4.659278 -5.054280 -2.494756 2.750240 
1587255944133730876.mp3 :-73.525263 74.741517 10.466226 25.196600 8.490245 13.672595 -1.712034 11.892222 -3.037847 8.361107 3.497293 9.461045 -0.160270 4.074113 -1.158407 5.364699 -5.028721 2.583794 -4.074748 -0.426400 -4.367319 2.666552 -2.546590 2.415347 -0.002115 1.892044 -4.001823 1.944552 -2.038376 3.282354 -1.705074 1.714804 -2.752997 2.165686 -1.293961 1.936329 -2.146687 -0.045658 -3.545635 -1.023711 
1616087373001257564.mp3 :-153.056977 88.770250 -0.971227 20.667003 -2.700353 8.912840 -0.727388 7.128432 -6.572096 4.148009 2.264154 -0.084260 1.000495 1.792226 -5.296853 0.996560 -6.770255 -1.570232 -8.902365 -3.749511 -5.187710 0.596854 -5.646650 3.388518 -3.160082 0.031748 -4.796543 -0.191447 -8.621518 -0.852437 2.988176 4.417244 -2.095127 -0.188374 -6.124708 -1.073123 -1.023888 1.627726 -2.280194 0.994590 
1599776352724336138.mp3 :-164.283358 118.776613 -2.384032 23.260788 10.895645 10.850375 5.448745 12.542219 0.476329 6.897478 -2.690539 2.779577 -3.271030 1.706866 1.603073 4.854620 0.462838 6.226218 -0.874194 0.964045 -3.130923 4.355848 -2.902870 2.043262 -3.450468 -0.318089 -3.263752 -0.088538 -1.726855 3.305383 2.575729 2.103573 -2.943713 -1.562930 -1.449913 0.767499 -0.329463 1.838152 -1.112761 -1.995292 
163315933028587072.mp3 :-97.301084 112.650128 1.945011 30.882875 2.961604 -4.029006 5.148006 0.310586 -10.743775 4.880067 -6.099474 0.610846 -3.695118 -3.220215 -4.460953 1.830703 -4.259677 2.594647 -2.241863 2.177528 1.100147 3.837633 -0.030280 5.746319 -5.797290 0.024626 -5.486187 -2.706950 -0.389045 2.765609 -0.721057 -2.272644 -8.101537 -0.154363 -5.900699 0.924055 -4.247064 -0.039635 -0.592597 -0.380933 
1605871614278572163.mp3 :-87.715268 92.462773 16.703539 24.395528 -8.271922 4.498732 -4.566357 7.162948 -18.206405 7.282483 -6.073917 -5.469239 2.418122 1.731828 -5.986316 2.101157 -5.863373 -2.192886 -5.443382 -6.659682 -7.636019 -2.032864 -6.982114 2.062234 -3.448645 0.371880 -1.464297 -2.148337 -2.384174 1.641150 -3.360155 4.247502 2.407989 6.986491 0.566097 5.180836 -5.889318 -2.442329 -5.245675 0.582146 
1602487431182438448.mp3 :-98.795418 93.424023 6.825530 28.488227 3.064959 12.217273 -4.838807 9.790522 -5.724434 2.069976 -3.294427 2.399031 -2.679032 3.122551 -3.650276 3.848056 -2.135656 3.894516 -2.707357 1.365026 -0.566628 2.129290 -2.310221 4.520367 -1.852909 2.139569 -2.545775 -0.067832 -2.508170 5.279255 1.329891 3.312212 -4.316223 0.872375 -2.247419 4.367457 0.083980 3.043666 -2.890774 -1.051420 
1608680304236230778.mp3 :-76.387994 71.367665 3.074339 33.302020 15.030248 11.157383 1.441234 12.615043 -3.449847 6.724317 -1.181390 0.424938 1.974004 3.025398 -1.031577 2.811028 -3.476011 0.214338 -2.161037 0.321326 -5.384707 2.317472 -1.849404 4.356792 0.660326 4.400162 0.239965 3.701190 -2.216277 1.137268 -5.340444 -1.063340 -4.060620 1.748072 -0.701670 2.161415 -1.850612 1.316596 -2.548366 1.523465 
1622280587480295124.mp3 :-114.343418 92.428793 -11.813276 32.623242 13.239196 5.678482 2.643418 11.868887 -9.589357 10.514349 -0.909468 2.797846 -1.095003 -0.692638 -5.193218 6.718265 -5.313637 4.383927 -1.988964 -7.561845 -6.941312 1.782680 -5.200243 1.598953 0.118378 -2.253503 -5.118324 -2.171563 -5.640898 5.748881 -0.616715 -1.260702 -3.534984 3.123177 0.707552 2.668713 -0.744989 1.030468 -5.085285 -2.135975 
1583025484400309471.mp3 :-113.597958 78.812376 19.345933 29.937609 -2.450917 5.193680 7.308970 -7.690306 -7.882045 4.176526 -11.881208 5.520145 -2.744093 3.681659 -2.894991 5.643132 -3.894104 2.273470 -12.160699 -9.448835 -4.969283 6.978692 3.953068 2.580209 -6.820155 -4.148782 -6.374363 0.185587 -8.099420 -3.438991 -2.115488 10.606487 1.944559 -2.421091 -9.197139 -4.436088 -8.220305 -1.531539 -3.637648 -0.289742 
159301803336551585.mp3 :-111.979278 91.789999 12.402441 32.945021 6.310990 2.252357 -3.707820 3.782710 -9.020282 3.557827 -1.388085 1.854960 -1.365601 -2.029075 -4.311385 0.532251 -1.075608 -0.063710 -0.381230 -2.568354 -6.464353 1.534006 -8.417930 -4.609072 -6.742989 3.048142 -2.491940 3.029169 1.503376 4.810859 -5.476237 -3.931921 -0.286938 1.529673 -2.762258 3.742954 -3.393848 -2.000157 -1.910472 0.047610 
1621127776209438254.mp3 :-87.729672 66.616215 29.571022 26.216028 5.671754 13.228185 -4.672828 3.312007 -3.823373 3.176242 -8.310093 -0.493538 -4.120132 0.430308 -3.845268 2.279943 -1.780009 1.652311 -2.471046 -0.399725 -7.152150 3.574551 1.384346 6.205553 -0.864555 2.280315 -6.119383 0.261242 -2.592135 3.040713 -3.006635 -0.215578 -2.970342 2.713074 0.710821 2.419874 -2.882448 0.224535 -7.352376 -3.635096 
1616805748371151171.mp3 :-161.040486 124.669160 4.080834 8.693836 0.276084 -3.169324 -5.988862 -2.452752 -9.073933 -6.919618 -6.463872 -5.103310 -4.866024 -5.033209 -5.809418 -4.394487 -7.998800 -5.006077 -4.570940 -4.976563 -8.852749 -3.361123 -9.154144 0.893947 -3.814872 1.473123 -6.056871 -0.479778 -7.703489 -4.052836 -5.516393 -1.512630 -6.815610 -4.687449 -6.818442 -1.225609 -5.246879 -0.893957 -2.190478 2.596772 
1603229384337155421.mp3 :-108.606433 88.340050 20.130712 36.328092 6.049466 6.976473 -0.793729 1.540504 -5.757359 5.342712 -5.584468 4.581736 -3.957327 2.189960 -8.375757 -3.695779 -3.756912 6.558786 1.107331 11.315090 -2.611323 -6.173884 -8.359485 5.801443 -0.546705 5.554772 0.265063 0.103070 -8.791169 -5.023495 -3.904610 0.417684 -7.116628 -1.296940 -2.060174 2.721694 1.149952 3.013044 0.660333 6.061638 
1610045985626107362.mp3 :-107.623849 79.371063 10.194062 24.843597 -3.507220 2.391136 -2.817504 -1.453936 -11.208039 4.004448 -10.235183 1.379708 -3.760344 -1.555963 -4.746730 0.196867 -6.837082 -0.025322 -6.301733 0.706303 -3.096013 3.640296 -4.592181 0.707354 -7.561576 -0.038389 -3.096607 1.725116 -2.118561 5.432612 2.355091 1.991580 -4.076763 -0.205969 -3.404119 0.017887 -2.146453 2.706671 1.068280 3.477192 
1623410380583044007.mp3 :-62.429168 61.256789 7.075335 26.063774 0.695904 18.307303 3.715248 7.110076 5.316304 6.730479 -0.475060 5.493806 1.372355 -1.739780 0.590919 4.009920 -3.893350 6.532034 -3.487066 6.502051 -5.517179 -3.914152 -4.215435 0.231891 -0.745092 3.743597 -4.692049 0.763424 -7.017100 5.798722 0.983763 -1.223658 -9.736523 -3.251819 -1.858882 4.423873 -0.567954 7.439324 -1.385079 -2.981893 
1606340793887989150.mp3 :-120.005579 85.741315 29.927541 12.093542 13.862824 8.551194 1.532570 4.652093 -6.697642 4.023481 -9.732835 1.768757 -3.232609 -1.567943 -4.607798 -0.579765 -5.108988 2.782817 -2.341791 2.097100 -3.993917 -1.857475 -6.775095 -1.043867 -6.632656 -0.413105 -5.101913 4.039946 -5.178371 -5.053122 -7.955464 1.443380 -2.429524 -1.064375 -4.877050 -1.947013 -2.306324 0.204743 -1.070068 1.233125 
