3563960046048201905.mp3 :-27.795449 65.048717 -1.290568 16.702685 -4.305322 15.840954 -2.012876 3.864647 -0.311031 1.696873 -0.954960 1.962470 -4.361308 1.844714 -6.363785 2.466968 -3.227818 0.461606 -4.042396 4.341803 1.652534 4.891042 -4.228205 0.897907 -5.724575 0.024526 -1.845512 5.005726 1.802537 1.556556 -4.156307 4.679745 0.196878 2.931419 -1.370257 0.317639 -2.534510 1.856149 -2.007681 1.527460 
3558165970124356487.mp3 :-325.572433 174.296146 38.583874 -0.366549 2.199613 -3.878023 -12.410827 -15.457024 -14.963306 -14.163934 -13.581732 -13.157071 -11.083260 -8.179649 -6.584915 -5.197861 -3.897390 -2.297464 -0.938198 -2.401736 -4.596559 -3.550953 -1.437656 -1.623797 -4.422545 -6.205234 -6.104341 -7.130550 -5.713234 1.792250 7.603371 4.382854 -1.276526 -1.765929 -1.742841 -3.154997 -1.284435 0.749815 -0.323861 -2.253409 
3549028239665166951.mp3 :-76.166923 97.947942 5.390069 34.777345 -0.096858 11.137975 -4.108469 1.257790 -9.060648 2.879035 -4.529091 1.522564 -5.439366 3.382341 -5.675357 3.232847 -7.171197 1.776124 -5.459926 -2.987887 -5.633271 -0.418688 -2.299352 4.644578 -2.575235 0.874463 -2.756840 1.605092 0.087799 -1.343979 -6.141246 2.984126 2.662848 3.601581 -2.188682 -0.073607 -5.712766 -3.334621 -4.744100 -1.608298 
3534854426265613468.mp3 :-124.565401 82.805228 15.357942 35.229975 5.934554 5.746288 7.670482 3.062423 -5.362882 10.222140 -11.289010 5.826812 -6.344795 2.171244 -0.487784 -0.146808 -6.055095 -1.438131 -11.768902 1.612546 0.984350 1.997488 -1.280398 -3.815736 -9.258054 0.078693 -4.427078 2.628878 -1.384992 -4.465383 -4.166027 3.956488 -1.906410 0.625611 -6.994024 -3.266756 -6.794693 -2.374888 -3.285811 4.300810 
3549336053706703484.mp3 :-165.388426 121.152441 8.872771 26.783689 1.305299 7.056675 3.178533 -4.573768 -2.328695 5.153026 -4.985118 -2.107125 -3.611245 1.597291 -3.565252 2.183910 -6.375718 1.285828 0.577370 6.830254 -1.661110 -0.965942 -3.909734 -1.660533 1.046056 5.176528 1.488870 3.912444 -3.485784 -2.955002 -3.264915 -2.047352 -2.947017 -1.988916 -5.455452 -1.282264 -2.270194 1.387925 2.285459 6.377757 
3528524114846539384.mp3 :-273.035692 160.076406 10.432434 9.479292 -5.430829 -4.067670 -5.131385 -6.463547 -9.927507 1.298934 -8.149907 -8.361498 -8.041709 -5.999196 -1.940094 -1.589855 -1.318334 -1.431759 -0.447751 0.275163 -1.634711 -0.379629 -3.926375 -0.984263 0.083769 -1.215239 -4.974019 -1.130947 -2.530513 0.574138 -2.363807 -3.420866 -1.933334 -0.584937 1.299437 0.256510 -1.321232 -1.298021 -4.937411 -1.889104 
3549575580683876184.mp3 :-216.343203 85.024334 30.630752 22.113885 9.234695 15.198372 7.142448 6.782863 -1.710370 12.824087 -5.612120 6.069298 -0.848297 3.419273 -3.436721 6.325334 -4.002728 6.880539 -0.629178 3.249582 -1.215372 1.503190 -2.140293 5.179930 -4.128969 6.835178 -2.657448 1.310463 -5.944754 1.402065 1.659806 3.451067 -4.789198 -2.240358 -3.297159 1.579388 -1.275685 1.970441 -1.210360 3.351537 
3575497036087748367.mp3 :-137.686122 97.031917 -6.276854 39.610423 0.646373 6.859100 4.624068 6.734202 -6.849257 1.609494 -8.755111 1.583961 -1.954236 1.874962 -4.732778 1.432567 -7.460506 1.590214 -6.487861 -1.420165 -6.701009 -1.579997 -5.744680 -1.024635 -4.722255 -0.842712 -2.513492 1.458357 -3.988418 2.896306 2.449826 1.287680 -2.157162 -0.587907 -6.647147 -0.659918 -3.727439 -2.276482 -4.965464 -0.478645 
3558362167985791346.mp3 :-35.827877 73.630499 2.435331 33.616197 1.743764 15.413162 -2.786851 9.405168 -3.810282 3.505590 -1.245039 3.111204 -2.872278 2.209313 -4.898962 3.581287 -5.774567 2.836233 -2.538149 0.963099 -5.403493 -2.107995 -5.123694 1.491838 -5.829993 1.419625 -3.610141 1.916245 0.392623 5.751661 -6.499117 -2.310552 -3.199437 2.254053 -1.473782 1.753458 -3.338168 2.043403 -5.955554 0.416100 
3513267366989669953.mp3 :-84.660356 57.744388 -5.088125 13.429991 0.289347 5.943726 -1.709900 3.805363 -4.472823 6.203085 -6.338106 5.059471 -3.307274 6.079388 1.629639 4.488006 -1.220106 3.475960 -3.574351 2.110284 -1.228680 2.598128 -2.010952 2.916817 -3.430546 3.151902 0.165117 2.760385 -1.387198 2.195307 -0.375764 4.596979 -2.570940 -0.610051 -5.210558 -0.959062 -3.291216 1.835703 -3.610796 -0.045128 
3576269476600640240.mp3 :-44.450957 66.813547 19.025367 33.616185 7.660682 7.067357 -1.083414 8.203625 -5.474491 5.613566 -3.947035 0.255863 -3.805164 4.255292 -3.601430 0.301549 -4.139824 1.310583 -7.509692 0.467692 -1.786957 0.577933 -3.803535 1.431619 -4.548128 -2.152954 -5.359648 -0.337828 -3.809872 1.788703 -3.659037 2.826173 -0.759948 4.604823 -1.437901 1.117412 -3.994268 -0.632936 -6.590114 -0.664620 
3584501283249175081.mp3 :-63.122123 79.540673 32.356394 33.326939 12.433216 11.862658 4.954185 13.206266 -8.440377 8.999832 -2.892922 -2.551294 1.672894 0.608755 -2.119152 -0.473177 -3.913850 0.817718 -7.531228 -0.493229 -3.262133 2.211138 -3.691403 2.080491 -6.421615 0.310652 -2.918756 3.387631 -1.791323 5.318823 0.902269 1.790162 -4.406852 -2.499773 -7.318889 -0.787052 -0.723887 2.809832 -2.444222 0.941538 
3531359152102780806.mp3 :-122.915080 86.055671 38.844073 42.873066 4.095473 10.245185 4.436810 1.176332 -0.256636 3.469880 -7.507386 -3.819757 -6.713806 -0.131609 -6.827038 -2.056975 -2.925962 -1.185942 -6.494719 1.857202 -8.541700 -2.612996 -3.535389 3.497272 -2.968887 3.935673 -6.723669 -0.858068 -4.467221 2.289462 3.490639 2.376303 -3.758296 -2.195940 -3.017692 4.319941 -2.494490 5.363060 -2.627044 0.150666 
3577691118997482861.mp3 :-181.867392 110.425558 14.595203 24.179091 4.570304 -2.175834 3.558746 -8.262118 -18.135227 -6.267243 -18.712220 -11.934917 -19.065650 -11.968630 -16.403183 -6.218069 -9.101904 3.018775 -5.377502 -5.183726 -10.815112 -5.796931 -6.347475 -3.134046 -6.143722 -1.228824 -3.314784 -3.055282 -11.189269 -6.434897 -0.950613 4.274244 -2.066334 -1.422532 -4.550519 -2.251689 -0.710017 -0.952388 -5.542555 -0.212765 
3577594143614057778.mp3 :-186.064731 112.016978 4.872277 26.353784 5.687590 -2.809117 7.493526 -5.281924 -10.243669 2.202251 -10.263976 -1.661386 -5.529332 -0.681126 -7.944725 -3.713586 -6.076472 0.529427 -7.726486 -1.352080 -4.627829 -1.212033 -0.822698 6.194226 3.113882 6.358139 -1.764948 1.813174 -2.599036 -0.776330 -5.762232 -5.953827 -4.863434 3.224313 0.049911 1.945760 -2.714705 -2.895709 -4.061938 2.049770 
3587259569834876644.mp3 :-148.865074 86.385726 36.352744 30.710203 11.388613 8.432828 0.937944 10.742978 -5.488793 5.071737 -2.849000 -0.127933 -4.541876 0.863693 -3.218888 1.844451 -0.399923 1.807117 -0.824363 0.430089 -5.622519 0.713692 -5.227533 2.927550 -2.091831 2.844589 -2.551646 2.077719 -1.802037 2.325659 -0.666797 1.997278 -5.869608 -0.213467 -4.773744 0.926677 -1.292306 3.187482 0.267714 4.908160 
3583859122155705089.mp3 :-207.742721 85.252998 -0.874634 25.180125 7.618600 12.102914 -0.099231 5.277393 1.421212 8.502450 -0.476100 4.623085 -1.495786 4.384732 -2.364600 2.789714 -1.426692 3.377596 -0.019938 2.448201 -4.554286 -1.280560 -4.079333 0.917869 -2.975344 3.029108 -5.350685 4.308131 -3.719007 -3.817554 -5.892047 -0.438534 -2.226072 2.843499 -3.831600 2.033390 -2.387668 -0.362068 -3.647127 -0.128423 
3537365112774491448.mp3 :-203.221565 149.885990 -2.771130 28.025577 13.140915 -6.325195 0.461264 7.569444 -19.761745 7.344588 -4.726901 -6.284959 -0.990949 -5.319106 -11.719853 -3.119697 -7.693835 -4.305809 -2.239609 -7.737839 -5.441346 -0.414557 -4.100927 -2.266681 1.221007 -4.186169 -2.924325 2.334871 -0.065181 3.303558 1.410771 -5.221236 -6.554459 -1.630902 -0.765554 3.103790 -0.128416 -0.651175 -2.828068 1.315721 
3586522877434906534.mp3 :-315.837854 110.104515 20.598136 25.952799 0.884378 7.043924 1.684312 -2.753462 -7.302847 2.165856 -12.413817 -0.510049 -7.563881 -0.992205 -4.008748 -2.634274 -5.972564 0.358108 -4.246414 -2.741409 -4.720457 1.273159 -1.301681 1.658643 -1.747634 1.357399 -2.151610 1.645915 -0.489842 -0.588478 -3.289724 2.649167 0.191891 2.246573 -4.015136 -4.462574 -6.658754 -1.918877 -1.874063 0.926912 
3587811226937089762.mp3 :-129.673852 100.029642 1.349496 22.279434 1.028778 7.661106 2.559885 6.287878 -3.201531 4.646961 -3.425479 3.097595 -6.161212 3.879321 -4.306896 6.453385 0.790109 8.221340 0.286765 3.068825 -4.427632 1.278293 2.511424 2.707832 1.233772 -0.166189 -1.308371 2.226130 -0.969532 -3.184852 -4.106161 2.844227 0.873918 2.466668 -3.662096 -0.747115 -3.749397 -2.398991 -3.480294 4.205599 
3515447096946714367.mp3 :-32.335769 79.287796 -29.954058 26.208366 -5.351988 -6.264965 0.893424 5.787251 -14.857074 9.199722 -3.620525 0.455082 3.014669 3.772221 -5.462840 3.851383 -4.878346 -1.915853 -6.579050 -1.823242 -4.624636 2.153488 -5.279397 -0.907235 -3.039372 -0.979761 -4.309723 1.205421 -5.120465 -1.483084 -1.481891 3.291862 -5.304969 -1.183513 -8.441087 -1.330770 -4.121910 2.581817 -2.260097 1.120743 
3514369844696260893.mp3 :-122.148864 100.772191 -0.768714 25.958914 10.509162 8.920846 0.943866 7.594222 -4.189097 2.884830 -10.080193 0.144072 -3.169823 8.889003 2.894416 3.205442 -2.714635 0.766043 -5.425888 4.018060 -6.528712 0.140064 2.094950 6.612677 -3.938659 -0.040147 -3.821197 -0.418664 -3.558300 -0.329036 -8.150758 -1.541221 -4.728104 2.222512 -2.407119 0.113047 -4.103705 -1.456580 -5.033309 -3.114899 
3584186350113102681.mp3 :-139.833975 86.803278 -3.249734 27.350078 1.534593 8.907947 -0.376992 7.397395 -5.287590 2.808755 2.952934 1.370743 -3.622610 1.144579 -5.568203 2.673048 -7.053038 0.576725 -4.299101 0.164549 -5.725873 -0.105846 -3.539398 2.971846 -3.313788 0.920079 -5.708263 -0.648890 -7.034090 0.393735 1.849325 1.844787 -2.120541 1.083228 -2.015781 0.911296 -2.154971 0.175080 -1.959793 1.149009 
3555445418032886404.mp3 :-128.673670 95.121941 25.621688 39.179102 12.896961 7.472247 2.520243 9.928569 -4.743843 2.894190 -4.627186 3.140327 -5.393811 -4.565306 -5.593464 -1.211845 -7.796243 3.336159 2.951757 4.042859 -3.296844 3.830211 4.376651 9.380304 -0.623337 4.740863 -0.851729 -1.709987 -6.762073 -3.898263 -5.149428 4.065862 1.279542 6.611233 1.263129 1.958250 -2.872323 3.287098 -1.462112 -2.750563 
3587875674166453010.mp3 :-59.105352 82.280579 17.398345 29.145410 -1.389672 6.212685 0.687921 8.063988 -13.261147 7.991444 -1.028454 -4.735017 -0.921987 -0.634845 -5.587397 -0.564943 -5.783568 -0.364223 -3.902411 3.083696 -4.922248 -0.003646 -5.446660 1.540914 -2.210954 4.040200 -3.058769 2.303016 -4.570984 1.354958 -6.456734 -1.930215 -4.947884 2.353537 -1.550427 2.404156 -0.917110 1.592994 -3.388963 0.645899 
3551907896025095349.mp3 :-182.789255 117.073366 25.327694 11.376676 7.611850 0.786994 1.373402 0.079846 -11.024495 3.912898 -13.559889 -0.926618 -3.485121 0.115043 -4.431614 -3.706867 -8.327170 1.216414 -1.817239 4.675323 -2.785227 -1.213383 -6.997177 -5.039250 -3.894777 0.278026 -3.814400 1.082457 2.886972 0.947301 -7.554470 -4.319043 -4.653332 -0.165504 -1.698968 0.613521 -2.644429 1.478736 -2.471836 -1.717001 
3524758915260188241.mp3 :-173.931676 108.921585 16.511835 22.113950 7.103002 11.254122 -8.200210 1.573953 -5.366655 -0.672682 -6.624458 -1.934108 -2.177074 0.200730 -4.060475 1.705798 -5.341341 0.396442 -3.755034 -2.765201 -3.804514 2.588427 -6.153522 -3.839440 -6.838445 -1.328332 -6.748785 -0.818988 -2.349804 2.575986 -4.457237 0.382270 -1.459392 1.797306 -1.526146 -0.466362 -5.432725 -2.368171 -6.329333 -3.290011 
3518418726314571213.mp3 :-40.913878 64.884852 13.929982 18.040350 1.519866 8.634423 0.276664 3.499916 -6.927945 2.164825 -4.782621 1.086559 -2.464367 2.028582 -4.144747 2.129906 -6.304274 -0.808852 -5.041530 0.167361 -5.285706 -0.151310 -3.964864 3.035598 -2.296883 2.590218 -2.973887 2.036591 -2.174103 1.742395 -4.407904 0.079312 -2.267635 2.662427 -0.871763 1.523297 -3.311099 -0.679470 -3.935793 -0.345019 
3547222095841658739.mp3 :-65.040165 95.174956 14.052857 23.598724 3.523934 2.497621 4.435863 6.553970 -4.735763 6.560008 -2.221076 2.718633 -2.254237 0.148429 -3.504953 2.245266 -7.148553 -0.692136 -3.781317 -2.259999 -4.175884 1.596505 -3.490892 1.391781 -5.120025 -0.371344 -4.694903 0.249445 -6.041234 3.327869 -2.702838 0.439969 -4.275784 1.351345 -4.400110 0.879848 -2.764298 1.796119 -2.247720 0.755849 
355781916575097525.mp3 :-229.061140 131.922246 8.418003 26.019367 6.743189 -2.573542 0.751730 6.486480 -9.046845 6.082368 -4.776760 -2.264567 -3.022343 1.150391 -1.486123 2.937257 -1.955623 0.877014 -3.730300 -2.202519 0.042115 5.960939 3.938940 3.390822 -1.420005 -2.999500 -4.524735 -3.222696 -1.416054 5.373098 -3.392870 -4.311926 -1.246089 2.839903 -0.825681 1.562483 -1.674678 1.830677 -3.198012 -3.923327 
3530095407228633657.mp3 :-141.683055 94.833023 -12.839249 6.924189 7.868935 8.519661 -7.627378 3.819489 -12.211999 -4.465949 -2.986040 -1.439001 -5.935564 3.217869 0.738372 -0.189831 -8.701938 -1.140940 -3.992050 4.551505 -3.778924 2.264157 -3.685061 2.402963 -3.722148 2.021979 0.063069 5.869801 -2.921610 0.532334 -1.298902 2.942499 -3.470509 -1.320573 -5.243757 0.427634 -1.019454 3.430562 -0.977203 0.981954 
3588678632425498542.mp3 :-60.291170 86.543747 13.309296 28.430862 9.116490 14.888595 -1.838627 8.262913 -5.635282 4.654698 -1.195890 2.991884 -1.264644 5.324107 -1.184903 3.752813 -1.288397 1.704820 -0.451648 3.491378 -2.211340 0.256124 -3.032507 2.608920 -1.560117 4.234219 -2.334809 1.682763 -4.295878 4.073183 1.547922 3.298513 -2.013454 1.875328 -0.810316 4.972205 1.827769 3.840525 -1.529714 1.089372 
3562150042990129251.mp3 :-60.459867 77.999587 13.067033 21.946706 7.283457 9.516982 0.128327 5.315772 -8.657500 2.290888 -7.930691 -2.610148 -5.140310 -0.388110 -2.480603 5.275455 -2.889463 0.022508 -6.235140 -2.854740 -5.700151 -0.577505 -6.646316 -1.919976 -9.228476 -1.744319 -2.916161 1.640463 -3.962343 -0.418151 -4.865572 2.234813 -1.294881 0.087821 -4.774603 -1.592342 -7.424801 -0.650060 -2.320469 0.886658 
3558888781211123831.mp3 :-133.296335 85.057822 23.148595 32.583438 10.670785 10.674223 6.294418 6.240520 -6.953549 6.317232 -2.675507 1.469965 -0.977783 1.658778 -1.225451 2.100388 -4.116278 -0.009461 -7.435290 -0.848475 -4.958991 0.657019 -7.382035 -0.882855 -5.197460 0.333236 -4.286804 4.654676 -2.009654 0.848495 -3.353167 0.972758 -0.821158 0.866161 -3.280708 -0.266565 -4.515348 -1.103921 -2.462180 0.876870 
3585948018180341484.mp3 :-76.071362 67.598575 5.446367 27.798807 2.592289 12.704923 0.880920 5.953981 -5.749138 4.425300 -0.352282 0.848213 -0.798444 -0.745254 -2.806311 1.131836 -5.899367 2.544215 -4.195743 1.881284 -2.816581 1.556981 -3.742937 3.177982 1.368657 4.090908 -0.628706 0.431187 -5.163135 2.924672 -1.217276 -2.252646 -8.636836 -1.744856 -3.525849 2.051282 -2.095424 1.455622 -0.140593 -0.566185 
3512787074170120954.mp3 :-219.156728 100.031566 -3.279010 16.694026 0.780552 3.536350 -2.051748 -2.263131 -4.431888 -1.314510 -10.342187 0.529714 -7.953388 -1.936936 -5.677403 -0.847727 -5.015884 -2.312138 -8.519638 -2.560275 -9.211685 -3.935978 -1.765130 3.721017 0.258604 1.446773 -5.889133 -3.012874 -3.755090 3.669966 -1.371812 -0.692024 -2.065881 1.967121 -0.869832 -0.403333 -4.648740 -3.477297 -6.672158 -7.254960 
3527268016219561297.mp3 :-135.820236 80.275551 19.706152 37.846697 5.729841 15.846568 3.353439 11.885330 -3.776502 6.471354 4.318837 -1.106874 1.651229 4.720192 -2.729953 4.506072 -3.716256 2.228244 -6.091353 0.912443 -1.049332 1.926336 -5.518624 1.959605 -4.359635 1.472757 -4.071695 3.282037 -2.632566 0.396080 -0.777642 3.231908 -1.027444 1.158897 -5.171421 -1.123329 -4.270114 -1.460321 -2.146808 3.203442 
3521179189437428658.mp3 :-218.528541 116.269114 -1.228026 20.688226 7.962809 -3.337116 1.779656 13.332157 -12.734284 3.649342 -7.827559 -3.736113 -2.583657 -1.134749 -3.170944 -0.759633 -1.996541 -1.361725 -3.131535 -5.808984 -8.050233 -1.667497 0.204704 -0.775966 -0.066966 0.308031 -1.126699 1.158560 -1.366071 0.516762 2.765930 8.458410 3.796555 2.240334 -1.809336 -2.037159 -3.434001 0.115572 1.584737 0.437903 
3530634940588917991.mp3 :-163.662045 101.715240 22.880168 17.301607 4.177108 -7.099793 5.510951 -6.498092 -10.049845 2.053523 -13.276497 -3.961194 -10.541068 -3.083967 -7.921756 -3.966307 -5.247812 2.577805 -2.533178 1.485071 -0.395167 2.149850 -8.389198 -2.330580 -5.113567 1.607987 -4.742340 -1.425560 0.273913 4.817841 -1.373171 -1.998264 -7.786950 -3.662863 -3.936525 0.873460 -1.911755 1.977309 -1.835728 0.550836 
3572824272739450679.mp3 :-187.538160 102.375548 -0.410177 30.966453 9.304774 7.630524 11.367911 -0.571200 -0.813550 11.741887 -6.097455 7.891960 -5.080750 2.403009 -1.884747 2.066906 -1.760628 4.826990 -1.472909 4.371120 1.829181 3.859854 0.285899 -1.282221 -7.507959 1.080928 -1.608549 8.604143 0.102935 -2.673630 -6.161773 0.890019 0.094910 3.020814 -4.542060 -2.234308 -3.214162 -1.369028 -5.478506 -0.801156 
3511547445909098754.mp3 :-105.281288 89.241259 6.600581 39.055404 3.011082 8.284470 -3.171171 4.754732 -1.901562 2.748907 -5.290501 1.545252 -0.906216 0.703666 -3.205553 3.488640 -5.119150 6.143666 1.406161 0.906074 -2.020824 1.159000 0.830705 0.972003 0.401213 0.959588 -3.936102 -1.776492 -8.468525 0.377647 0.643560 3.645817 -4.651517 -0.615523 -3.249986 0.711182 -3.593031 -1.563350 -2.925441 5.302113 
3551351087555270941.mp3 :-79.473221 70.442261 -4.061436 26.509020 7.273131 15.347517 2.098860 10.492926 -3.991246 8.615344 -3.723076 4.621375 -7.367416 1.520874 -3.063546 3.722445 -5.359553 1.727332 -6.209212 3.439495 -2.372424 2.752979 -3.988350 0.974035 -6.019754 0.102220 -2.974816 4.954971 2.625555 2.687305 -4.422517 -0.243163 -1.236914 2.433500 -2.862324 -0.817788 -4.180092 1.242328 -1.606740 1.147819 
3566290406345374562.mp3 :-159.056864 117.830767 12.208524 21.357559 14.283017 1.266150 -0.144590 -3.302930 -5.665167 4.097230 -15.690052 -0.355146 -8.106251 3.097974 -3.351674 5.871464 -0.986810 8.358084 -1.603947 -0.323277 -5.747898 6.636004 3.662462 6.825474 -0.900190 0.033572 -5.511928 3.107985 0.387361 -1.380050 -5.178607 3.723195 3.383874 2.661672 -2.828604 -1.860779 -5.935995 -4.616416 -6.280732 -1.240581 
3519731901338183631.mp3 :-196.783684 98.137901 24.219633 37.965034 9.140210 11.567924 1.904006 7.248376 -9.339890 6.637611 -6.103468 -0.414063 -0.961859 -0.756069 -0.140787 2.906594 -7.303494 1.119105 -5.044533 1.355486 -2.950942 1.002446 -8.731450 0.879135 -5.432452 -1.550757 -2.163993 1.560213 -2.189705 3.877503 -6.878452 -2.825188 -2.261602 3.223049 -3.014641 1.181514 -1.964914 0.060190 -1.219844 -0.126107 
3528227009037815555.mp3 :-192.026162 126.790015 -2.615469 10.784669 -4.938236 17.866503 -2.470502 -7.958986 -13.696204 -3.323586 -3.217007 -4.753935 -5.696992 -11.102736 -11.220327 -6.619964 -11.313539 -4.114289 1.752049 -0.527314 -1.738979 -2.802922 -6.823852 -3.516713 -3.618041 4.930839 1.905767 0.520422 -1.363636 1.474276 -4.389892 -5.002193 -8.642645 -1.224804 -0.550823 2.897697 2.572024 4.559706 -1.974817 -5.117807 
3532555010249704423.mp3 :-91.360264 95.735080 -2.679716 11.714573 -1.744792 4.477637 4.173402 -7.228298 -8.726430 2.299635 -9.590168 -1.950275 -7.194255 -3.936123 -4.828437 -2.123971 -6.203805 -0.996304 -6.235436 2.540706 -1.366980 1.484801 -1.503795 -0.439457 -6.161009 0.576155 -2.778008 4.686872 0.391040 -1.482112 -0.798429 4.009968 0.220117 0.928530 -4.531265 -1.993545 -3.410011 -1.501608 -2.296459 1.079664 
3554091618027832797.mp3 :-50.708355 63.260596 12.193009 23.487627 -0.338174 5.194554 -0.875993 -0.581869 -4.664258 1.137916 -6.334500 -2.791812 -5.984684 2.471705 -3.287135 6.806791 -0.535345 0.365045 -6.220293 1.541998 -3.930169 -3.532575 -5.024266 1.230809 -1.742604 4.603907 -2.881245 -0.664091 -5.980489 6.860424 1.027093 -2.525468 -7.588144 -0.886174 -1.123912 4.778933 -0.589507 4.968919 -1.240550 -2.837384 
3544250509795438384.mp3 :-54.886696 89.264440 4.822472 13.192966 -0.539478 9.608721 0.880085 -1.600596 -4.377670 2.920659 -5.701840 -0.268944 -4.609029 1.263152 -3.974473 2.177127 -7.047735 1.619991 -2.820662 4.625028 -5.620198 1.165930 -6.540642 1.676354 -4.055880 1.860099 0.249187 4.291851 -2.085386 -2.314272 -2.525974 2.567362 -0.170356 1.424426 -3.655243 -1.601690 -4.439589 1.077493 -1.466952 4.302322 
3540843953578921163.mp3 :-209.038805 122.746280 15.383893 13.823544 7.405138 5.168136 6.886645 2.507074 -1.036196 0.916239 -3.775988 4.124317 -6.134163 -1.674456 -4.252706 4.220671 1.522545 8.130413 3.349093 0.453287 -4.005759 -0.339039 -2.706047 0.454967 -5.240674 0.873039 -1.657077 0.331151 -3.416419 0.218121 1.882547 7.345192 0.501303 1.477019 -0.985217 -1.070088 -3.255563 2.989796 -1.184592 -2.095565 
3527474593853602203.mp3 :-98.136095 106.830354 12.228095 20.383320 3.992944 0.836562 -1.777217 12.505324 -17.695471 9.000422 -2.828792 -2.351204 -4.043476 1.411019 -6.491175 -0.428984 -4.310849 -2.667990 -6.165078 -0.014972 -2.741147 2.283188 -2.188068 -2.331438 -6.067865 -0.050861 -0.077605 4.447082 -1.235716 -0.292003 -0.228849 4.374742 -2.050412 -0.489079 -6.149691 -3.052137 -6.142278 -0.784496 -0.660823 4.151275 
