5626659430896611900.mp3 :-97.802126 24.033896 13.577466 46.798267 21.160606 25.082080 10.981369 10.864258 -5.333298 6.859164 3.412668 4.054716 -1.903374 1.203513 -2.203913 1.713335 -6.704907 0.377256 -6.956541 -1.688173 -3.177344 0.984131 -7.630234 0.686320 -1.168604 0.488711 -3.636441 -0.048921 -3.716947 5.176851 -4.674991 -1.463932 -4.291452 1.336886 -1.563781 1.751918 -5.625925 -0.349304 -1.010605 -0.044002 
5675564162340344959.mp3 :-136.674090 117.078345 15.737621 19.842571 9.080440 2.877567 -5.766919 -2.005615 -12.011151 -2.539837 -4.943220 -0.861988 -3.910634 -0.879560 0.027933 0.055130 -7.425993 1.473234 -3.576315 -2.617214 -3.646721 1.472904 -0.652904 2.958191 1.339543 3.454877 -3.071286 1.652982 -6.580932 -3.057797 -7.508537 3.009820 -0.150338 0.863803 -3.047556 -1.543577 -1.474508 1.962355 -0.854837 0.187926 
5660938894881752164.mp3 :-217.749857 91.960546 29.610313 24.911704 -3.755248 -4.870195 -8.972516 -5.386285 -16.686800 -0.374254 -16.021932 -6.915428 -10.870237 -4.852738 -3.306785 -1.225503 -4.970855 3.777010 -1.546136 4.554249 -1.394882 -1.424403 -5.103306 -5.844459 -5.655337 -0.134511 -1.109055 3.236714 5.042387 4.540028 -4.112058 -3.933393 -1.805174 1.205893 -5.953850 -0.182375 -5.357606 -1.437461 -0.700273 -3.005009 
5635980318929379344.mp3 :-175.258006 122.708669 10.389564 34.573118 5.163224 12.276400 7.391619 -2.827924 4.892600 -0.733979 0.384705 -0.001999 1.473306 -1.602556 0.452203 -0.669474 -3.686466 4.116076 -3.673104 4.782092 -5.820372 -2.525257 -2.469567 2.938605 0.176670 1.413442 -5.803482 0.459784 -2.894764 -3.445954 -8.001181 -2.350625 -1.244891 2.856909 -1.807851 -0.294705 -3.881306 -1.940727 -0.172087 2.289122 
5677481881832308141.mp3 :-194.019341 114.693161 23.821627 27.335605 10.748919 -2.699513 7.776710 4.912206 -9.166851 3.047560 -9.840498 -6.875711 -5.170093 -10.817108 -6.953208 -0.355830 -7.803204 1.364844 -1.202709 -1.769150 -7.910272 -3.504201 -8.850163 -4.632065 -3.497143 5.692901 -0.514254 4.689902 -3.438096 0.928882 -3.554018 -0.269936 -4.845079 -1.410796 -1.382058 2.040622 1.326973 5.444600 2.248288 0.901258 
5630217228464427624.mp3 :-82.678369 81.318603 20.924415 21.586379 6.142927 10.197813 4.710509 7.935439 -2.399986 6.696988 -3.336143 4.672109 -3.416972 0.846982 -5.841955 -0.279656 -7.062647 -2.218165 -5.764651 -1.580288 -7.059263 -0.171451 -3.202493 3.333337 -2.519421 1.185246 -5.813766 -2.111826 -6.114294 -1.433091 -8.069437 -2.506104 -4.368383 2.719945 -1.835944 1.361206 -2.773501 -0.280523 -2.741307 0.979452 
5620919715993985849.mp3 :-137.802618 116.059768 1.829809 22.693933 0.318898 0.084441 -1.389544 2.547274 -16.660959 0.992515 -10.001934 -9.309533 -2.492674 -10.448129 -9.197714 -0.041818 -14.259916 -4.586165 -2.176470 -1.401450 0.605541 3.105624 -9.723168 -2.783535 -7.921186 0.042282 -3.225933 6.215817 4.050475 2.048650 -4.006416 -2.378433 -1.796756 3.236856 -1.167091 2.221398 -2.585197 0.038190 -3.150988 1.153121 
5656986487955264358.mp3 :-221.716597 108.502206 31.239975 19.052059 0.866788 -14.892527 3.085648 -10.282482 -20.934057 0.900878 -23.032840 -10.317521 -13.840723 -12.089494 -9.889259 -5.387591 -9.061760 0.892030 -3.822691 -0.939472 -2.076054 -1.088264 -1.923033 0.735443 -3.660742 0.544884 -9.069502 -2.266351 -8.225854 -3.656966 -2.494897 3.286867 -1.949958 -2.148913 -3.993722 -1.400587 -4.330472 -3.532129 -4.921141 -0.613971 
5626381119117344484.mp3 :-152.913016 84.337416 10.862500 19.383529 6.793333 10.430250 1.263007 -1.108087 -1.149922 10.640053 0.626995 5.454184 -4.659152 6.560002 1.069986 1.781850 -4.288541 5.703305 -3.506493 5.038644 -1.696226 4.317776 -1.146233 3.672783 -3.733328 1.138951 -0.891848 4.499116 -3.841000 1.359109 0.684898 5.649781 0.231413 0.026307 -4.708367 0.708349 -0.593752 1.517568 -2.994590 1.158394 
5679650777850661143.mp3 :-123.140026 91.818016 2.259909 32.203173 5.010567 11.324998 -4.189966 8.374723 -7.090510 10.391349 -4.605991 1.530862 -6.336973 2.536746 -4.700523 -1.021484 -6.161168 3.337672 -6.494510 2.658021 -7.089690 3.978682 0.766436 4.108264 -2.336735 3.366266 -2.112860 0.234186 -0.006374 -0.250929 -4.925430 2.774553 -0.086186 0.013821 -3.707751 -0.514457 -2.780354 -2.070786 -4.624560 -0.598875 
5655854349760300719.mp3 :-216.343203 85.024334 30.630752 22.113885 9.234695 15.198372 7.142448 6.782863 -1.710370 12.824087 -5.612120 6.069298 -0.848297 3.419273 -3.436721 6.325334 -4.002728 6.880539 -0.629178 3.249582 -1.215372 1.503190 -2.140293 5.179930 -4.128969 6.835178 -2.657448 1.310463 -5.944754 1.402065 1.659806 3.451067 -4.789198 -2.240358 -3.297159 1.579388 -1.275685 1.970441 -1.210360 3.351537 
5689992335447782362.mp3 :-125.333171 98.178370 18.814372 26.898193 5.525365 5.948779 4.162568 9.867633 -7.098825 10.565048 -11.666195 2.399105 -8.783428 1.092990 -3.517351 -0.547333 -2.807136 3.653389 -4.734907 -1.183935 -2.181032 5.170191 0.343955 2.760621 -0.894111 2.035277 -4.298106 2.875737 -2.162959 -2.217544 -4.069616 6.057725 2.650110 2.867061 -1.971287 -0.005051 -4.189180 0.670724 1.220427 -0.505493 
5652328847766034815.mp3 :-165.259041 79.821963 18.484289 25.905225 -5.321850 9.598563 -2.436750 0.188513 -7.169877 2.903093 -11.356730 -2.794428 -4.432721 -0.016043 0.523533 6.258856 5.433790 10.228809 0.225086 -4.144349 -7.064077 4.773570 2.452197 5.399446 -3.932001 0.286980 -7.007410 -2.410691 -3.794571 3.198067 -0.138472 2.960318 -0.931262 6.124905 1.602100 2.784037 -4.798158 -4.583395 -8.488052 -1.219217 
562309994745494831.mp3 :-92.505270 93.378998 1.271082 18.210634 -5.712536 -2.569745 5.236379 -10.134253 -4.680704 -0.697526 -10.735667 3.452765 -5.238461 -0.349650 -5.199543 5.199639 0.355408 6.580564 -6.121182 -2.371331 -3.309563 5.543137 5.184572 4.031753 -4.836002 -2.441363 -9.068966 -2.178497 -0.876904 3.181612 -0.768330 -2.912313 -0.175616 3.468143 -0.765479 2.129120 -7.884214 -2.082514 -3.442711 -2.678399 
5662636686213042906.mp3 :-89.553367 108.971896 14.706367 32.910431 8.699195 10.466362 11.138652 8.860203 -4.908356 10.685413 -5.492882 5.106744 -3.246875 0.623303 -3.409437 2.779567 -5.198397 6.758585 -3.904876 -0.801960 -4.927806 -0.955751 -3.317734 3.660053 -2.386286 0.343204 -3.437643 -0.525994 -0.771892 7.272652 -0.789811 2.558047 -3.375044 1.026457 -0.721852 1.486357 -1.120117 -0.452559 -3.348893 -0.076397 
5634126705574125796.mp3 :-156.132289 104.828372 11.139401 22.075852 -3.503763 0.340577 -5.298878 6.975595 -14.019447 -0.440420 -10.742225 -7.806334 -10.959654 -2.843245 -8.414394 -4.750033 -5.759803 -2.249640 -5.618477 1.891731 -0.851937 -0.840436 -6.632117 -4.368423 -6.565407 -2.973990 -5.686267 -0.017432 -1.534068 1.014151 -2.282347 -0.638295 -3.164245 1.233191 -2.471792 -0.061471 -2.815268 1.250907 -0.280414 2.665955 
5668874499789422282.mp3 :-201.129241 81.488862 3.731247 38.572803 7.199727 10.118545 -2.148204 6.750637 -5.056138 5.267986 -8.099490 1.172141 -12.630181 -3.237271 -4.309005 -2.309320 -2.609003 0.395932 -1.976058 3.334333 -3.982553 0.103602 -3.422474 2.301466 1.689257 5.369418 -1.718116 0.629604 -3.149145 1.354725 -1.896070 -2.664475 -8.011106 -1.066482 -2.307915 0.239133 -2.345604 -0.366415 -6.908634 -4.921025 
5677731529478139941.mp3 :-100.532735 92.715885 13.196608 20.828456 3.339682 1.534102 -6.293705 3.065500 -9.642123 5.218810 -13.538298 -3.383279 -9.465470 -1.995280 -8.225596 -3.000547 -9.475593 -2.064211 -5.874132 2.004560 -3.543145 0.420910 -4.717306 -1.195752 -2.674548 3.093044 -1.767934 1.820547 -5.084974 -0.638371 0.574932 2.479758 -4.121924 -3.793440 -6.738268 -0.784513 -1.662495 2.511421 -2.518309 0.832624 
5667067159513724942.mp3 :-131.188759 71.421425 17.086839 33.286667 -1.032492 20.108449 -0.374604 11.347384 -5.097533 1.660639 -3.890039 0.793013 -6.255134 1.889806 -5.024446 3.614563 -3.789226 3.489207 -5.330378 -0.597746 -3.143975 -0.610160 -2.220339 4.255601 -3.534169 1.214380 -5.916523 -0.776446 -3.250511 -2.469531 -8.391918 -2.973493 -3.579531 2.205195 -2.156113 1.560558 -4.691998 -1.005384 -4.837641 -1.063415 
5658368992377213541.mp3 :-196.740510 131.614274 -14.603527 12.268567 1.695733 -9.548407 -10.200333 3.913020 -16.399182 1.920392 -2.695451 -9.525991 -2.591432 -1.891694 -5.477300 -0.997518 -6.107514 -2.279837 -4.610264 -7.243580 -7.149918 -4.380506 -7.823785 -5.181402 -6.542944 -2.523439 -5.852561 -2.673171 -5.975440 -1.412560 2.007329 3.497090 -0.925055 -0.732157 -3.765045 -1.770362 -1.128577 0.281386 -1.740335 -0.845323 
563392143523997607.mp3 :-131.981338 89.682154 18.745857 38.424499 10.046955 0.329326 14.022628 13.297923 -3.667922 5.561495 -1.975519 -1.486212 -2.224018 -1.137044 -3.790674 -0.004447 -6.120365 -0.867157 -6.676210 -0.878137 -7.080202 0.200939 -6.529207 -0.252527 -2.484887 3.088261 -3.531215 1.942623 -1.435817 3.155613 -2.587359 -0.910299 -7.827601 -1.726633 -4.265979 0.666920 -2.040650 -0.018985 -2.880282 0.179852 
5650802531307260208.mp3 :-151.966384 91.689248 24.494746 28.845524 5.071691 6.750553 -2.570018 8.183122 -14.875426 8.917911 2.365006 1.470855 4.273124 0.853936 -2.627047 0.440201 -6.212892 -2.207855 -6.296519 0.169517 -3.275813 3.559259 -5.077339 2.681394 0.308389 2.263636 2.394199 2.457203 -1.656701 5.130593 -2.764088 -2.177331 -7.832954 -2.584851 -3.983025 1.761023 0.191656 1.021492 -4.345129 1.509438 
5642485772685666203.mp3 :-101.158809 80.762432 8.062054 42.694623 11.722976 1.476273 4.308477 1.580465 -1.716613 7.150089 -4.095898 2.094356 -3.099104 2.738271 1.109163 0.890798 -3.274338 1.557877 -5.702036 0.544907 -3.580694 -1.042087 -5.998724 -2.348239 -4.309850 3.394971 -2.315898 3.092772 0.026143 0.335904 -2.408515 2.358465 -2.442636 -2.074514 -6.893640 -3.625633 -4.636137 0.310475 -2.477450 1.598722 
567348483290983760.mp3 :-115.432714 90.803331 48.087371 24.098227 10.118600 9.757928 3.556093 5.714371 -6.227928 4.471275 -7.621784 -0.383327 -4.651230 2.487338 -6.361754 -3.574532 -6.146354 1.597589 -3.987854 0.917704 -5.038264 0.609568 -3.543161 1.389233 -0.376099 3.563591 -2.597478 1.400769 -4.900472 5.412247 -0.457663 -1.273388 -8.077466 -0.708289 -2.261652 2.477407 -2.815650 -0.138797 -1.198695 1.006868 
56631512610058581.mp3 :-264.277702 76.955558 -25.792536 16.599111 -15.215368 -7.790746 -16.937625 -7.572953 -22.327986 -0.058449 -13.270247 -4.138052 -6.883441 -9.762981 -6.356670 -3.266547 -13.075417 -5.653192 -9.686428 3.271216 -6.308554 -4.093121 -10.656016 0.052497 -6.772958 0.634195 5.394825 5.582046 -0.235388 0.875370 -2.843422 1.018370 -3.428785 -1.192196 -4.253124 -0.202291 -2.383547 2.337588 1.502793 3.227152 
5626253648822907410.mp3 :-281.045207 136.898061 6.957295 35.324308 6.282595 1.299321 0.816112 -1.720381 -8.761117 -9.002584 -12.095129 -3.607786 -9.230912 -7.771191 -8.514038 -7.380257 -6.161859 -2.216044 -5.917819 -4.541706 -3.587832 0.157398 0.004499 3.247732 -2.750032 -10.276209 -5.558293 -2.984343 -5.334521 -2.215272 3.897624 3.550328 -1.358823 -2.100911 0.738764 2.227441 -1.576914 -5.030440 -3.602824 1.754183 
565802408249501436.mp3 :-125.919796 74.402954 0.735690 35.154797 -0.747765 2.915603 14.178335 -3.096323 2.800375 3.649352 -9.169437 2.966126 -7.217723 0.593062 -7.240682 0.312825 -4.933836 4.469344 -2.717191 7.141020 -2.584616 6.860372 2.827261 3.481373 -3.239004 1.496971 -6.403468 0.428265 -7.115700 -1.723351 -1.966808 4.904043 -2.483156 0.403596 -4.427570 -0.035014 -3.624610 2.241881 -3.782629 0.158882 
5642150717301366961.mp3 :-55.905087 88.491241 5.443259 33.981202 3.975281 13.237996 -3.045478 13.758899 -5.979027 15.010217 -10.859569 -1.177386 -5.574211 -5.193944 -5.147938 -1.297674 -8.952572 -2.733078 -10.350696 2.914168 -2.410916 3.820731 2.350763 3.217523 -0.651701 1.246889 -6.786132 -4.133806 -3.549656 2.905217 -1.738478 3.176859 -8.348589 -1.852030 -2.732374 -1.020584 -2.893520 -1.093724 -2.685865 1.631432 
563491014689869666.mp3 :-99.102325 65.003777 -3.967296 15.271038 2.827041 7.232966 4.186944 3.688142 1.509372 6.021988 -0.496615 4.954977 -1.309068 2.653833 -4.189457 3.096833 -3.099972 1.787077 -5.498888 2.198282 -2.048037 2.715316 -3.341393 1.003393 -5.033736 0.803404 -3.304839 1.841356 -2.476939 -1.394261 -5.056199 1.548572 -1.306810 2.549920 -3.813575 -0.608147 -5.010829 -2.340344 -7.040230 -1.649621 
5674414133626374803.mp3 :-231.946681 104.357256 -7.573435 24.158136 -1.494862 -0.575417 -6.010684 -0.247040 -10.859900 -2.328267 -9.979741 4.211231 -0.871774 2.132953 -0.933300 1.158566 -8.690393 -3.983545 -7.266953 2.555307 1.018230 1.348848 -5.004687 -3.129973 -7.897661 -2.859536 -4.258915 1.582724 -1.201924 -3.698246 -5.229536 4.601875 0.794159 -0.851665 -5.970755 -4.793922 -5.041877 -3.549510 -3.482457 5.259038 
568469546696796225.mp3 :-137.442513 129.232693 19.529845 14.919092 4.917064 6.445871 0.991850 -1.184145 -9.345045 1.174991 -6.845989 -2.481476 0.163437 -0.843496 -0.250118 2.139454 -1.824870 3.663255 -2.803339 2.910495 0.223796 2.287236 -2.649159 1.058206 -5.309623 0.036387 -2.272520 2.519744 -1.001636 1.456167 -3.164335 0.333344 -3.275458 0.648383 -2.879648 2.026939 -1.031544 -0.702788 -4.952716 1.540171 
5659649090174291567.mp3 :-61.110117 88.951787 -1.473635 32.436908 6.050526 12.699326 -3.868479 7.821797 -9.528855 3.379437 -6.442694 -1.650952 -1.585366 -1.169429 -1.319674 1.939241 -6.946951 -2.033767 -2.370155 -2.080755 -4.085010 1.672540 -1.471423 3.709077 -1.098642 1.886461 -3.144324 2.435810 -2.654964 0.562275 -3.902190 2.656448 0.427719 2.587758 -3.473329 -2.855534 -7.811778 -1.896353 -1.935027 0.486504 
567150664145163778.mp3 :-103.364602 106.970595 8.861995 34.623835 5.643735 2.514776 1.818500 8.157447 -1.825300 3.608242 3.234134 -0.468647 -2.199536 -1.008093 0.803202 0.375848 -4.442089 1.378075 -2.842705 2.564753 -5.608439 3.878129 -2.011085 2.299991 -1.490058 2.951503 -4.144682 0.500283 -6.880044 0.554858 0.290439 4.047786 0.044640 1.592665 -1.070233 1.992154 -1.568182 0.626930 -2.843732 0.614461 
568343966470775975.mp3 :-188.896294 104.553216 -5.669351 51.251188 0.719113 9.629929 9.257178 0.875828 -5.588138 1.314116 -7.695108 -1.004036 -2.646947 -3.417119 -3.226869 2.909985 -5.528055 6.316114 -1.351421 6.134597 0.619471 -0.068051 -6.355441 -1.959537 -6.623512 -0.091030 0.364320 -0.106507 -5.812027 -2.027172 -1.754967 5.461644 -4.926024 -5.530417 -7.702011 -2.838764 -3.595103 0.893276 1.364675 4.110545 
5653263136139669690.mp3 :-232.110562 118.390329 16.491058 20.397603 -2.236331 -4.047139 6.232767 -12.938506 -16.517186 -2.884338 -16.892209 -4.926366 -10.942810 -8.217506 -8.194451 -12.501521 -12.054537 -4.080242 -7.558458 -0.591740 -1.903909 -7.393389 -6.369823 -4.493931 -7.649126 -1.278928 -9.263199 -9.502423 -3.541552 -1.367002 -4.766700 -5.938090 -8.791503 -5.959716 -4.295520 -0.763883 -2.742578 -3.984310 -6.755179 -3.993460 
5657163151793088238.mp3 :-85.709205 90.721137 11.934673 32.488558 -1.418419 12.121707 -3.338971 5.550128 -3.921823 0.512004 -0.794389 1.625247 -2.362827 2.763923 -5.827905 3.730857 -7.950028 -1.247076 -6.886810 1.793349 -6.901233 -5.605465 -6.099498 0.814222 -2.315394 3.114990 1.634113 4.138171 -1.963439 -1.194546 -4.803477 -1.323473 -0.369332 2.864900 -0.468909 2.436460 -4.412960 1.561472 -2.578779 1.226018 
5643249753401641351.mp3 :-264.706458 142.024670 -6.742321 13.937567 1.626601 -6.424960 -12.120941 -10.303616 -11.775445 -4.264178 -9.303332 -2.713588 -6.550124 -1.086102 -3.492583 1.266837 -1.119545 2.525643 1.262695 1.474885 0.448328 2.335648 -2.715700 -3.668221 -4.124887 -3.947944 -2.479005 2.108173 4.715776 -0.395574 -8.273690 -5.066958 -2.593559 0.123702 -1.879664 -1.890666 -1.358366 -1.660031 -2.650491 -1.238998 
5670834561350033255.mp3 :-166.721072 101.892154 24.738143 11.252312 6.786804 2.960311 5.873612 -1.573432 -3.605954 6.351842 -12.067728 -1.457273 -6.207508 -1.194521 -4.692981 0.031045 -5.752626 5.182790 -4.954109 0.037213 -5.760646 0.473705 -1.920463 1.319322 -2.692407 0.910702 -6.610367 -2.179586 -3.016009 -0.561040 -3.824696 -1.634962 -3.978530 2.128937 -0.495388 2.752887 -2.778025 -0.224096 -4.878153 -0.894368 
5685328085749429122.mp3 :-68.632785 102.211057 23.566586 21.028925 10.815514 6.501357 -1.096523 10.026704 -8.073688 -2.743121 3.868887 0.484712 -0.857593 2.351709 -8.010057 -0.199728 -5.263671 3.384494 -5.412355 5.466038 -5.745710 9.351481 -5.875373 5.677045 -3.613996 3.709919 -1.599364 0.390114 -8.072156 -0.756508 2.433930 5.753795 -3.627043 -1.097925 -1.654662 -1.202704 -0.940602 -0.831158 -4.965293 4.402877 
5657940452235018508.mp3 :-205.566898 96.378224 16.823264 32.622454 5.095450 1.948226 -1.307570 5.720476 -11.665550 9.654559 -4.980793 0.110146 -2.695137 -3.902567 -3.493702 0.608208 -6.092194 0.444399 -5.807417 -0.673423 -4.014338 -2.209675 -5.469511 0.376333 -4.692537 -1.255617 -3.961695 -2.620799 -8.397874 -0.467093 -0.277737 5.481937 -0.845137 0.843137 -4.498559 0.405239 -1.601815 2.389888 -3.830239 0.333476 
5654476833387659937.mp3 :-114.081956 102.005510 13.605949 14.907752 1.854430 5.925569 -2.908035 0.117587 -11.910012 0.800345 -5.372732 -6.124732 -7.161553 -1.889396 -4.833419 -0.876852 -5.681893 2.778485 -8.164735 -12.195186 -9.021332 2.383534 -4.544418 -1.355280 -6.267499 -2.017066 -6.709461 -1.289230 -5.846673 -1.969449 -6.418045 1.798690 1.720207 3.731868 -4.279946 -1.325696 -6.291564 -2.008463 -3.276313 -0.058089 
566335320322805364.mp3 :-96.246808 73.013833 23.568672 41.501472 4.870943 18.641682 -2.463408 11.707085 1.343769 4.209901 -5.016493 1.517870 -4.323728 0.353884 -3.112428 -2.527269 -4.369760 -0.946360 -2.167704 3.286389 -4.304381 -3.288196 -5.977230 2.782615 -3.514296 3.017719 -1.442916 1.109035 -2.124636 2.138595 -2.921843 -3.501557 -8.627956 0.867996 -1.572890 2.778965 -2.460800 1.753654 -4.029142 -2.046293 
5631963481742987444.mp3 :-116.746569 88.246751 -12.070354 37.743820 0.688816 13.944348 9.287618 13.499533 0.755704 5.212082 -6.871415 -1.990859 -3.126465 2.617152 -2.697161 3.112617 -1.775278 2.515467 -5.069814 -0.015410 -6.097142 -1.193331 -4.941439 1.037854 -4.325732 1.344659 -2.950832 2.694929 -2.541480 -0.428565 -1.990434 5.122462 1.600724 3.708193 -2.709345 -1.345260 -3.734602 0.666447 -1.463072 -1.558291 
5640357701091533230.mp3 :-203.651594 76.958343 17.020053 19.460004 7.823256 0.052946 4.814775 1.664690 -6.336400 3.098891 -8.781293 -2.353488 -5.792971 -3.711962 -5.620522 -1.932151 -3.359780 2.271634 -2.211690 2.293533 -3.131089 -0.984280 -2.496081 3.337810 -1.922642 3.830680 -6.406736 -0.981794 -5.073436 -1.287434 -10.851931 -4.845181 -4.227703 4.471509 0.450003 1.302580 -3.464387 -1.406989 -2.055526 0.312890 
565927042036694647.mp3 :-94.543368 90.306442 18.423368 26.818632 3.853704 5.824027 -2.824079 3.936708 -7.686071 1.414966 -11.608644 -5.453398 -6.606127 0.560175 -5.361056 2.345521 -3.434147 -0.205676 -6.589147 -0.023695 -3.657959 2.547398 -5.159002 -1.552568 -4.926624 0.900288 -1.745523 0.501892 -4.477246 3.512328 1.991204 2.384624 -5.861935 -0.885926 -4.153390 -0.207171 -2.970271 2.873667 -3.257306 -0.818751 
5662089690451155281.mp3 :-228.564966 129.295758 7.687664 26.256999 11.055542 12.146751 9.319692 4.046029 1.244947 8.918649 -1.270863 9.797153 3.100103 2.630115 3.948277 4.948663 -3.535544 1.936659 -2.086756 1.372472 -2.553977 -0.123743 -2.054043 2.021910 0.897595 -0.014664 -1.134160 -1.162621 -2.208210 3.531262 -1.319048 1.320687 -2.023196 2.017412 0.947335 2.126511 -1.368969 1.219371 -3.750360 0.127927 
5676601930887796633.mp3 :-95.635574 77.476276 -12.079879 27.095220 6.661563 11.394496 2.791195 8.009918 -0.530708 6.346267 -1.957850 6.476921 -0.960746 2.272615 -1.614852 1.077872 -4.723586 0.785889 -7.006808 0.050837 -3.507331 2.912404 -5.137733 -2.593360 -7.428657 -1.694746 -5.066561 1.331447 -3.060363 -1.637071 -5.135796 3.584828 0.172554 0.325011 -7.719898 -4.997819 -6.816451 -0.193529 -1.622364 -0.531143 
5675115858613074928.mp3 :-278.195020 75.729405 1.802988 11.808641 -15.767442 0.722515 -5.107207 2.694682 -13.236511 -1.060960 -13.601223 1.052169 -3.180741 -1.641381 -7.153265 1.048521 2.890165 12.868950 6.597385 6.916818 -7.622857 -6.128202 -5.563761 9.398845 4.231944 4.143353 -1.276217 4.110386 1.300608 -2.869590 -8.733599 -0.917402 3.590332 5.837182 -0.655333 -1.132553 -4.578083 5.736068 -0.039415 -3.865997 
5645448742004130265.mp3 :-85.643725 33.123590 9.180025 27.155218 8.268205 8.462029 13.127549 2.621715 1.324228 5.745132 -7.361875 2.382766 -5.966851 -0.198017 -2.139205 2.550145 -3.524433 0.112724 -10.691186 1.356502 -4.511669 1.334009 -4.231021 -0.230352 -4.763782 0.671566 -4.268327 4.484302 -1.733823 -1.585824 -4.350691 2.647865 -2.390963 0.692032 -6.378870 -3.789536 -7.956123 -3.661941 -3.599837 3.775452 
563893442444954348.mp3 :-118.327747 99.261986 10.870280 32.442210 9.245026 1.350953 9.589284 -1.888087 -2.897344 1.919543 -11.637645 -0.035820 -8.975200 -2.202188 -10.526131 -1.411990 -8.744470 -1.916632 -5.433062 2.935610 -4.525716 1.484758 -4.511146 2.069071 -1.168370 4.849773 -0.951485 7.770382 -3.532157 -2.758556 -9.466124 0.340514 0.192747 3.322986 -2.084540 0.622016 -5.054764 2.318332 -4.066927 1.833679 
