511067001418700823.mp3 :-110.769916 91.547731 10.174275 33.043022 1.570477 8.171109 -6.583403 5.113360 -12.311931 -2.248777 -3.008846 -4.525641 -6.691841 1.014993 -9.988870 0.594000 -5.960886 -1.168237 -6.715743 1.703423 -6.428702 -4.586502 -4.323821 -2.251536 -3.525327 4.138271 -3.158310 2.373657 -3.362003 -0.714474 -6.752417 -2.299564 -2.422198 4.905628 -1.055311 1.764222 -2.737038 1.022640 -2.125704 2.454414 
5053624243112278574.mp3 :-147.945682 78.263776 2.277159 37.072532 3.957989 4.853085 6.618118 11.380025 -6.996601 8.755917 -0.642115 1.171128 0.116019 0.504024 -5.279171 2.197915 -8.192156 -3.234185 -5.175829 -0.503859 -4.430201 -2.039491 -9.501967 -4.539339 -5.664660 -0.857339 -0.712544 2.954558 0.782708 1.389133 -5.592372 -4.114778 -4.518199 2.535948 -2.822071 2.166964 -1.204350 0.845495 0.480304 3.373362 
5076391828834521950.mp3 :-83.500048 12.934762 34.759141 35.210031 1.723733 8.028655 -8.049131 2.261726 -14.869758 0.371558 -9.016795 -2.496354 -7.832896 -1.872638 -8.879301 -0.223256 -10.481215 -2.187304 -9.288767 -3.547035 -9.356289 -2.578838 -10.019880 -0.148469 -7.090418 -2.424594 -5.830756 -2.646084 -7.007212 2.934622 -1.261246 2.694682 -2.303524 0.884324 -4.182997 -0.442203 -4.514623 -0.319005 -5.607171 -0.018892 
5044176688849898245.mp3 :-79.939257 52.749332 -5.315573 33.070167 -18.212632 19.052843 -0.234347 8.274138 4.606456 3.117422 -0.559317 3.353497 -6.181077 0.344862 -7.376565 -2.280444 -4.719406 1.715822 -6.044815 3.955808 -4.240377 -0.314147 -10.621168 -1.354638 -4.273708 1.366470 -0.036136 1.506252 -3.991420 0.467538 -0.338250 2.114968 -2.303681 -1.123889 -4.752729 0.917265 -4.832801 -0.444212 -0.292563 4.788863 
5080721564444287550.mp3 :-227.767931 108.464213 16.660668 24.787934 9.712790 4.295897 7.852197 4.883437 -6.594993 8.221966 -8.915376 2.192469 -2.754040 -3.253297 -9.059661 0.438693 -3.524484 -0.544099 -8.588034 -6.007860 -5.092706 -1.355257 -0.733689 0.049270 -2.491930 -0.261660 -4.552164 -3.114000 -2.458567 -2.049745 -1.073588 2.073124 -1.626780 -2.742344 -5.152173 -2.966770 -5.484356 -0.917664 -2.860281 -1.861880 
5105188369306975336.mp3 :-54.846066 75.403602 19.751148 29.810746 -1.064586 10.551876 -1.727596 15.550355 -8.153229 6.924744 -1.419321 0.657387 0.957019 -2.664477 -2.614213 -0.830409 -7.166520 1.441907 -3.937739 0.450452 -3.965243 -1.008758 -3.045027 1.850389 -2.015624 2.604204 -2.045345 3.716114 -4.724598 -2.187115 -10.673203 0.474052 -1.002372 3.003394 -0.586644 3.520314 -2.225768 2.202435 -3.852242 -0.573373 
5064481130506901836.mp3 :-180.800269 132.148384 22.138910 9.358947 -5.873135 -7.356305 0.446869 -0.632594 -2.379126 1.108076 -6.333605 -0.734957 -5.537211 -1.017107 -3.983196 -2.462124 -9.078785 -0.271190 -3.842203 3.978933 0.563749 2.372255 -5.909314 -5.635840 -5.918731 -0.071742 -3.498794 -0.054021 -1.798116 3.447407 -2.057395 -3.442211 -7.314432 -4.063380 -2.179816 -0.945938 -2.579822 -0.225793 -2.065254 -1.017103 
5065946788752290017.mp3 :-308.063940 178.885796 39.270302 -1.316912 0.225876 -3.940221 -9.254317 -12.084429 -11.891960 -12.649197 -14.766659 -14.019897 -9.636873 -6.546108 -8.040963 -8.906192 -7.148480 -4.976696 -0.950972 2.186931 -0.007729 -2.738033 -2.561362 -1.974114 -1.607926 -3.088737 -5.926673 -5.664862 -3.652102 -4.041013 -4.322839 -2.969494 -2.105060 -1.576233 -1.828238 -2.297137 -0.881807 -0.259953 -3.818262 -6.680361 
5072010007065298196.mp3 :-49.413278 78.340674 6.494559 12.459058 4.808246 16.777808 2.134569 4.281007 -0.565268 5.252649 -2.081355 3.894785 -5.406311 3.129607 -4.825987 1.261528 -3.115854 4.364370 -1.912477 3.303228 -1.530998 3.379790 -1.114307 4.587835 0.221017 1.985865 -1.677839 1.764459 -1.368909 -0.081172 -2.685606 1.596668 -0.080100 2.408549 -2.236026 0.828434 -2.193856 1.277098 -2.177718 0.459025 
5060678940721738260.mp3 :-196.769710 98.999704 11.585272 27.964723 6.172271 4.876910 4.202498 -2.601412 -4.747143 -0.883070 -15.725866 -1.879667 -13.793533 -3.511858 -7.143112 -0.578536 -6.464687 2.362685 -7.241033 0.685881 -3.562681 0.267397 -4.890858 -4.812984 -7.011571 1.220736 -6.619303 5.068211 0.592457 5.017792 -2.651832 0.721724 -0.525278 4.116791 -5.751494 0.912428 -3.780121 0.060168 -3.185814 0.215736 
5114880566601451594.mp3 :-120.911890 126.497345 -8.935778 25.661354 7.649127 2.710539 -9.905851 -0.872101 -18.376973 -7.327961 -11.705108 -2.249965 -11.330850 -5.239854 -9.618766 -4.823357 -5.574850 -6.270959 -6.902198 -5.712261 -6.431627 -1.891306 -5.714032 0.327814 -5.150112 -1.077091 -7.406353 -3.617924 -4.986645 -2.550793 -10.816373 -6.983225 -5.541368 2.196907 -0.084597 1.909841 -2.119760 -1.132034 0.084716 2.248696 
5084321565606225934.mp3 :-122.991278 108.297508 7.171335 28.984515 10.090927 9.483806 3.643747 14.482316 -10.317776 5.200792 -5.832608 1.595752 0.880926 -5.273669 -4.024257 2.318743 -4.432196 0.497902 -2.864377 -1.643335 -2.849230 2.072822 -6.256246 -1.882666 -1.887055 2.390213 -2.705831 1.828386 -4.601352 2.812631 -3.910431 2.143385 -4.727577 0.382646 -4.302125 1.064856 -0.476997 1.959839 -2.599730 -2.038131 
5101709450934745022.mp3 :-107.072733 103.078289 12.404964 23.308683 -1.667089 -2.957644 0.046992 5.474525 -10.141782 10.660114 -5.475907 -1.208061 -1.445387 -2.428007 -2.761066 1.182294 -5.510304 -1.517881 -3.257568 0.164639 -4.612069 2.247552 -3.720051 3.458663 -4.613193 3.274721 -3.048432 0.401644 -4.891068 1.808257 -3.042031 2.184460 -0.065683 0.964098 -2.326470 0.967205 -3.396320 0.668813 -3.323985 0.314375 
5117861641124699906.mp3 :-108.470485 93.999916 21.985027 36.437401 6.983577 10.571110 3.059408 0.225906 -9.517762 1.793520 -3.181265 2.115049 -2.437319 2.398442 -4.327554 3.313587 -6.991609 -0.111539 -5.474568 -1.529880 -1.816327 0.409839 -4.807569 0.226365 -4.517033 2.083914 -1.776135 4.760027 -0.135174 1.344271 -4.413377 1.710736 0.295485 1.538267 -4.312304 -1.889094 -6.822867 -1.838527 -1.236364 4.404282 
5043901202810045142.mp3 :-249.282849 132.043974 -2.693175 21.287084 4.097290 2.583330 -1.155632 -0.273656 -6.636848 -5.326203 -7.619362 -4.832668 -8.013483 -4.179906 -5.888202 -3.108183 -5.344048 -5.950471 -8.340130 -5.290019 -3.871114 0.297084 0.480400 0.848768 -4.478570 -5.440777 -5.671583 0.733924 3.937283 3.317309 -2.279797 -1.258139 0.862399 4.675696 1.260695 -0.184856 -3.188652 -3.862440 -4.945857 -1.681235 
5076986142451325368.mp3 :-193.693925 103.286791 30.850469 22.720883 10.746850 5.064019 3.559074 -4.571396 -11.475239 2.143952 -13.946487 -1.991454 -10.662019 -3.201054 -9.215614 -2.390176 -5.686373 2.680110 -2.114777 4.633360 -8.484497 -7.425950 -8.823725 -0.504759 -3.076982 2.202510 -0.402245 2.776419 -5.481326 -4.610942 -5.055430 3.012877 -2.274093 2.035252 -3.832425 0.690558 -0.371909 2.191170 -2.299882 -1.096813 
5042854958579023589.mp3 :-36.792802 67.553540 14.079988 32.096215 11.503748 8.785029 3.621304 7.652456 -5.517543 13.044984 -2.007114 7.600662 0.357659 1.466220 -3.300302 0.451340 -4.212262 0.932147 -3.566711 4.603326 0.996516 1.000075 -4.347208 3.020413 -3.007363 4.207886 -1.002725 4.511912 2.446040 3.185377 -6.724010 0.104387 0.577374 5.613005 -0.489650 1.906035 -3.344982 3.824382 -0.320113 -0.279480 
5115119886016334528.mp3 :-226.614219 77.823362 48.215662 28.807634 10.981620 6.379041 5.497332 6.532362 -7.589513 17.768021 -3.877029 8.235788 1.884638 4.025046 -3.070349 3.460442 -5.672535 0.668910 -4.491747 2.307599 3.202463 3.011248 -3.464679 0.270180 -5.022340 1.175870 -0.623649 5.578947 1.294899 3.415281 -1.571470 4.350858 0.154013 0.685626 -6.493095 -4.202806 -9.570028 -2.787676 -2.032903 3.075352 
5057820972948535384.mp3 :-102.588105 83.425884 2.604467 23.137288 12.112422 6.270335 12.073909 2.247097 -3.045165 6.997587 -5.559558 4.317935 -1.781295 -3.914078 -4.787288 -3.060867 -6.597454 0.997400 -2.302053 4.021453 -4.937926 -3.517446 -3.525753 2.911528 -1.906107 5.527578 -5.666388 2.920502 -0.030502 -1.362930 -11.876755 -4.461156 -4.694407 1.549213 -3.863671 -0.052632 -3.770266 -4.161135 -4.493314 1.102989 
5106944429352794038.mp3 :-131.735806 83.777282 25.603895 37.179325 2.296722 2.986117 1.900315 0.693957 -14.488715 3.748427 -13.728782 -3.323909 -4.303333 -3.190447 -1.177578 0.278810 -2.061116 2.439119 2.078326 3.684155 -5.208194 -0.363090 -0.685915 3.049053 0.646438 4.502715 -4.435026 2.488300 -2.646620 -2.083358 -3.585295 -0.884023 -3.073074 3.845557 -1.573079 3.224262 -2.562655 1.052590 -4.294500 -1.015345 
5066063623575060660.mp3 :-107.720780 108.499285 9.480417 31.639063 4.164707 7.697573 -4.111417 5.207659 -7.758202 3.169149 -3.469888 -0.377405 -4.596049 -0.285087 -3.722709 2.187427 -3.139429 0.303802 -5.098126 -3.036693 -4.563300 0.058994 -2.295708 2.163520 -5.069005 -1.614123 -4.087826 2.324778 -2.212274 2.125241 -4.181606 2.251136 0.358759 4.533829 -1.206779 0.573365 -3.339176 -2.331288 -5.844086 -0.757401 
5048101040966904821.mp3 :-146.673611 40.352823 20.976394 36.058320 -2.557134 12.032676 5.695657 6.408389 -4.828957 11.145870 -9.326746 6.985863 -4.334082 4.301355 -2.020176 3.537158 -3.309759 1.110821 -6.580730 4.595791 -8.829101 -0.126484 -1.321394 2.128905 1.686774 8.105291 -2.176911 3.363544 0.086321 5.026289 -2.866405 -3.213773 -3.223862 3.358278 -1.066859 3.133395 -3.632625 -1.058837 -3.042955 0.433534 
5078125083836946189.mp3 :-87.511262 105.721859 17.350306 19.831657 11.140253 14.690403 -1.995417 5.827170 -9.911146 1.090442 -7.058995 -1.245979 0.575452 -0.226474 2.006072 2.024327 1.837191 4.496492 0.728682 5.197421 -0.276207 1.539359 -5.036332 -0.191490 -4.265469 1.684786 -3.578844 4.095568 0.527613 4.078928 -3.839532 -0.864167 -1.916437 2.835149 -2.019049 2.684335 -0.618645 2.792490 -0.269605 0.849793 
5079177944522255131.mp3 :-159.029776 69.665404 24.560474 22.498861 11.375764 2.424962 5.475311 10.949444 -14.703227 5.382487 -3.162873 -0.767573 -3.547476 0.105827 -7.465016 0.303457 -5.617850 -0.105315 -3.883807 -1.943263 -5.937833 7.447035 -0.627193 -0.153580 -5.351965 -2.647908 -6.453782 3.018674 -1.794274 3.190368 -4.924828 0.086644 -0.865881 2.811810 -3.537908 -0.929103 -5.141030 -1.328965 -4.125375 0.819435 
5048410659828422553.mp3 :-254.260236 78.415747 44.730247 43.636545 14.787811 5.840532 9.215501 1.884468 -16.569756 1.563391 -9.468773 -8.231620 -12.097115 -6.386775 -11.419274 -8.025488 -6.524269 -4.767318 -6.460332 -4.937752 -9.977748 -5.774911 -3.891920 1.724182 -2.862241 -7.130004 -10.754971 -6.710551 -2.143947 -8.011061 -8.301631 -5.074306 -1.252799 5.121609 1.056044 -0.425975 -2.381540 -1.595196 -6.850939 -3.610690 
5087134493258533682.mp3 :-90.828739 88.677137 16.149186 24.824165 2.734176 10.314059 -4.742118 5.150382 -8.373125 4.379903 -0.413924 -1.447101 -1.185998 -1.990445 -1.554708 2.750191 -10.097328 0.524285 -5.200722 -3.066788 -1.087855 5.655491 -5.537710 -3.035308 -6.814503 -0.499145 -4.134952 6.313207 -0.319223 0.925631 -2.676549 -0.101594 -4.529467 -1.372475 -6.431087 -1.891258 -4.240024 -0.518911 -6.802758 -1.392756 
5105341053630075179.mp3 :-82.793584 88.746823 17.183014 15.652781 3.924950 0.263128 10.406587 -1.085032 -8.901165 4.428911 -9.412134 4.322952 -2.468652 1.645562 -2.366444 7.493008 1.560001 8.438342 -2.272530 1.414206 -2.448555 4.011363 3.977333 4.631553 -5.624810 2.179942 -4.648728 -0.283043 1.343388 5.996977 0.422892 2.278131 -4.166405 1.619729 -0.450677 1.017665 -0.390941 2.924395 -3.658503 -4.826892 
5067742868716704913.mp3 :-63.334880 85.887132 18.004568 16.523887 -4.936114 -9.192079 6.469338 11.537015 -21.644011 2.869405 -6.598124 -7.612252 -10.017229 2.179209 1.153553 2.617341 -5.576355 -0.111103 -9.186287 -0.642805 -4.874664 -1.068015 -6.160251 -1.928492 -6.977644 3.690089 -6.005225 1.234743 -1.766714 -0.171001 -6.921956 -0.343092 -3.130858 -1.847105 -4.618653 -2.675775 -8.240378 -1.788009 -4.894630 1.013013 
508234287273397567.mp3 :-73.746389 98.276261 16.261173 30.895158 7.424558 4.931284 -7.890856 9.593104 -14.047945 0.072138 -1.589001 -4.349618 -4.714956 0.330229 -4.067949 -2.788523 -4.396327 -1.406567 -4.540617 -1.980022 -4.756443 0.485563 -7.490710 -1.753305 -4.919446 0.971695 -2.212251 3.382643 -2.460523 2.841623 -3.808014 3.808185 -1.193023 2.294550 -2.327819 1.069514 -3.072275 2.420711 -1.723440 3.341396 
5078460215835714878.mp3 :-178.611570 105.880013 15.253622 29.302520 13.367925 6.791702 5.294530 4.620062 -4.306326 10.491235 -5.181865 4.418005 -5.809634 3.798151 -2.812137 0.422796 -3.231200 3.792874 -4.739028 -1.222575 -3.261794 -0.651166 6.320312 3.242217 -5.044494 0.348556 -4.874929 1.506217 -1.934910 0.422818 -2.887202 2.029375 -0.231107 2.305368 -4.648150 -1.737116 -4.718663 -4.433802 -4.609380 -0.563704 
5117370051789146919.mp3 :-174.839143 117.398672 -18.978731 15.836308 -3.498377 -2.356635 4.454294 -0.884473 -3.676726 -0.461108 -7.517736 -2.023840 -5.332221 -4.104604 -3.182718 1.680455 -3.447529 -0.305393 -4.324446 -2.238895 -0.410692 7.674200 -0.073645 3.625290 -2.083312 1.123962 -4.841349 2.828248 3.412300 2.620809 -4.015922 -2.457467 1.714943 2.881331 -1.464886 -3.200275 -6.869498 -2.560179 -4.577611 -3.846238 
5117463914344588153.mp3 :-4.697696 57.027724 17.917462 16.234660 5.125855 11.653316 -1.302425 7.958997 -1.020226 7.222233 4.322532 9.107687 -0.805225 4.829799 -2.511017 4.040503 -2.220592 5.683511 -1.631060 4.105675 1.229986 4.675947 -2.343017 1.279272 -2.120496 1.012302 -3.114069 2.365184 -1.112469 3.052495 -2.813778 2.063505 -1.798750 1.282229 -3.025913 0.135125 -3.029558 0.649986 -3.450232 0.834267 
5099130725742639510.mp3 :-156.666927 87.425029 1.259592 -0.614839 -4.353808 -2.216053 5.114254 -9.425210 -16.490202 5.296225 -11.792317 8.050391 -7.227541 1.634731 -5.196300 -1.000288 -8.431484 -0.411841 -2.917177 7.436463 -5.451550 -4.480183 -2.075112 -0.594406 0.108792 10.568631 -0.157167 5.279550 -4.590547 5.547629 -3.712347 -14.261908 -15.396615 -4.638116 -2.235357 5.779629 2.768826 -0.298204 -4.153464 -3.966790 
5047448657246988174.mp3 :-220.115055 102.443338 21.606569 24.806172 13.950262 9.369160 0.526248 5.616493 -5.179185 4.911670 -6.672106 0.161520 -5.988611 3.445819 -1.052308 5.007630 -0.837502 6.991992 -6.012799 -0.681485 -6.309619 -3.832897 -1.519834 2.092663 -4.306204 1.713594 -1.107774 -1.812572 -1.497180 3.887316 -2.686324 -1.452472 -5.205808 3.112119 1.013247 5.750849 -0.504719 -1.730938 -5.024669 -3.510920 
5060588370258193806.mp3 :-195.803458 112.284616 14.895786 15.630448 -2.768805 -1.973468 2.544977 -10.719178 -16.462790 2.067876 -17.236263 -0.610283 -5.986395 -1.898225 -1.897899 3.443123 -1.626794 5.386090 -1.611788 2.151978 -1.040113 8.410635 2.578860 -0.455735 -6.117546 -2.286474 -5.572217 6.001383 4.825774 5.305386 -1.046655 2.010132 0.473300 1.481562 -2.848975 -2.081326 -3.933461 -3.618098 -6.517790 -1.990310 
5103754975012361077.mp3 :-120.731568 121.892056 8.964854 10.636769 8.083145 0.281487 6.479300 0.339686 -2.188126 3.191447 -4.016181 -1.443974 -5.672931 -0.109405 -7.675102 -3.815406 -5.136532 0.096588 -1.265729 8.261742 -3.209791 -2.838740 -8.209315 2.487503 -3.770675 5.177905 -3.539315 0.359296 -2.861028 1.950065 -4.183963 -4.741708 -4.973567 -1.138665 -2.286575 1.805205 -2.092606 2.310721 -0.301982 1.457704 
510609660836467174.mp3 :-123.510894 108.220292 27.100746 23.223970 10.640483 9.128962 8.061193 2.045586 -7.703196 7.432571 -15.509877 -1.819479 -4.730919 -2.158310 -5.058621 0.169092 -5.255535 -2.482742 -4.623614 -0.036377 -2.415125 3.546400 -1.673742 -0.541949 -4.570927 -0.042799 -3.758978 1.436409 -0.722126 -1.323150 -0.464006 5.315599 1.113183 -0.546129 -5.147085 -2.997755 -6.283630 -1.994699 -3.983627 3.136645 
5083356192485342006.mp3 :-107.557492 90.954371 17.631815 26.038456 1.462823 -1.092253 9.268421 -8.723411 -4.927836 1.391650 -12.332421 0.892637 -9.774864 -2.382331 -5.378552 -0.082805 -6.784550 -1.150346 -4.646030 1.354770 -6.054422 -3.224792 -9.726424 -5.185014 -2.920164 3.129478 -3.395281 2.042512 -7.437955 -3.156212 -1.650657 1.786102 -3.736923 -1.766934 -3.383704 0.686778 -1.459070 4.468835 -0.497696 0.822386 
5056924653500269250.mp3 :-92.955432 57.282585 5.843826 27.089016 5.655930 8.574469 3.754963 6.194082 1.712371 5.949067 -5.374282 2.612449 -1.649709 4.262484 0.234349 3.449096 -2.890900 2.836718 -1.587849 1.675956 -2.932509 0.422320 -3.022204 0.431776 -4.819678 0.203975 -2.209970 1.390648 -6.026778 -2.009019 -1.323887 3.143440 -5.121168 -3.172326 -4.558603 0.402437 -2.433592 1.268254 -3.347136 1.764723 
5074583946702949256.mp3 :-227.634215 99.353329 20.944764 26.376036 4.377957 12.249880 -3.343811 -2.668285 -7.130855 0.434693 -5.827458 1.915502 -0.241957 5.297687 -1.450352 2.732527 -1.714539 0.243081 -3.483935 -0.502775 -3.020322 0.691578 -5.944667 -5.391840 -6.515598 -0.409720 -5.801715 -1.004088 0.476715 2.269919 -6.961705 -5.913070 -4.309455 2.537185 -1.763115 0.746244 -5.900075 -3.418116 -6.674902 0.656167 
5047143995455764472.mp3 :-95.137204 78.630746 4.428010 31.362195 0.928613 8.145595 -1.834138 5.942687 -3.913057 4.994733 -8.520502 -2.409116 -9.321864 -0.503780 -4.868886 1.275350 -4.607847 1.790061 -3.180321 3.661795 -5.156428 -0.543910 -6.422217 -2.954218 -6.187158 3.316085 -1.310680 6.373695 -1.567986 -0.497998 -0.489693 4.995712 -1.163462 -0.758469 -4.751383 2.145536 -1.643204 1.571828 2.457365 5.071757 
5096710276432370388.mp3 :-270.589936 154.966217 1.835209 19.292801 4.447857 -6.991142 -2.529202 -0.086991 -16.453310 1.299874 -3.561397 -6.518374 -2.010066 -3.374697 -9.452432 -2.925812 -8.567318 -6.501639 -5.066796 -5.369947 -4.179554 -2.436317 -5.481376 0.888905 -0.239310 1.013979 -3.647403 -1.726196 -5.271567 3.202284 5.126533 -2.513046 -5.676435 -3.348407 -4.110145 0.126585 -3.324364 -4.478717 -3.931177 -0.783472 
5090372296658406182.mp3 :-62.769592 97.644066 0.396967 22.304342 6.035107 3.197232 0.282132 9.408119 -8.090129 5.626151 3.819978 3.850667 2.257164 1.782931 -1.660750 2.868865 -0.618141 2.271392 -1.165061 0.557290 1.683466 5.997973 -1.031454 5.110655 -4.001821 2.004745 -1.461651 3.807240 -1.430341 0.260343 -7.889965 1.413937 0.376109 1.494403 -3.697620 -1.259331 -5.558415 0.970101 -1.104112 3.251952 
5071201482703580973.mp3 :-91.158283 92.176543 17.653387 21.508829 14.607324 8.237549 6.529443 2.781721 -3.589545 3.397590 -7.426566 0.812632 -3.914435 0.184499 -3.840745 6.232323 -0.257071 1.989971 0.306865 7.625399 -0.888584 -0.022984 -6.187369 -1.171048 -5.639964 4.636609 -0.348111 6.321988 -1.437781 -1.492540 -4.601052 1.615755 -1.204063 1.115460 -5.964124 -0.234430 -4.607798 -0.550336 0.022266 6.041089 
5064299284950394795.mp3 :-114.356863 102.170604 3.441373 35.120738 12.726602 7.526750 -2.296493 7.158311 -10.013089 2.276909 2.138287 -6.157167 -6.928628 -4.191031 -5.828599 -2.874798 -4.969955 -0.803447 -6.362612 1.423959 -2.381767 0.937421 -3.329919 0.980754 -1.516096 -0.117873 -7.832887 -0.271082 -4.256406 -0.271443 4.632796 5.617003 -0.418852 0.142495 -3.670926 1.452135 -5.329534 5.178864 -1.957277 3.511010 
5087033681305826027.mp3 :-234.405571 155.340623 28.224248 14.785961 2.453768 -3.914340 -7.205209 -4.225448 -10.409560 -0.424614 -3.612140 2.481616 -6.772000 -7.156226 -11.983386 -14.259086 -11.497604 -9.848973 -11.692067 -4.544754 -6.436184 -0.556427 -1.508348 1.674517 -2.384542 -1.070226 -0.502993 0.924852 -6.328685 -3.158252 -9.067650 -9.040122 -6.013900 -1.856924 -2.711389 1.891719 -1.426273 1.485896 -2.827268 -3.420653 
5079309126859921730.mp3 :-97.606361 84.126949 22.907669 40.309418 12.331528 19.493349 1.587438 9.495681 -2.251908 5.743339 1.538383 2.300653 -3.867656 1.847079 -4.392368 3.386412 -4.912077 4.099284 1.035369 3.563720 -6.657803 -4.913301 -9.585269 0.171799 0.213771 6.513139 0.375528 1.014559 -1.859809 3.931227 2.088126 0.231495 -8.180020 -1.659835 0.439524 4.174706 -0.450199 3.418160 0.239820 0.049280 
50929335228940818.mp3 :-242.686105 117.835757 43.138723 39.814559 14.132529 9.752333 -5.536546 -2.182235 -7.676170 -5.545814 -12.891054 -12.308727 -12.316204 -8.132400 -9.404820 -0.623740 -0.930625 3.614672 -4.951926 -6.342355 -5.062109 -7.892269 -4.645054 3.163829 -1.106496 -5.337525 -12.484992 -7.343730 -4.183244 1.446888 -6.324920 -9.024217 -11.104134 -1.360140 -1.496619 -2.484548 -4.777729 -3.442540 -9.894332 -10.003337 
5066398458343786148.mp3 :-130.288699 100.950623 21.320797 25.776741 9.860271 8.837114 8.007617 3.227142 -4.778366 8.023885 -6.821700 5.558689 -4.352585 4.660586 -6.646338 1.381074 -6.475630 1.338701 -4.077229 2.477941 -1.521877 1.642954 -4.025578 2.714570 0.451074 4.700256 -3.137925 1.723317 0.719480 2.930131 -7.336857 -4.909134 -2.025685 3.490639 -0.467638 2.965608 -3.599664 -1.094861 -3.504348 1.300161 
5100776859347778241.mp3 :-110.984631 107.146430 6.270081 14.337957 4.295452 4.612812 -0.501286 6.249801 -7.854099 1.123091 -5.225053 -1.943104 -3.628405 -6.419953 -7.680450 -6.083186 -7.558128 0.795487 -5.987106 2.392126 -4.198226 2.054460 -3.350225 10.021916 -2.422777 4.032936 -3.562186 1.009102 -1.209688 -1.517827 -11.757519 -6.740806 -0.861198 6.230783 2.387685 0.719303 -2.503436 -1.911268 -3.925224 -2.633037 
