767710897270462265.mp3 :-88.456951 83.668229 1.205446 31.977738 -2.113728 11.826472 4.790723 -5.033133 2.316131 -0.360658 0.680478 1.072252 -1.434254 -0.710545 1.136038 2.685935 -2.327303 5.490753 -6.765950 5.148961 -0.788921 3.729623 1.958771 -1.050545 -5.793360 -0.324604 -7.063213 -2.797385 -5.715091 3.946657 -0.746080 -1.604408 -6.090361 -2.728489 -3.475153 0.074372 -4.350373 -1.646091 -2.628979 0.130697 
7640851194537030520.mp3 :-165.320483 102.557508 38.694363 30.246222 8.173474 6.334339 6.292810 5.537052 -7.596797 8.233727 -8.150074 -1.017198 -5.482215 0.356651 -4.879512 1.527554 -1.928925 -0.140647 -2.135435 2.587327 -1.387803 3.749144 1.706827 1.487994 -6.190409 1.206752 -2.332505 -2.082479 -2.298469 -1.488609 -2.834915 5.480289 -3.458816 -2.168597 -6.956979 -2.167252 -5.005387 -2.566899 -2.061185 -0.586659 
7674032962560143417.mp3 :-147.919851 99.792674 -10.588071 23.167822 0.094153 -2.270353 -8.336086 4.785302 -19.349979 5.528236 -11.098598 -8.302058 -8.563306 -1.492726 -11.262676 -0.885417 -12.917978 -1.077680 -4.828534 -4.832672 -9.429382 -3.147105 -5.050822 -0.228090 0.761394 -2.017157 -4.293430 -2.006302 -7.242331 -0.758679 0.644764 2.983153 -2.395212 0.228181 -3.783308 -1.216500 -6.241993 -1.093541 -2.455168 1.474390 
763672591514513107.mp3 :-152.666366 71.744927 19.515915 32.659358 16.289785 7.434354 2.109266 12.406021 -3.236064 6.551287 0.465893 0.664221 -3.780535 5.079454 -3.461223 1.298399 -4.436747 -0.573863 -4.048810 -3.436734 -6.889758 -3.593057 -7.668507 -0.767128 -4.796738 -1.083395 -3.500327 -0.136232 -5.394324 -0.500520 0.045390 4.275253 -3.391881 0.992241 -6.737526 -4.337644 -5.121224 1.688694 -0.390742 2.308237 
7649000680764256687.mp3 :-105.667198 101.888802 7.569513 28.639662 8.965672 2.785495 -1.699299 6.251792 -16.292829 7.573695 -2.261851 -2.438960 2.653139 0.700283 -3.026940 2.320304 -4.750820 0.597695 -5.400119 -1.876353 -4.301524 2.122009 -4.469369 0.996628 -5.955586 -2.028516 -0.457204 2.267237 -3.642144 0.515205 1.123185 4.080989 -1.932013 -0.640435 -6.715206 -1.238939 -4.542829 -1.942945 -4.079711 0.130243 
7621566716124881606.mp3 :-396.878034 198.736509 30.381533 -3.598090 10.399718 0.879213 -6.787268 -4.647084 -5.349431 -7.883190 -7.068315 -3.143162 3.466724 6.741671 0.489061 -7.799394 -7.841632 -4.025028 -3.741266 -4.314463 -4.850860 -6.345692 -5.219292 -2.654087 -5.828532 -11.152565 -9.411323 -4.614905 -4.207675 -4.547300 -1.844815 -1.816493 -4.448392 -0.788404 4.791090 0.539253 -4.939442 -2.579617 -2.737497 -5.401396 
7658695994632293309.mp3 :-19.555725 46.507466 22.931798 26.231107 8.644770 9.118984 0.661733 8.226942 -3.210416 9.178718 -3.989977 2.288327 -3.880398 4.031101 -2.653762 3.720296 -1.536701 4.849246 1.895142 6.419948 0.813669 4.870824 -1.274657 3.265397 -2.085272 4.635141 -1.387082 2.812127 -1.631553 4.215469 -0.600554 0.428622 -5.379973 0.463997 -1.454039 3.133674 -0.534544 3.386481 -1.159987 0.699330 
7671215010938860329.mp3 :-199.597130 129.518622 12.188174 14.464186 0.339407 -7.045988 4.386592 -16.095697 -6.401585 0.199748 -12.778250 -1.689144 -12.115729 1.883638 -5.728994 -0.949368 -5.503923 -5.402322 -6.025837 -1.257186 -6.382762 -0.495194 -3.358901 -1.845121 -4.807964 -0.836225 -5.233445 0.729317 -1.859441 -0.243239 -2.398828 1.412520 0.019434 2.031518 -0.795855 -1.476007 -4.253398 -1.234980 -4.547406 -2.752146 
7653521614091104059.mp3 :-118.955009 112.238491 16.698495 33.631102 9.013312 -0.077255 -1.074418 7.535877 -12.016076 6.425353 -3.223170 -0.610770 -8.084388 -1.675664 -7.142702 -0.074388 -4.057899 -3.947013 -3.332768 -2.280039 -4.877024 -0.926706 -6.041782 -2.289245 -6.679383 -2.508378 -1.976749 5.466208 -2.642543 1.806674 -0.110414 2.764637 1.405842 2.962755 -1.131283 -0.169061 -4.298071 0.643271 -1.378967 2.360500 
7637906108523669015.mp3 :-141.901541 100.709880 10.817264 20.984676 2.817185 5.020023 -1.382148 -1.276690 -2.872568 1.537460 -10.221674 -0.303829 -4.130868 -3.550004 -7.578391 -4.395886 -6.104438 -0.731540 -5.174777 -1.518204 -3.845587 0.023373 -2.488932 -1.682893 -5.397930 3.281659 -7.628829 5.004985 1.648193 0.845254 -3.968022 -0.994590 -1.315000 5.049276 -0.675261 2.740728 -2.787260 1.213502 -1.950833 0.019498 
7614469495139136339.mp3 :-40.187369 90.554118 16.196371 19.649031 -1.038287 4.081566 0.864434 9.105025 -5.596152 8.741744 -8.511027 2.977889 -5.222940 0.643445 -7.087417 2.223357 -5.278903 3.646903 -1.702674 -0.733928 -4.675796 1.797704 -2.498645 4.695797 -1.466329 4.539795 -1.769554 2.037433 -3.824008 2.948453 -3.468203 0.009923 -4.758534 1.073567 -1.392185 0.650562 -2.923384 1.471406 -5.320620 -2.003626 
7673396418145914137.mp3 :-114.002418 61.395979 7.026869 27.738109 13.923223 7.096749 7.348861 3.302619 -1.334864 0.086500 -7.297077 -1.964464 -4.090769 -2.874026 -6.739445 1.489574 -4.993340 1.160099 -8.775557 0.644149 -9.781885 2.221120 -2.206163 6.211795 -3.501878 1.560283 -5.211599 2.777003 2.555313 0.480844 -3.427216 5.078430 3.743842 4.153329 -1.030679 0.746485 -4.204225 -4.217441 -7.692126 -0.885247 
768420630440297002.mp3 :-143.629068 85.247285 1.318041 42.841095 0.255202 5.219457 1.046584 -1.657222 -10.437605 2.934971 -7.114114 2.031229 -2.985698 -0.123039 -1.849318 0.413704 -6.894320 0.605496 -6.374305 -0.180680 -8.762210 -1.279093 -2.579725 4.747641 4.804812 2.915381 -3.180773 -2.875401 -4.843789 0.019673 -6.225130 -3.577427 -3.994277 6.433930 3.147355 8.044666 2.219354 -2.137563 -10.742808 -5.102838 
7677874772074923504.mp3 :-182.660169 121.900204 20.043018 28.363536 13.416105 12.236682 -8.301986 0.314787 -11.206011 -0.657663 -11.379367 -3.078184 -8.795805 1.046472 -0.535899 -5.458528 -3.188582 -0.853820 -3.197606 -0.484055 -6.618856 -3.540906 -5.178268 3.625977 -0.409790 1.282492 -1.636449 0.385957 -4.551559 -1.646600 -2.885097 -1.983703 -5.759306 -1.117622 -2.262773 -0.354036 -4.789300 -0.786548 -4.700549 -4.813997 
7649524174341946392.mp3 :-139.441790 90.837975 13.499098 28.128813 9.319109 7.030526 -3.885274 6.798258 -13.613429 -0.756036 -4.936060 -4.239832 -5.696189 -2.389376 -6.091000 0.284181 -6.005986 0.222157 -6.537710 -2.250231 -8.566214 -2.659089 -3.977612 0.268140 -4.879719 -3.102485 -8.250535 -4.579294 -3.919630 3.964465 -1.239876 1.425689 -4.715273 1.593099 -2.084118 2.800189 -2.767429 2.096256 -6.007994 -1.877036 
7632577179107111727.mp3 :-121.565622 90.915039 15.453950 24.761657 8.698545 -6.495568 4.588953 9.749838 -17.525549 0.092369 -2.855686 -4.356432 -2.400018 0.254999 -10.053860 -2.567388 -6.305912 -3.371932 -7.427474 -2.214663 -7.850989 1.492253 -3.607330 -1.395674 -4.360558 1.067954 -2.654939 -0.295433 -5.586615 0.113205 -1.157770 1.858356 -3.490567 -1.550829 -4.998702 -1.114635 -5.295721 -2.350797 -4.733565 1.256530 
7660211261032316169.mp3 :-160.147714 72.971844 -20.908012 26.312368 -10.774904 5.157244 -1.627283 -0.471756 -2.983041 3.353654 -9.146369 0.084241 -9.527356 2.816253 -5.047722 2.065845 -3.821247 1.500997 -0.837540 3.823358 2.676310 0.496217 -6.105593 -2.194281 -1.582686 4.516507 3.367007 6.309233 -0.553720 4.643397 -1.897380 1.884688 -7.175454 -0.900629 -7.264620 0.786576 -3.902013 3.074603 -0.429000 5.242911 
7652896792051506565.mp3 :-127.583401 61.546663 -11.977857 42.462405 -2.814645 5.773154 -6.708717 3.022086 -2.074036 10.239699 0.643781 1.672210 -12.966578 -10.053685 -12.109393 -0.592480 -1.756275 7.423421 -0.524865 1.662219 -9.644359 -4.346193 -8.461772 -4.279740 -9.764448 -0.837869 -4.903461 -1.449684 -10.637504 -4.755263 -4.434057 6.621846 1.693382 -2.786871 -5.077866 -1.879827 -5.103275 -0.209921 -3.175755 6.508079 
7641545739777928192.mp3 :-172.722978 39.374859 84.244349 7.353606 -13.980418 10.760460 -0.957010 -6.347385 -6.419821 13.658700 -3.551310 -5.996942 -15.068142 -5.727375 -9.242928 -1.337592 -8.429783 1.138275 -0.335615 5.130139 -11.678365 -3.747300 -3.961304 3.823641 -0.914817 -0.027715 -4.792226 -0.352987 -4.313333 0.189576 -12.261086 -5.105250 -3.978166 3.318481 -1.659833 -1.653478 -1.111543 2.252077 -5.311072 -5.898220 
7636475618742241289.mp3 :-171.223183 116.943293 2.141163 26.742701 3.863749 -1.363649 -4.537050 7.469914 -15.038407 -3.169482 -1.024460 -6.672940 1.333707 1.314964 -4.990319 3.630217 -7.463392 -3.033911 0.587139 -2.346293 -6.099081 -0.682613 -3.593517 -2.271812 -2.522038 0.213077 -6.689913 5.098409 -6.401293 -2.561918 -2.535373 -2.145421 -1.797080 -2.539493 -7.270412 -1.146272 -7.794887 -0.612402 -1.855166 2.122152 
7627508292132114023.mp3 :-62.842231 97.147729 -5.132994 23.022884 -4.886822 1.601541 -5.155413 2.446144 -10.190191 -0.865541 -5.736928 -8.183659 -5.546521 -0.335729 -9.364305 1.207557 -8.716112 -4.490642 -7.098594 -3.809807 -6.957720 0.855195 -3.870157 2.029863 -4.030620 -3.658262 -8.891589 -2.608171 -6.620007 -0.097576 0.230154 3.759625 -2.218606 0.473838 -6.897822 -3.906070 -6.790876 -0.561108 -2.186150 1.065358 
764843982719852759.mp3 :-87.679108 96.319067 26.614061 21.701865 0.587450 11.978911 0.377771 5.242199 -4.022602 3.256063 -6.824326 2.493224 -6.576071 2.305095 -3.433260 1.631473 -0.086130 2.475079 -0.924228 5.213806 1.926316 3.369239 -5.074864 1.964548 -2.345556 1.097347 -1.355764 4.536316 -2.434921 -2.059365 -6.199754 1.356313 -3.588358 -1.015120 -6.697262 -2.435562 -6.032095 0.919031 -1.542469 3.543022 
7647836893312398589.mp3 :-55.338510 102.052967 13.320491 21.006581 4.590528 8.551610 -4.045419 7.735043 -6.124565 4.064360 -0.052109 0.582479 -0.612352 1.511113 -1.323795 -1.462829 -0.662309 8.016901 1.141225 2.100386 -5.040632 1.639468 -1.101223 8.691190 -0.303504 6.363774 -0.882530 3.149636 0.535524 2.010104 -9.813047 -1.842344 1.857582 8.467826 0.509753 1.119065 -3.795240 0.757510 -3.629718 -1.847175 
7677893142354989922.mp3 :-87.847784 103.436068 1.045804 35.144504 0.053906 6.693836 -1.616465 11.704473 -11.050795 8.245843 -7.850089 3.005564 -0.625142 1.922031 -2.749943 2.584281 -5.628183 0.064097 -5.746736 0.853292 -6.913781 1.409737 -5.654041 4.173801 -3.285190 0.705763 -3.762152 -1.665769 -7.426304 0.726424 -1.499250 4.585251 -3.245226 0.960854 -3.731053 2.816671 -3.829312 1.744764 -3.127258 -0.289347 
7633554711884836474.mp3 :-148.141568 110.491026 43.317392 30.201443 4.217210 9.099506 0.652297 3.740525 -11.976327 6.390822 -11.970432 -2.124573 -4.599229 -2.452372 -5.797014 -4.207374 -8.206810 -3.379432 -0.157883 5.628591 -3.672751 -3.344495 -6.884423 -0.604370 -1.925770 7.085062 -0.245520 -0.093567 -2.310102 4.366246 1.763126 -5.001202 -9.336133 -4.655842 -4.425475 3.909407 1.399728 5.445192 -0.176615 -0.496987 
7678769752640039500.mp3 :-125.898254 85.919132 21.242035 36.866655 12.026608 7.179103 5.356434 2.978639 -5.844901 3.111538 -7.681296 -5.037986 -7.887318 -2.505229 -3.788862 3.462634 -1.142709 1.267158 -6.470543 6.067183 -0.783351 5.878730 -0.319397 -0.465502 -9.117752 -2.746054 -7.520645 1.327742 -0.629152 6.463869 2.500652 0.803293 -6.092387 -0.879298 -3.788637 1.684530 -2.594129 0.386700 -5.041500 -2.177202 
7623327549959778582.mp3 :-153.862331 115.744392 0.717071 14.960788 6.745141 9.061953 1.007524 7.522587 2.280980 7.017316 2.537374 3.306808 -1.020154 5.117430 0.605456 3.688890 -1.527802 -1.172181 -5.567062 0.393871 1.215692 3.744745 -4.067807 -0.595820 -4.004101 2.011033 -1.950741 3.389051 -0.141779 1.575585 -3.867871 1.158639 -2.039801 0.049553 -3.118957 -1.968325 -2.905282 0.481619 -4.512567 -1.826272 
7676172884174489980.mp3 :-248.996114 89.932577 15.150955 3.155772 -8.208980 -1.421797 -12.278195 -4.359711 -11.255921 -5.154971 -8.730955 -4.470258 -7.238345 -6.557130 -4.599783 -0.443834 -10.974325 -5.704674 -6.939832 -4.341044 -6.455099 1.720974 -1.020569 -0.669663 -1.323154 -0.626662 0.121732 3.794296 -4.246756 -0.371641 -2.592245 1.686298 -1.988034 -3.206358 -8.004371 -7.008273 -10.611622 -4.759852 -2.614205 -1.711364 
7624484463898833122.mp3 :-20.384656 63.904462 -0.759482 22.385686 6.102030 12.872986 -0.240333 7.390749 -2.719240 5.737683 -2.194575 4.686617 -0.866097 5.317739 -0.679173 5.005069 -5.057287 1.260722 -2.359635 4.298252 -0.994410 3.149040 -3.838490 3.880148 -1.367949 4.801280 -0.148583 5.645665 -1.502051 -1.367546 -5.267579 2.423877 -1.078992 1.327961 -3.218491 1.159965 -2.663116 2.704812 0.064467 1.757786 
767073015389375838.mp3 :-246.344672 124.250568 -11.034286 22.789131 2.009449 8.156887 -4.854729 -0.399690 -5.770804 -1.368603 -6.032377 1.650668 -0.918255 3.558397 -0.611534 1.366012 -4.568493 -2.285104 -4.793412 1.298443 0.356446 0.432004 -3.387789 -0.492528 -2.390002 3.941495 0.082710 5.448812 1.296113 -2.237994 -5.205997 3.196093 -0.476126 -0.486013 -4.391972 -4.061245 -5.529501 -2.332859 -0.131143 5.071762 
7640137049987370178.mp3 :-72.130818 92.702732 18.994722 18.689051 -4.894328 0.039455 13.968063 -1.041608 -7.033893 2.135923 -9.126462 -1.304138 -5.105996 -2.232537 -3.844237 -0.857558 -6.464406 -0.180522 -3.626042 1.360342 -3.893034 -4.303065 -10.789650 -3.433943 -1.887136 5.564964 -4.011638 -1.405110 -5.471762 2.631200 -1.671123 -0.512099 -6.493901 -2.787105 -3.559593 3.076952 1.895568 7.691210 1.758972 0.654589 
7629205330396466612.mp3 :-73.548456 76.680181 14.457031 32.457266 1.859163 13.673415 5.455226 -4.594029 -1.161342 1.165762 -2.207616 1.873729 -2.613844 0.357086 0.655533 1.102685 -2.526847 5.795835 -10.872253 -0.792350 -7.398095 2.622106 0.558875 -1.320389 -7.798805 -0.983293 -3.635785 1.259158 -8.785759 -1.701966 -2.912019 7.455833 -0.473678 -1.212812 -5.982870 -1.972138 -6.151906 -1.939422 -2.155172 0.802033 
7630274581598970794.mp3 :-149.430245 62.489191 1.169984 39.961483 2.024487 2.964584 1.996340 5.160956 -13.075086 9.622418 -12.573661 -0.921643 -7.960288 -3.930280 -5.637111 -3.429173 -11.343970 0.844377 -10.309060 -0.551286 -0.969889 -6.667569 -6.149522 -2.898631 -3.452143 4.043383 0.572856 2.962791 0.067335 -0.146307 -4.378382 0.705625 -2.488101 1.478758 -2.422780 -0.744170 -3.596317 2.447595 1.337573 6.829337 
7677621649737492065.mp3 :-138.493962 82.476085 4.057467 24.147468 -3.033869 4.835920 -3.972534 9.470772 -6.317404 1.599526 -5.771736 -2.170581 -1.610636 2.980344 -7.920616 1.264678 -10.303368 0.054536 -2.176828 9.540408 -4.680758 -4.825276 -6.324754 1.148637 -3.307745 5.770981 -2.541453 5.141408 -0.433684 2.664567 -4.840772 -2.143396 -1.621759 4.017705 3.999604 2.128242 -1.002635 -2.211811 -2.704938 1.943560 
7639708970973215236.mp3 :-215.959085 86.623466 20.431799 15.121790 1.820288 -7.005846 5.406588 2.750740 -9.498722 3.040149 -7.715213 4.175486 -1.894116 6.450455 2.476137 2.468791 -4.714009 4.538760 -1.393320 0.144910 -9.841966 -5.062932 -3.230036 2.610849 -0.123983 0.431759 -7.408783 -3.438655 -5.221662 0.614336 -5.682241 -8.915014 -7.879689 1.458967 -0.404400 2.545300 -1.790709 -3.944919 -9.109012 -2.773485 
7645779844656127676.mp3 :-319.641343 181.465335 -15.270632 -17.022573 -0.269299 -11.293043 -8.443111 -8.196290 -9.835049 -8.021671 -8.952958 -8.407016 -4.145375 -3.745063 -6.010540 -6.431446 -6.354164 -6.624868 -7.543854 -8.166052 -5.950049 -4.140986 -2.834054 1.403627 -0.428751 -6.754672 -4.778912 -4.202180 -5.893999 -0.003042 1.766531 -2.115311 -2.607844 -0.856575 -0.679564 -0.160137 2.718140 0.313440 -4.003322 -2.564694 
7657340136565529690.mp3 :-171.304727 96.744936 9.712655 16.133505 -0.187221 8.285373 -3.194586 6.962453 -11.870220 12.897888 -5.544678 0.225167 -6.619507 -4.344457 -4.934240 -2.400158 -2.635703 -2.914027 -9.221545 0.422012 0.618356 0.190700 -3.443168 -1.695705 -4.245465 -2.182364 -5.652449 2.171513 -1.658761 -2.748193 -4.696120 -0.683986 -3.119188 1.553671 -4.963913 -4.100383 -9.443118 -2.194033 -3.168890 3.079781 
7682973521071382875.mp3 :-165.106505 112.545353 17.783949 27.031453 9.816830 13.783499 -2.411329 4.347945 -5.537154 2.623023 -2.722630 -1.445658 -8.482124 -5.032210 -4.617640 -0.755041 -6.787116 -1.938589 -5.578267 -5.370081 -7.823020 -2.615661 -8.152301 -1.988796 -4.764295 0.697042 -5.143789 -3.760195 -7.957339 -1.114530 -0.504484 2.766800 -3.707576 -1.787513 -4.073055 0.503443 -3.589634 1.463318 -1.402289 1.924231 
7667955280359417145.mp3 :-162.459554 100.214386 -17.699251 18.614311 -1.865905 -8.392034 -0.859292 -5.546243 -18.641070 2.353691 -10.534457 -6.748296 -5.206611 -4.277894 -8.187161 -0.182377 -7.903053 -3.979387 -3.696628 -2.259293 -2.794861 -0.864211 -5.432863 0.372019 1.121582 3.747417 -2.140010 3.401793 -5.074691 3.663399 0.739264 -1.234148 -5.015717 0.137865 -3.309832 2.657346 1.857061 3.025366 -2.063814 -0.081172 
762509079825585713.mp3 :-206.484711 131.737981 -14.945999 12.918244 -2.561210 -4.391346 8.464836 -0.381392 -2.736146 7.313958 -10.919467 -0.379283 -2.977770 1.356437 -1.155720 0.852525 -2.811655 1.084193 -2.739065 -0.849704 1.158124 5.731275 -2.332080 -1.536038 -5.507904 2.242011 -4.141955 2.272772 3.866267 -0.126971 -2.133073 0.774269 -1.345108 3.174237 -1.867205 -0.685742 -1.844488 -2.084269 -3.496009 0.973362 
7613892771439494792.mp3 :-156.658401 94.322636 19.475251 25.038303 10.070365 0.776581 9.981931 -9.589991 -8.919533 0.896160 -11.442047 3.187236 -9.848486 -0.476889 -5.077926 0.497558 -5.443627 1.031322 -7.739992 0.202044 -2.101921 3.854806 -1.224778 -0.898766 -5.673146 2.444281 -5.744082 -0.948141 -1.015593 6.557628 5.172455 -1.003047 -9.129382 0.327438 -4.131070 2.315579 -2.249925 0.940669 -3.706052 0.543627 
7620555287642149450.mp3 :-194.834133 107.411321 14.118671 23.081027 6.671429 14.148941 -1.420263 4.050052 -3.047569 3.663211 -2.630515 3.245741 -1.721941 3.840055 -2.002804 0.964058 -1.134203 1.773050 -2.045723 -0.534036 -3.457616 1.717478 -0.161159 3.680729 -1.159858 1.634419 -3.684780 -3.577387 -5.921875 0.438020 -3.776760 -1.433369 -6.302609 0.649829 -1.212227 2.015244 -2.312632 -1.233728 -5.225601 -2.894498 
7676149664652170617.mp3 :-193.804002 111.902301 12.336512 27.362497 7.850529 7.294089 -2.284694 4.582218 -9.150439 -1.447677 -7.103270 -4.260937 -5.072353 -3.357264 -3.661867 -2.203011 -4.959651 0.161756 -1.891549 0.459006 -4.620787 -1.520613 -5.121040 -2.010313 -2.289775 -0.707430 -2.711521 0.889985 -2.689001 1.613872 -4.561978 -6.254550 -6.652610 -2.306979 -2.745003 0.913661 -1.650297 0.121601 -1.904904 -2.702387 
7640525678577643235.mp3 :-197.017796 106.363867 24.625026 18.630968 5.630690 3.462298 2.011521 0.610360 -3.209849 0.357991 -5.592028 2.188542 -2.379764 1.404406 -5.289217 -3.389399 -4.923448 -2.742192 -11.395472 -4.675141 -11.549166 -0.508222 -0.811804 1.926775 -2.157747 -0.557235 -3.651648 -2.459532 -4.684577 2.188241 -0.285788 2.482621 -3.707020 -0.720943 1.571233 1.123218 -2.869201 0.266791 -4.211491 -4.051925 
764809931826302044.mp3 :-172.356196 75.763150 27.879259 22.441868 19.739944 6.290066 11.625790 5.594764 2.439375 12.634817 -5.194572 5.732206 -5.780495 5.541682 -2.713427 -0.266438 -0.786160 4.861446 -8.661174 0.761926 -3.266012 0.582171 -6.933596 -0.023386 -10.030681 -1.102016 -9.007831 1.650250 -5.811107 -1.672947 -4.598629 5.627691 -0.874514 -0.460096 -5.968822 -3.486324 -7.245375 -1.586857 -5.247209 1.531675 
7620894567991309397.mp3 :-117.641201 70.761927 -16.415265 26.109965 1.927604 22.382228 -5.417140 10.925434 2.093021 11.062924 3.088805 3.124006 0.526599 0.301991 1.151681 2.422208 -3.242477 -2.323606 -5.018073 6.311088 2.681897 1.354585 -11.074690 -2.296200 -5.108051 0.317304 -0.737420 1.401445 1.562221 0.551895 -4.097362 -0.503085 -1.554359 2.385659 -4.458644 -0.053953 -4.119090 -1.684517 -3.748036 2.648539 
7626501177075670289.mp3 :-218.260145 87.697512 -11.246709 15.665322 15.178655 16.197300 9.190826 4.951308 -5.223138 10.235077 1.506773 1.052926 -4.202102 2.093368 2.290541 2.827035 0.940755 7.795160 -5.537747 1.898084 2.751223 7.553921 -5.978813 -1.464408 -5.557685 -3.372625 -2.771938 1.906597 0.826761 1.120844 -9.005890 -0.001725 -4.054167 -0.326607 -3.114537 -1.954670 -5.818213 1.372883 -4.441020 -4.361399 
7640108835777838208.mp3 :-106.290931 84.884587 13.493131 30.457400 -0.762825 -1.044443 -8.097111 10.634510 -18.111653 0.008377 -1.490537 -2.057920 -2.182619 -4.030179 -8.355016 1.354305 -5.483876 -0.805010 -3.685737 -0.945367 -5.251769 1.496629 -5.376488 1.626514 -1.368230 0.077395 -3.517413 0.285997 -4.493360 -1.398728 -3.907848 2.205212 -1.022385 3.442795 -1.467935 0.376343 -3.574926 -1.581103 -4.951577 -1.103472 
768313540492763104.mp3 :-147.738905 109.363118 23.812255 42.943538 3.209555 8.737075 4.914776 1.497496 -4.245017 3.737779 -11.143536 -0.187785 -4.604325 -3.269299 -0.360737 5.761506 2.459702 12.107031 -2.957501 -2.930122 -9.753515 -1.529062 -1.348138 1.951989 -2.471148 2.166880 -5.075700 -1.156931 -3.907674 0.326202 1.391843 2.510319 1.515162 3.560235 -0.146809 3.339659 -2.162912 0.921235 -3.678192 -0.483645 
761773774472390520.mp3 :-164.361467 101.126169 23.096030 17.547508 4.182991 -7.230926 5.497388 -6.570013 -10.190996 1.937691 -13.416794 -4.239635 -10.615654 -3.154701 -7.963405 -4.133616 -5.389964 2.619426 -2.584252 1.295255 -0.474674 2.090399 -8.491102 -2.384136 -5.161323 1.604556 -4.870849 -1.596394 0.266171 4.809093 -1.364063 -2.223385 -7.955131 -3.794647 -3.936175 0.844204 -1.907455 1.885256 -2.020859 0.519017 
