6274542967043025215.mp3 :-207.294046 44.904986 32.269013 -1.405416 -16.435425 1.957796 -3.902720 -3.014316 -1.379979 7.896660 -4.420636 2.648365 -0.631491 -1.941918 -1.336205 2.847498 -7.563538 2.618404 0.793564 12.475870 -4.097868 -6.162059 -11.538023 1.230299 -2.177815 4.981486 -0.914433 2.032322 3.678429 -3.958548 -10.156402 -0.615649 -2.416705 3.514889 -2.236352 0.723298 -2.185125 2.854988 -1.384651 -4.621522 
630365515061813091.mp3 :-69.539779 88.152104 13.155168 18.537348 -2.020440 4.867508 -6.262855 4.566019 -9.278193 5.104783 -10.591929 -2.093631 -8.914363 -0.417085 -5.138853 0.829241 -3.831532 1.358155 -9.234810 -4.067954 -5.393840 4.194042 -5.001462 -2.400107 -5.915065 -2.770754 -4.429603 -1.408991 -4.369822 -1.771543 0.912661 5.886435 -2.749648 -1.689142 -5.826825 -3.091402 -6.772220 0.052034 -2.750381 -0.659815 
6278019645440910605.mp3 :-143.350429 102.159879 4.750844 34.710516 5.660225 7.856845 4.044569 7.287718 -5.894758 8.514173 -11.262144 -3.123566 -6.010495 -0.996892 -1.705696 1.289480 -2.632275 -0.629190 -8.368433 -0.109955 -3.678903 1.353034 0.639644 2.177336 -2.193844 1.396962 -5.244835 -4.202108 -2.873574 3.624599 -0.483683 -3.193298 -7.068231 1.555237 -0.588145 1.071470 -2.453336 0.361502 -4.829524 -5.480606 
6276814739188609788.mp3 :-89.943457 81.675889 25.611148 24.196215 4.848999 3.340732 2.068360 5.604064 -13.230274 4.991712 -12.311950 1.602441 -3.216754 -0.786791 -3.440544 2.617369 -6.255563 5.216239 -7.102517 -4.051606 -4.213590 -6.724732 -1.582505 2.039841 -2.953774 1.501188 -1.414366 -1.367943 -4.425714 1.906233 -3.713222 -0.600005 -5.990102 1.926194 -0.412912 3.472928 -0.675961 1.197017 -5.972388 -4.487166 
6270957680591848908.mp3 :-167.457674 115.771869 -1.414995 53.337112 5.938844 18.256742 0.115633 9.044480 -4.435519 8.964152 -8.964062 0.109069 -0.749216 1.823574 1.779829 1.322868 -3.202541 -0.728886 -7.285265 -0.583979 -2.881978 -1.252239 -1.232593 -2.873375 -5.788272 -0.878620 -1.583068 0.089731 -4.957022 -3.327531 2.428147 3.534680 -2.270368 -4.538452 -5.989023 -3.034563 -2.840403 2.845537 -0.793862 1.348928 
6323439641094882953.mp3 :-113.517301 91.252975 20.125921 17.870333 0.458329 2.148821 -3.579292 2.632349 -8.769928 1.936742 -2.012877 0.477678 -2.528225 -1.119377 -7.730981 -0.468860 -8.235418 -0.811887 -5.697473 -2.405399 -7.287604 -2.905431 -8.051092 -1.131365 -5.432869 1.152228 -4.046905 1.157474 -7.351844 0.338992 -2.833549 -0.508777 -5.807487 -0.127509 -3.504641 1.133669 -3.471342 -0.136893 -1.812454 -0.237873 
6336857011836339055.mp3 :-150.576018 107.980308 11.173854 16.908645 -3.293845 -4.018831 -6.718083 0.321690 -17.872056 -2.420412 -11.347712 -7.379628 -3.971616 -5.411633 -10.118097 -5.222233 -10.296496 0.022107 -4.234711 -0.287183 -8.074618 -2.168033 -3.783894 3.935810 -1.525608 1.456102 -4.897802 1.009173 -5.627606 -1.662058 -12.375400 -5.490757 -3.496754 3.920274 -0.035206 2.345867 -2.767159 -0.335234 -3.236774 -1.370623 
6356132790247751790.mp3 :-23.058706 100.521260 -5.372675 32.310257 7.069048 3.695908 4.944761 3.643704 -4.156671 4.526217 -5.741490 4.308168 -2.441127 3.527245 1.833425 5.986054 -0.493525 5.309952 2.458450 7.103031 -0.346602 5.462313 0.425286 3.812942 -0.295595 4.988735 -0.769884 3.293775 -2.260839 2.833048 -2.752109 -3.115301 -3.473276 1.494079 -1.355937 1.378499 -3.903445 0.821076 -3.270433 -0.097902 
6305890419429413315.mp3 :-75.378659 94.511198 1.176604 26.590725 8.786517 13.534634 4.873964 2.772159 8.824925 4.482373 1.202560 6.619942 -0.824439 2.149926 -3.658982 3.516775 -2.232048 6.427976 -1.207811 4.160624 -3.288161 -0.508009 -6.050192 -1.056831 -4.432118 1.211117 -4.876683 -2.173837 -8.814434 -2.585201 -3.465503 2.119778 -3.330630 -0.749302 -1.785518 2.023559 -3.352079 1.115524 -1.376496 1.018180 
6320109970612708344.mp3 :-214.395732 116.113179 -15.699528 24.481922 13.366397 -1.014059 2.519715 4.678129 -12.940685 4.149961 -10.830435 -5.869760 -4.144106 -8.871440 -7.541847 -5.872419 -7.463172 -4.274947 -8.514787 -7.243568 -10.260429 -4.878563 -10.373310 0.243257 -1.500875 -0.484945 -3.850092 -3.064353 -8.021676 0.176318 -3.440644 -1.742771 -6.756048 -2.953804 -2.596868 3.213353 2.745429 0.196121 -3.040088 -2.579008 
6319261141945933881.mp3 :-179.574971 109.928881 16.327621 23.181912 6.593394 -5.782497 0.427974 0.623045 -18.685474 2.685075 -11.859094 -7.805685 -13.670132 -4.125807 -11.106638 -4.841760 -8.669038 -4.775613 -5.972988 2.049143 -1.991816 5.138691 -1.125853 -0.661545 -6.414721 -1.509428 -7.411304 -2.375918 -5.985221 -5.675905 -3.869941 -1.971542 -5.790219 -2.785032 -6.848951 -2.865827 -3.156735 -1.483497 -8.083996 -1.881382 
6295013439598310713.mp3 :-89.764346 79.253744 17.999328 30.964020 15.537942 8.832104 7.714157 5.465035 -2.040440 10.477828 -7.476836 1.366294 -4.816438 1.058699 0.458609 -0.529189 -3.554974 2.059038 -0.864152 15.184026 2.563447 3.405755 -3.187922 -1.780585 -8.086030 1.115224 -4.504390 6.026228 2.685804 -0.915624 -6.492382 0.049554 -3.907089 0.215393 -4.471751 -1.182476 -6.115542 0.158872 -4.540242 1.230550 
6272194101849184202.mp3 :-347.723373 141.707473 -0.223257 -7.722739 1.115981 -14.863126 -16.240349 -11.901796 -13.799615 -15.335577 -10.665932 -5.532345 -3.476192 -2.680236 -3.347991 -3.377612 -1.731962 -1.536761 -3.511252 -4.224638 -1.120130 2.873083 2.783385 1.240424 1.502948 -1.136908 -4.435466 -2.184924 -0.281207 -1.893663 0.545708 4.547284 0.951499 -4.049088 -4.166368 -5.266415 -7.059345 -5.472865 -2.073876 1.075301 
6329713844026386208.mp3 :-143.001465 101.122478 15.714834 22.424131 6.734544 0.419463 -2.066338 -4.104007 -11.532708 1.285817 -17.315357 -4.019888 -7.992233 0.304005 -0.081282 3.421677 0.974379 7.864586 2.400908 7.929426 1.880712 4.979731 -2.871840 -1.274681 -4.807948 0.258248 -3.705024 6.186505 0.343485 -3.159142 -6.122149 3.415101 1.847251 3.489756 -0.215342 -1.208668 -3.208927 -0.264548 -1.415464 5.027644 
6280725397498373134.mp3 :-35.840182 51.390318 -3.105578 25.510679 6.333378 15.302721 1.284264 4.603314 -2.206005 3.937903 -7.059798 -0.834019 -6.069943 2.443710 -1.199436 5.937110 -0.216156 4.234236 -5.591837 -0.594607 -5.194495 0.382251 -3.587479 0.148831 -5.859001 1.143969 -4.887734 0.849640 -4.290097 2.419300 -0.758020 2.153652 -4.432070 -0.538918 -2.974430 0.470389 -3.963220 0.224391 -3.940302 -1.895614 
6332503827253444510.mp3 :-88.969986 68.218491 28.989546 26.927324 7.629784 9.519070 -3.785673 6.756082 -1.495622 -0.425892 -7.452969 -1.358478 -3.774883 0.846595 -1.034154 0.473850 -7.477064 0.959950 -5.142729 -1.937373 -6.378339 0.330744 -4.359910 -1.146107 -4.549566 1.453830 -4.468007 3.126793 -1.436695 5.299583 -2.901082 0.808343 -1.846745 2.898974 -3.084305 2.548294 -3.619468 -0.440065 -6.572713 -0.225145 
6300900742677946856.mp3 :-133.902237 98.534834 3.221536 20.908308 6.073160 3.972265 0.609441 -7.779073 -10.161014 -0.430721 -13.678776 -3.217446 -13.715992 -0.970566 -7.244377 1.224520 -4.176745 2.792918 -3.414722 1.630534 -7.081395 -3.757834 -2.606902 1.148953 -2.177910 4.370554 -4.640951 0.648076 -1.904991 2.747243 -1.145038 0.567186 -2.654047 3.208499 -0.266379 3.586066 -2.244606 1.488344 -2.373031 -1.047284 
6347467287089768878.mp3 :-111.227898 124.708400 6.173375 12.525478 -1.440045 -2.168739 -7.906590 0.672036 -7.522127 -1.514324 -9.664891 -2.785754 -8.951112 -0.856681 -8.785300 -0.774204 -4.911613 0.412391 -1.634351 -1.516814 -0.861348 5.842128 1.269212 4.752686 -2.171360 -1.398912 -7.640177 1.349393 0.691548 4.146314 -5.189806 -2.620066 -3.421541 2.231850 -0.789451 -0.158495 -4.720322 -2.546085 -5.707779 -2.527499 
6307770485799436330.mp3 :-81.135564 94.224840 7.262135 32.902503 7.728021 8.682903 -9.129465 2.544806 -11.153246 1.461663 -3.463768 0.604954 -2.811300 1.929913 -2.088932 1.779052 -6.940276 1.034684 -5.227530 2.720948 -2.880090 -0.696276 -5.464416 1.471116 -3.982027 3.241681 -1.959937 4.554528 -2.816610 -1.884259 -6.994081 -1.284302 -0.898402 2.839772 -1.214140 0.878866 -4.935365 -1.748061 -3.721189 2.118426 
6267008735643993997.mp3 :-161.573849 85.774825 -0.551442 31.600818 -11.820148 16.704508 2.740270 10.407705 3.848214 1.976556 -1.662117 5.374229 -1.067228 3.151916 -2.637045 0.511871 -4.272614 3.398432 -2.700974 -0.677223 -8.951919 3.109926 0.884798 2.324837 -0.687134 0.795450 -2.526560 0.370916 -5.541773 -1.992648 -7.337571 2.115073 0.007382 1.709563 -4.063336 -1.522992 -5.351181 -1.525227 -4.246989 -0.846730 
634884758079224778.mp3 :-96.149077 87.797213 12.654863 22.882899 2.074452 15.090115 -0.689562 -3.510805 -7.157898 -0.537890 -9.992503 -2.508638 -6.269853 -1.166608 -6.856870 -0.063854 -2.969001 2.446687 -2.730173 2.277999 -2.292762 6.402212 0.420814 5.897298 -2.373305 0.403080 -6.272053 1.356547 1.072731 4.338105 -3.724727 -2.177994 -4.535287 2.769718 -1.885223 2.724660 -2.648460 -0.084228 -7.617203 -3.816609 
635339488158445136.mp3 :-76.846609 70.424660 22.966801 22.276166 5.198027 7.047963 -9.163868 5.347059 -9.731949 4.095546 -5.763241 -3.425014 -3.014692 -0.997706 -3.019126 -1.047850 -4.313309 -1.440648 -3.928130 1.931080 -2.421399 -0.629807 -4.439895 1.378859 -0.111646 3.355644 -1.728485 3.120810 0.994440 5.517022 -0.338178 -2.867989 -5.569202 0.613900 -3.014645 1.779401 -2.581623 0.106568 -3.666046 -1.764833 
6268453694678771356.mp3 :-70.649677 93.118267 -9.906947 40.004360 3.644109 3.590583 8.984077 12.833554 -0.381821 -10.474476 3.183219 7.231028 -8.478902 9.178309 -3.655238 5.371814 -2.621907 0.120993 3.211796 -0.540939 0.733195 5.664746 -4.927366 9.963605 -4.960897 0.900070 -2.690338 -0.595018 -2.725463 3.847564 1.595148 -1.237316 -4.282256 -1.570469 -6.897889 4.099564 -4.390213 1.891348 -0.876332 1.071346 
6336585869574309258.mp3 :-94.646174 75.122512 13.169599 16.518854 3.986741 11.441191 0.748250 5.913421 -3.942051 6.515583 -0.085982 1.884984 -2.717664 3.675442 -4.831067 2.127434 -8.069142 3.172139 -7.119018 3.454505 1.050320 1.757426 -5.072555 3.925535 -4.088301 1.975474 -2.457598 2.153210 -0.916780 3.006955 -5.212732 -3.068256 -4.662869 -1.180486 -2.763088 0.488728 -3.373013 1.054612 -4.246484 -1.569805 
6306142126526314054.mp3 :-98.024612 124.540046 6.069895 18.865961 -1.987204 10.319243 -0.458431 6.435983 -9.885313 4.826927 -11.180266 -2.579801 -3.960663 0.199385 -2.004126 0.904813 -2.179568 3.329579 -2.327832 2.759647 -2.547537 3.370346 -3.208021 -0.541577 -0.267221 2.710706 -2.301389 -0.343292 -2.265792 2.948460 -1.087905 -2.212023 -7.647060 -1.885190 -2.345981 2.748580 -0.154601 0.554501 -3.468927 0.234110 
6295924625831768963.mp3 :-244.277847 142.970609 2.120364 26.288199 2.385954 1.675609 -0.170982 -2.094742 -8.058734 -5.327022 -7.349003 -4.697723 -2.932456 -0.638681 -2.324484 -1.333697 -7.090903 -4.460393 -4.541381 -2.471938 -0.507383 -0.069764 -5.756946 -4.057858 -2.976678 2.065143 -1.523602 -2.953590 0.166920 7.535476 6.457278 -1.330803 -5.401785 -2.183000 -3.284753 -2.087293 0.447169 -1.577476 -3.377281 0.271152 
6306411602547432216.mp3 :-113.055139 95.077084 7.289983 16.445488 4.929089 5.971059 3.829514 6.151666 -5.917477 10.899071 -7.655488 -0.477525 -6.277387 -0.607669 -2.518354 3.974717 -1.327258 4.858465 -3.724174 0.103901 -2.309102 5.139427 -3.760195 -0.317027 -5.824284 0.325816 0.801399 1.171025 -1.942483 3.046905 -1.532120 2.420811 -4.995341 -1.843575 -5.281822 -1.735831 -2.193418 0.161633 -1.577456 -1.056460 
6285898424002167754.mp3 :-99.084411 105.255335 14.560954 16.496415 2.169456 -3.167082 -8.320021 2.577398 -17.523411 2.063598 -11.000252 -8.031542 -7.168073 -4.157328 -9.784319 -2.136009 -10.757339 -3.739792 -7.476699 -5.054504 -5.123080 -5.215850 -10.729040 -3.086951 -7.106671 0.006289 -2.134667 4.027275 -2.010623 -1.927131 -5.591672 -0.487480 -4.018111 1.512136 -3.544648 -1.822514 -5.320366 -2.043815 -3.707582 2.710687 
6343749541167163397.mp3 :-110.774773 83.824665 28.555662 29.841912 3.947898 7.303646 -0.890417 3.462269 -11.729198 4.642813 -7.693609 -0.604552 -2.880917 -3.788726 -5.478832 -1.273691 -11.276418 -1.246251 -8.677777 -2.758378 -1.169532 0.045777 -4.373241 3.342318 -4.462152 0.969062 -1.785487 3.258330 -0.576130 -0.120705 -7.587479 0.985697 0.504587 2.277934 -3.615314 0.055158 -5.129755 1.076738 -5.536938 -0.067254 
6293514678257608665.mp3 :-104.662340 70.577672 15.420671 31.304558 5.132211 11.043199 5.454357 2.855446 -3.932523 2.761018 -4.269442 -2.185148 -5.787968 -0.754027 -12.949756 -1.900191 -5.442163 2.421681 0.651946 12.262914 1.195081 -3.294345 -10.276275 -8.201372 -5.249362 1.424284 -4.000013 3.440267 -1.259087 -7.392811 -11.512790 -1.819315 -4.865952 1.164563 -4.008015 1.985990 -0.639662 3.433472 -1.489261 2.931676 
6293906158732216310.mp3 :-135.575888 95.495210 9.063908 25.616599 -8.919676 -0.567842 3.361516 -14.955881 -10.538188 -5.267108 -11.226084 -1.032635 -8.427254 -6.569242 -7.198585 -4.450336 -3.624084 1.749747 -3.165964 0.486440 -8.255322 -4.035378 -5.654194 -0.151885 -2.406061 2.804693 -7.857322 -2.395569 -6.932851 0.456964 -3.994036 -6.009140 -8.447565 -0.059560 -3.384976 2.714234 -3.687138 2.797279 -3.572182 -3.979806 
6319669266629975891.mp3 :-164.014469 117.591406 -7.834124 9.355871 3.922925 -8.429373 -6.278338 2.532098 -25.362170 6.917665 -16.803127 -2.794695 -6.517619 -1.684084 -8.146744 -6.175605 -8.158116 1.380517 2.894026 7.194260 0.128906 -3.503198 -2.922319 2.993273 0.562062 3.089930 -5.124974 -7.047802 -1.529106 -1.463952 -3.110371 -6.366458 -10.019644 -1.469848 -1.429321 1.289306 -2.326022 5.213424 -3.244683 -0.737276 
6286277959525211912.mp3 :-82.650447 112.616059 6.154984 28.989538 -2.934933 16.821844 -2.586614 4.086831 -7.591422 2.620366 0.480020 -3.099917 0.182890 -3.484893 -0.332964 2.659866 -2.211222 -1.551555 -2.779360 1.113617 3.528693 5.745494 -2.992577 1.414212 -4.688933 1.922348 -1.383275 4.965488 -1.071725 5.808758 0.014248 3.216883 -1.975495 -1.975922 -5.358519 -1.474123 -2.307519 0.129398 -1.259517 -0.633272 
6268487087184784583.mp3 :-164.450560 111.839003 18.011396 30.073343 1.881047 2.213142 8.029160 3.351865 -4.363952 5.515751 -5.328886 -1.180031 -3.872034 3.253201 0.026751 1.239486 -2.122827 5.313212 -3.136215 3.396502 -4.256787 -0.617163 -5.129557 0.036980 -4.226382 1.042900 -3.374105 2.029439 0.198787 0.026608 -7.184188 -1.565429 -3.139418 0.897614 -3.394777 -0.031119 -4.277605 -1.281188 -4.647916 -2.248090 
6358119871446111399.mp3 :-199.021057 88.199333 -33.226937 16.569803 -5.769626 2.040437 5.594535 -3.176006 -14.739345 6.089903 -6.213016 -6.013605 -4.246408 2.521602 -3.204558 6.523481 0.063299 8.545826 13.647127 11.084358 0.906433 2.064326 -16.909885 -6.565295 -2.884685 2.907502 -5.808190 1.011795 -6.921414 -6.093180 -5.813124 2.317052 -0.367712 3.783382 2.441624 3.516882 -2.540770 -3.069829 0.882461 6.553757 
6309539183030381261.mp3 :-57.469058 76.723798 0.095454 29.042867 -2.036921 5.867344 -1.585468 -0.211124 -4.346099 -2.562796 -6.842163 -1.836004 -4.992169 -1.013150 -3.341125 8.282199 -1.557195 4.875991 -1.341326 2.462837 -3.283647 -1.383760 -6.675639 0.321623 -6.070318 -0.180932 -5.561723 2.359079 -4.011473 -0.233525 -4.131705 2.105693 -1.085585 -0.744653 -4.662238 0.001994 -2.749597 2.159042 -1.383710 1.421472 
6287742568160516473.mp3 :-122.847042 71.765083 4.584555 30.774767 -1.986070 11.582442 3.531741 -0.851988 -5.493111 4.642069 -2.060190 2.518789 -3.885382 5.363528 -1.769698 7.126530 -0.855494 1.992785 -1.333132 2.684233 -3.976881 -0.522766 -4.896175 0.809678 -2.656791 3.182259 -3.975731 -1.635010 -6.561420 2.116486 1.015423 -1.042644 -4.247168 -0.272400 -2.344177 0.642062 -2.764030 -0.268808 -2.251772 -3.533225 
6305616603636877469.mp3 :-106.450594 72.865230 23.944184 20.023062 18.249048 12.664062 7.183635 6.211395 -1.062253 8.493960 -6.490570 3.390619 -1.584279 -3.491260 -2.890043 1.594881 -4.378727 1.486667 -5.989146 -0.078430 -6.652286 -1.271982 -3.805964 -1.578718 -7.284736 1.608272 -4.233656 5.011899 -3.355543 0.215284 -1.851195 3.293970 -2.774805 -1.291674 -7.450458 -4.745195 -7.432821 -2.018137 -1.148698 2.694790 
6325118960373520222.mp3 :-82.273962 112.736322 12.268450 30.551599 7.544839 4.904752 1.731432 5.098139 -13.022049 6.368735 -1.184908 -6.015875 -3.333981 1.156626 -5.860772 3.929787 -4.984624 -1.464004 -5.116371 -2.113406 -2.729706 1.684014 0.370223 -0.099511 -4.057808 -1.784534 -5.379387 1.769804 0.057286 4.258778 -0.286168 1.772755 -2.829443 3.774757 -2.980379 0.759685 -2.458018 -0.792829 -4.352329 -0.273698 
6273998599995625453.mp3 :-96.890314 85.266998 31.567893 18.338663 3.482298 3.548129 -0.214788 4.930507 -8.248882 2.441126 -4.465213 0.365890 -1.292399 1.714008 -3.934856 -0.573977 -6.195723 -2.386256 -7.965676 -1.343253 -2.568355 0.400229 -5.367506 -0.124152 -4.782628 1.266737 -4.539323 -1.522727 -4.192643 3.447602 -1.566530 -1.336039 -8.940535 -1.548799 -6.492075 0.017741 -2.847265 0.839103 -3.322820 -0.345555 
6290034475613723530.mp3 :-139.211072 70.599693 2.883218 37.923639 10.234465 4.566812 4.145757 13.014334 -7.726517 8.101935 5.662586 1.772203 3.303383 3.285169 -5.373635 4.996711 -2.474508 -0.530187 -0.148396 2.260579 -5.482918 2.176181 -2.939896 1.014130 -2.441216 0.734277 -4.159350 1.193071 -1.601846 1.544084 -6.371873 -0.969205 -4.107311 1.713122 -1.131758 2.887488 -3.358007 -1.074825 -6.758439 -3.423922 
6299309641877399727.mp3 :-153.665110 83.937780 -12.987576 0.501727 1.001718 3.555792 0.224915 5.351661 -3.368679 0.565441 -4.134755 -2.337442 -1.996181 4.594732 -1.157961 5.729370 1.949095 6.985669 1.145100 7.210444 0.020099 7.462485 1.410618 4.740117 -2.073971 1.586027 -3.901141 0.541515 -4.381480 0.425624 -0.906553 2.033154 -2.898057 -1.125597 -4.796036 -0.892850 -4.483473 -2.089140 -4.889099 -1.599588 
6335749124076611149.mp3 :-56.888190 76.363033 3.458372 26.546163 9.715906 9.249666 9.965910 3.648380 1.898131 6.270893 -6.297801 4.022922 -5.945098 -1.243812 -5.042652 -2.317756 -7.016189 -0.664282 -6.164568 -0.087027 -7.086353 -0.063304 -2.282341 -0.026155 -2.214002 0.396764 -7.113200 -0.080438 -4.338581 5.907510 -0.725754 -2.061136 -6.544336 -1.648718 -3.653711 1.345306 -2.856218 1.497555 -3.426684 1.215930 
6279251809277473039.mp3 :-175.977253 129.776862 9.641806 20.454284 24.853152 -2.625107 17.419516 1.026173 7.351490 8.327380 -3.536166 7.354151 -1.811636 3.975209 -1.139269 1.179309 -1.984803 2.045813 -1.492788 2.680390 -0.992416 -0.979322 -3.453339 2.836496 1.367049 0.897995 -0.946928 3.276513 2.351696 0.879685 -8.762282 -6.095666 -2.821277 1.618568 -1.372936 0.945188 -1.810926 1.251853 -4.519893 -5.274801 
6306694136352417516.mp3 :-158.069971 76.957426 7.016050 28.277710 6.084076 10.868646 1.627314 4.383797 -4.662485 9.091890 -7.359895 5.658942 -5.765341 1.615449 -3.912814 1.261545 -2.129118 1.834403 -4.015420 2.935180 -1.736179 4.090748 0.978674 2.106269 -3.935466 0.702976 -4.533017 -0.974488 -7.139887 1.535662 2.857983 4.197335 -4.065988 -0.852407 -3.971026 0.272175 -3.532284 0.041568 -2.991824 1.053157 
6324835747390041993.mp3 :-102.444809 73.584259 8.990378 21.042335 1.037134 11.615107 -1.361470 6.964797 -4.931828 0.606521 1.453783 5.281884 0.372195 5.572236 -1.092837 5.929650 -4.826995 4.279175 -4.433539 -1.571264 -6.070735 4.939281 -2.706373 2.939831 -2.680429 3.427679 -6.157675 0.201694 -5.227342 -0.358559 -1.834844 2.944959 -0.746393 1.221961 -3.110704 -0.632787 -3.326363 0.024089 -1.405532 -0.092911 
6280087500510288068.mp3 :-158.548725 103.375027 43.750016 16.481190 7.008751 8.945963 5.017114 0.104326 -6.000130 -0.862715 -9.230238 -1.094095 -5.940610 2.940935 -1.892726 4.465508 -1.247531 3.480487 -1.728048 3.413894 -0.568298 4.498264 -1.361381 0.790842 -5.582534 1.188679 -2.601923 4.429493 0.231519 1.501760 -0.164644 6.036106 1.129575 0.821418 -5.187415 -4.294652 -8.169090 -2.593908 -3.264271 3.156222 
628297681787784910.mp3 :-134.533248 89.768936 27.068181 25.614194 16.213152 7.809961 -2.532323 14.605579 -8.201843 11.568921 -5.227112 8.149117 -2.930331 1.756504 -2.060077 -0.411918 -3.184285 1.662604 -5.673718 2.858376 -1.198024 7.986447 -2.491357 3.013686 -3.973498 0.647207 -4.539113 1.195077 1.464934 5.244305 3.286833 0.487805 -6.078693 -0.996902 -3.973788 2.308304 -4.304185 2.232000 -2.085970 1.872830 
6313917377106992714.mp3 :-169.150227 94.341746 19.720946 23.747725 -2.788069 1.831873 4.530014 7.145528 -17.146381 5.844521 -10.769849 -4.334602 -8.347080 -7.676473 -3.963484 5.754800 -3.528317 7.030869 1.948466 1.009637 2.403788 7.858030 -0.492446 0.287930 -10.337780 -4.243870 -3.010330 6.445304 -1.252687 0.098055 -7.909996 -2.201234 2.030738 0.312070 -4.662489 -0.951623 -5.723420 -3.921700 -7.520197 -5.491695 
6275895146544025764.mp3 :-116.097562 88.441444 25.121847 14.228513 10.662231 8.973692 -1.602678 0.672419 -7.551571 7.578088 -9.089562 -1.255304 -8.058408 1.617532 -8.256366 -3.428280 -10.293611 0.994514 -7.725224 -0.785187 -2.758187 -2.173950 4.768190 1.302877 -1.108033 3.781005 -3.481572 2.605702 0.880563 5.315353 0.840632 -0.365692 -6.055805 -2.381876 -7.088180 -1.581284 -4.753574 0.152453 -2.970141 2.000920 
