8264665154566894454.mp3 :-141.666785 100.434918 6.373321 18.298518 8.813444 2.290148 1.887166 -3.108538 -6.064091 -3.040816 -5.210000 -0.045975 -6.703911 0.448110 -0.511138 3.146284 -3.751424 3.678552 -5.068815 0.726229 0.688712 5.669049 -2.305380 -2.222909 -7.003814 4.393866 -2.484554 4.258898 0.955118 7.363926 3.341060 1.237762 -4.454318 -2.681014 -7.600109 -2.356562 -3.348995 1.756345 -4.535338 0.379074 
8197522837918182704.mp3 :-136.459913 99.271087 -0.848208 22.784826 7.562260 -1.662135 -3.625970 0.419648 -9.935540 1.347859 -4.487106 -1.115858 -2.721048 1.003407 -2.679843 -1.268095 -6.983592 -3.627921 -7.146461 -0.996833 -2.028724 -1.073940 -5.117174 -1.080381 -5.066268 1.475503 -1.693972 3.164779 -2.179879 -1.276581 -5.149718 0.786609 -1.669270 -0.650988 -4.498832 -1.522275 -4.807963 -1.864390 -2.977083 3.966450 
8252974374045523083.mp3 :-212.349092 129.863089 0.592712 18.508581 -1.760632 -1.387456 2.693812 -4.857499 -11.259674 1.344309 -12.703978 -4.036412 -11.747575 -7.770341 -9.248416 -8.638903 -6.987492 -1.679730 -2.316281 -0.968427 -6.935912 -5.108315 -6.529340 -2.898746 -3.913625 0.939611 -3.743327 -2.947283 -3.240750 0.526875 -2.124202 -1.872536 -2.952961 1.424778 -0.484764 2.419355 -1.117779 -0.876006 -5.654650 -3.546066 
8231911157322641385.mp3 :-49.862837 100.726687 -10.190803 34.233637 -7.375235 10.789944 -3.029927 8.618564 -2.276266 7.605499 -8.645106 4.677298 -6.196271 0.170580 -7.171937 0.092735 -4.760271 0.444794 -4.161276 0.398439 -5.326335 -1.508686 -5.181612 0.895495 -3.377209 1.784821 -4.276598 2.995598 -2.895147 0.102759 -7.679704 -2.610072 -3.378830 1.549187 -3.529781 0.645966 -4.065752 -0.787485 -4.442779 -1.087475 
823431898317575255.mp3 :-119.501102 92.299041 12.860171 31.167843 11.763444 10.809430 0.146755 10.268042 -1.507697 1.121452 -2.145902 2.989935 -3.278531 2.628241 -3.960157 2.931233 -3.524203 3.346484 -0.511633 6.980186 0.636775 3.268971 -4.540815 2.429254 -1.814068 3.368599 -3.040503 3.975426 0.324439 1.800926 -4.436904 -0.013523 -0.621438 0.722190 -2.153130 1.759889 -2.279030 -0.425800 -3.023111 2.854836 
8223094014902047802.mp3 :-102.521502 99.468826 -5.992714 24.424249 -6.240838 -4.488538 -3.947246 1.463912 -15.598394 -3.829012 -9.207024 -8.548421 -5.311973 -4.824146 -12.615225 -4.088523 -10.792531 -0.340186 -5.194042 0.207543 -8.989944 -2.476632 -5.404241 0.203908 -1.706260 1.312915 -5.065499 -0.060852 -2.602996 -3.723627 -8.019392 -3.435907 -2.429433 3.637423 -1.507662 3.098697 -2.307323 0.746134 -1.535944 2.321939 
8238157856372657316.mp3 :-104.443670 109.826856 -3.155393 27.527966 7.697491 4.383112 -0.766540 3.906283 -12.083419 0.479572 -7.864160 1.412556 -5.034361 -1.242546 -5.334748 -0.369516 -7.738019 -3.131197 -5.091636 -3.455306 -5.106795 -1.260101 -5.376110 1.744712 -4.289047 0.271863 -2.563593 1.637622 -8.501548 -4.802377 -4.887226 3.451249 1.999242 2.381972 -2.333763 -0.098178 -3.653177 -2.219087 -4.635309 0.044238 
8232890672384529141.mp3 :-168.735886 69.622795 10.123293 25.731036 8.255608 0.219976 8.825651 2.687437 -1.170284 8.417676 -7.623758 1.343404 -6.546944 -1.281192 -4.640116 -0.476014 -5.860674 1.133017 -6.498798 1.255364 -3.600264 -2.235500 -6.610246 0.808367 -4.693788 2.501197 -2.092941 4.080698 -2.672636 -3.122789 -8.049597 0.322868 -2.983628 1.798106 -3.699545 -0.585031 -4.875845 -0.753161 -2.107423 0.203330 
8219838281066483440.mp3 :-94.256066 106.886478 15.237602 23.619260 9.813291 -0.421602 1.654846 5.558421 -13.880259 9.274802 -4.227005 -1.459346 -4.182261 -6.759206 -5.872030 -0.483007 -3.954076 2.523586 -4.185028 3.944248 1.504598 1.227733 -1.942215 6.254668 -0.996320 5.774327 -2.551279 -0.941494 -5.130648 3.826902 -0.968905 3.014949 -2.122824 0.589345 -0.289975 0.562461 -3.614302 -1.673089 -4.603836 -0.682903 
8273428919872838980.mp3 :-137.879423 49.839893 26.986542 20.833593 -7.283907 18.987202 -7.510163 4.535776 -1.955998 4.161598 -9.377877 -3.405120 -9.043125 -3.527943 -8.845224 -1.712775 -5.739170 -3.759359 -10.406754 -5.864944 -3.948563 4.166019 -6.630118 -2.097459 -6.986338 -1.528772 -5.273596 -1.011259 -5.132483 -1.717461 -0.043509 3.371183 -4.129438 -2.464516 -4.719846 -1.573530 -6.156075 1.624368 -3.653151 2.840789 
8246293134889528311.mp3 :-74.872324 82.165858 25.091310 18.964171 7.627218 5.899539 -0.373556 7.725700 -4.085565 3.932988 -5.772028 -2.747741 -4.350274 3.807067 -2.274764 1.818344 -6.641854 0.905699 -5.787171 -4.574406 -8.697742 -3.048113 -9.631105 -1.850561 -2.380441 -1.401736 -4.051439 1.399375 -8.069954 -0.420517 -2.125259 4.671658 -5.299670 0.202511 -5.378422 -0.648168 -1.043968 1.278173 -4.650113 1.410508 
8200719378918415893.mp3 :-166.721072 101.892154 24.738143 11.252312 6.786804 2.960311 5.873612 -1.573432 -3.605954 6.351842 -12.067728 -1.457273 -6.207508 -1.194521 -4.692981 0.031045 -5.752626 5.182790 -4.954109 0.037213 -5.760646 0.473705 -1.920463 1.319322 -2.692407 0.910702 -6.610367 -2.179586 -3.016009 -0.561040 -3.824696 -1.634962 -3.978530 2.128937 -0.495388 2.752887 -2.778025 -0.224096 -4.878153 -0.894368 
8174724552553204583.mp3 :-152.024099 99.157673 14.646841 29.067184 12.250843 7.258453 7.902867 10.030852 -4.634982 6.436213 -5.837424 1.104076 -4.702480 -1.184634 -2.299312 -4.822673 -4.607431 -1.435495 -4.740571 -1.811645 -3.715294 -1.744553 -4.088201 0.982567 -2.090341 4.606623 -3.798342 3.506980 -1.284552 4.815400 -6.810748 -4.979097 -8.650828 -2.488552 -4.309800 -1.884858 -3.230395 -1.316504 -4.951336 -5.111491 
8238779316405628452.mp3 :-103.276702 118.019909 0.007649 13.827001 -1.352190 7.827268 -13.085379 2.659078 -14.190999 -9.449141 -0.927241 -8.899868 -9.857623 -4.170823 -10.205268 -1.967797 -6.324937 -3.426182 -4.923287 -2.863055 -7.531369 0.699178 -2.433907 2.279831 -0.393243 0.592947 -5.728626 -2.022745 -4.702054 -2.180006 -4.206970 -2.060389 -2.082866 0.975425 0.683398 2.742525 -1.045654 -0.810810 -5.043984 -0.528088 
8187663835190755991.mp3 :-23.011324 39.474093 19.940966 32.498042 16.010695 19.981143 2.210068 14.375047 -2.575458 5.141164 2.011797 0.809391 -1.360008 6.032535 -3.614150 4.779469 -3.747830 2.840147 -4.562102 0.743664 -2.708145 3.121383 -3.155431 1.285930 -2.964436 1.915518 -3.425768 0.800766 -0.904428 3.850312 1.867591 5.161141 -1.503677 1.733955 -2.317875 3.170538 -0.848429 2.584929 -1.084233 2.232333 
8194642736982006272.mp3 :-87.564611 75.690419 13.682250 24.133131 3.062288 8.004703 3.017862 0.786292 -6.657188 4.257105 -7.622965 4.347827 -3.045091 3.023157 -4.547094 4.147478 -2.670564 1.904161 -5.747320 0.556350 -6.688118 -0.444008 0.932896 6.205059 -0.169277 3.278558 -0.723375 1.064803 -2.612752 3.486853 -3.198290 2.135709 -1.735640 5.896004 -1.624479 1.883652 -0.321586 2.908084 -2.680375 1.543869 
8233948778558041393.mp3 :-170.162937 114.817866 5.853754 25.276607 12.031217 12.986439 2.866353 6.770194 -5.529319 1.083763 -1.632972 0.714314 -2.361968 4.032149 -2.417105 1.599419 -3.216073 -0.795149 -4.704867 3.982475 -1.168741 -5.953839 -7.716438 0.025537 -2.515178 1.144172 -3.109585 1.902734 -4.726094 -1.490906 0.728832 2.009881 -4.315311 -3.519614 -4.619366 0.690388 0.018178 5.337384 0.495448 -1.634823 
8235181297775307921.mp3 :-88.515474 78.905008 -4.961669 18.734984 -4.765742 9.370001 0.540505 2.378406 -4.813051 2.077872 -2.462497 2.831156 -2.450202 -0.338260 -4.687862 0.187801 -3.374501 2.109367 -5.220625 3.088548 1.665238 4.280355 -5.158598 -3.443471 -8.240463 -3.796242 -3.641442 2.053030 -2.288447 -0.567984 -8.157816 0.146191 -1.889555 0.185555 -5.921814 -2.030010 -4.809022 -1.774232 -4.160724 2.650375 
8264914664036873537.mp3 :-211.845105 123.146526 14.727836 22.665993 -3.269830 -0.989520 5.316216 -10.580138 -15.390971 -2.477914 -19.109241 -9.458421 -17.615727 -13.607087 -8.846351 -11.554011 -7.475450 -1.698421 -8.040735 -8.509783 -6.786829 -9.606712 -4.991355 -4.585040 -12.629421 -3.912496 -8.860172 -6.407700 -9.754144 -4.056178 0.028311 0.465687 -7.229698 -5.225657 -6.078758 -5.497545 -4.945358 -1.932406 -5.770142 -0.300917 
818662803465581656.mp3 :-49.834968 66.802370 2.718135 16.880526 4.333532 3.308139 -2.515638 3.471336 -7.149540 1.555461 -4.468102 -0.603532 -4.778523 -0.121515 -4.921966 -0.657730 -7.698244 -1.796056 -7.025299 -1.533078 -5.775024 -1.438804 -6.113745 1.014981 -4.363134 1.688381 -2.598805 3.410152 -1.433865 1.979696 -4.164551 1.403452 0.639139 4.006714 -0.480527 2.014736 -3.068027 1.620097 -1.374796 1.878781 
8233240064265976571.mp3 :-141.482941 88.346083 30.934032 30.511705 1.794366 8.326286 -3.034337 0.046951 -8.288021 4.714391 -2.301543 -0.470190 -4.930878 -0.913807 -7.733238 1.021684 -8.478344 1.690632 -1.355117 -0.951008 -6.686808 -1.423393 1.297353 3.634265 -1.726744 -0.177177 -2.472101 -4.432473 -9.694016 0.348424 -0.590743 -3.408473 -7.576738 2.046503 -1.431420 1.209733 -2.083248 -0.440451 -5.233357 -5.339847 
8272572668894220638.mp3 :-37.698611 60.315850 15.981809 33.192025 5.285064 2.197349 -3.664197 6.433327 -2.295163 5.061628 -6.111666 3.113348 0.410614 1.889663 -3.535049 1.855497 -6.431542 0.428371 -5.906660 0.970999 -5.859455 -1.291193 -6.601013 0.023826 -3.445435 2.751803 -0.305622 2.093552 -3.072372 0.691248 -2.378181 1.932527 -3.203624 -0.851344 -4.952221 1.403219 -1.701128 2.489099 -2.175942 0.373646 
8252891656578493677.mp3 :-127.557356 107.875800 32.959522 21.124681 12.980207 1.393025 0.538820 0.056034 -4.200170 2.938846 -2.287097 0.425945 -5.745636 0.691313 -4.589324 -2.691548 -4.566064 -0.174415 -2.141992 2.850523 -1.586212 2.158419 -4.859071 4.529014 0.147726 4.540492 2.475625 3.007208 -1.926724 2.860288 -3.891000 -3.411430 -8.653837 0.334542 -1.370271 3.485206 0.380462 1.045314 -4.703252 0.534723 
8238588533937323485.mp3 :-214.395732 116.113179 -15.699528 24.481922 13.366397 -1.014059 2.519715 4.678129 -12.940685 4.149961 -10.830435 -5.869760 -4.144106 -8.871440 -7.541847 -5.872419 -7.463172 -4.274947 -8.514787 -7.243568 -10.260429 -4.878563 -10.373310 0.243257 -1.500875 -0.484945 -3.850092 -3.064353 -8.021676 0.176318 -3.440644 -1.742771 -6.756048 -2.953804 -2.596868 3.213353 2.745429 0.196121 -3.040088 -2.579008 
8201454255370264750.mp3 :-120.901467 108.636983 16.572780 28.681481 5.927255 7.808552 -1.811535 -0.008999 -9.388787 7.678162 -12.537657 1.981665 -3.922640 1.281771 -3.091090 4.762877 -6.704070 7.115076 -1.351896 1.907644 -5.791194 -3.924439 -3.797744 6.243341 0.391889 2.257221 -4.039941 -0.658496 -1.310147 1.241310 -5.399741 -3.574471 -3.926789 2.204198 -0.586763 4.506506 -1.015642 1.523717 -7.310117 -5.543865 
8197174430147391070.mp3 :-104.043572 83.278337 5.669375 31.360768 7.709816 12.046018 -0.195694 7.647821 -5.796335 9.768769 -3.966508 -2.971224 -1.985979 2.492595 -0.727454 2.881941 -1.629641 -2.029669 -7.018365 -0.743337 -1.744411 -2.185490 -7.426044 0.257351 -4.376142 2.973562 -4.727902 2.137896 -0.578274 2.882688 -5.372796 -6.129708 -6.489635 -0.648906 -2.753357 1.088275 -0.376821 2.058737 -4.533985 0.881691 
8261964586873680815.mp3 :-239.758517 104.147173 27.974590 18.071846 5.466535 2.595314 8.105706 -2.413938 -8.690528 7.287673 -7.480401 0.960126 -5.542608 -3.056234 -5.926455 -1.577455 -4.754495 2.860059 -9.296368 -1.375270 -6.303909 -1.810442 -3.581183 -0.926096 -4.023029 0.699734 -4.423271 -1.898737 -6.080502 -1.102700 -3.377711 2.229336 -5.897757 -2.950392 -4.313016 0.771177 -3.534726 0.602222 -5.210972 -2.067501 
8225533391646753375.mp3 :-139.578363 112.625370 32.936152 36.468130 10.946193 2.283703 -3.011956 7.024345 -17.051900 3.893318 -8.300784 -3.288512 -5.612936 -1.741998 -6.176648 -0.030067 -4.939458 -2.298722 -7.403270 -0.384437 -5.493586 -0.038062 -1.986935 -0.613027 -1.907282 0.685776 -4.039218 0.658147 -3.559364 3.690457 -0.538394 -1.924342 -6.472529 -2.814570 -4.649479 -2.464604 -3.287213 0.295952 -3.057681 -1.191161 
8191518453682613679.mp3 :-54.333724 58.327279 9.412065 20.803643 14.078500 2.000711 3.207941 12.566376 -10.544247 4.955319 -2.138065 -0.659640 -2.989215 1.691012 -7.081240 0.483008 -6.126055 2.654480 -5.316959 1.195011 -10.656495 1.928360 -4.777205 -4.015576 -3.354245 -3.018015 -11.374132 -2.140993 -5.601406 -1.395571 -5.820256 -2.707352 -6.007170 1.258097 -2.825601 1.513255 -6.278127 -2.449024 -4.760444 -0.074106 
8231912573258844069.mp3 :-193.697076 132.616064 -2.184195 12.250395 -0.890304 1.070637 -7.913161 1.124207 -15.477764 2.788128 -3.706009 -1.668969 -5.516077 -7.035927 -8.783795 -4.346485 -7.270010 1.074518 -1.674042 1.333051 -4.835171 1.068585 -3.421778 3.247143 -1.641865 1.325348 -6.122955 -1.583339 -3.090812 5.278273 -2.225680 -2.243837 -3.963138 2.424625 -0.777375 2.312950 -1.041710 0.555626 -3.399434 0.064935 
8217401909103028372.mp3 :-103.510399 123.969244 -7.749339 20.677032 5.331491 -2.144362 -5.194103 1.956854 -15.144531 -4.268179 -7.043163 -2.386184 -6.657088 -0.069638 -9.439106 -0.587926 -7.570208 -2.831211 -4.349513 -3.620066 -4.315261 0.764907 -0.893668 0.434704 -1.520625 -4.025953 -8.369286 -2.561898 -6.889616 3.069004 0.162697 0.853784 -3.048307 4.229493 -1.471006 1.356232 -3.716457 -0.276003 -1.296942 -0.117253 
8257442216410103275.mp3 :-118.939778 107.755367 9.250411 29.568491 2.142274 10.059550 -0.583005 6.554245 -7.885296 9.089233 -0.509021 2.338464 2.753457 2.503365 3.627825 1.918897 -3.129034 -1.495074 -1.423822 2.264849 1.281450 -0.003438 -2.433793 1.259834 -2.958813 0.149238 -3.954268 2.234748 1.320387 1.383093 -4.041270 3.853686 1.731089 3.577609 -2.296412 -1.617752 -5.301385 -1.634215 -4.004747 0.764900 
8190968092443417786.mp3 :-196.938793 133.671013 -1.424106 22.007734 -15.739154 10.456491 4.598558 5.681722 -2.486814 8.191629 4.033796 -2.772304 3.857603 0.731404 -3.163533 2.098992 -4.964449 -0.974199 0.054590 0.436198 -0.007314 2.598336 -1.662628 -0.651363 -2.888226 -2.318070 -5.664119 3.198382 2.321105 0.107798 -4.467925 -0.711434 -2.319958 0.301834 -1.857127 -2.316355 -5.169388 -3.814533 -5.184651 -0.183975 
8220070290983204408.mp3 :-70.442391 76.566748 -0.412300 20.683665 1.482826 8.643653 2.634868 9.020429 -0.474978 10.378519 2.711128 7.367561 -0.405394 2.971090 -2.864695 2.150392 -4.445511 1.802685 -2.820064 1.819693 -3.757117 2.133696 -1.261925 3.938756 -3.044973 2.461863 -3.536985 2.426263 -3.796943 0.410147 -3.270262 1.744336 -2.370795 1.760135 -2.453179 0.722870 -4.085077 0.108197 -3.793518 0.678496 
8261057144199344416.mp3 :-109.622395 89.318680 18.829969 37.619200 8.627261 6.609855 2.377444 8.642883 -14.399929 8.212876 -2.804044 -6.615315 3.373827 0.552511 -8.583842 -0.548705 -9.824454 -4.207537 -6.431922 0.526029 -4.168291 -2.336770 -2.621423 1.333796 -2.928581 -1.217712 -8.918110 -1.941169 -6.808067 0.713693 -1.167620 1.229088 -1.018872 1.174362 -2.249923 -0.785633 -4.657356 -1.542781 -4.193400 1.200911 
8196870464561108258.mp3 :-182.621606 102.381567 19.464798 17.274793 -0.324356 -0.532351 -10.564391 -1.091531 -14.915270 1.696605 -12.336620 -6.160122 -6.743230 -4.984638 -8.422328 -5.637709 -6.341927 2.299138 -7.251542 -0.861514 -3.369783 -0.575110 4.152432 4.960649 3.331897 2.160888 -4.664309 0.026229 -4.081409 -4.022178 -6.626314 0.907087 -0.018587 5.276717 2.319583 2.371241 -2.250728 0.871843 -4.221578 -1.126773 
8210348918760582280.mp3 :-128.662074 89.382232 22.074984 29.189476 13.231727 7.647257 -3.107423 3.674611 -6.782453 4.540488 -8.728837 -1.724802 -2.459285 -1.476979 -7.023380 -2.502469 -6.007341 1.592365 -3.311401 2.362992 -2.076005 0.799095 -3.808808 1.937718 -4.524459 1.400267 -2.965822 1.902690 -2.662577 1.107180 -6.080942 -3.293407 -3.352562 2.127677 -1.338224 3.036523 -1.546580 0.255241 0.427044 1.483637 
8256260259172106921.mp3 :-129.319945 89.025507 24.093072 38.943409 13.936633 13.941800 2.043890 8.367657 -5.205334 3.157449 -3.053866 -1.874639 -1.546780 0.046606 -4.929311 2.918485 -7.329544 0.998956 -5.141793 0.234796 -5.962024 -1.520802 -5.467190 0.209219 -1.575789 2.127282 -3.483474 -0.504607 -8.495068 -2.466702 -3.369841 1.483441 -3.821418 0.535983 -3.450480 0.389983 -2.585523 1.904024 -1.830409 -0.779879 
8177459336819259648.mp3 :-100.835244 105.216571 7.542602 19.197943 5.953704 2.862673 13.679468 -1.680459 -1.127371 6.997048 -14.313695 2.159501 1.397012 2.132344 0.393305 7.817654 -1.816099 3.708284 -7.950302 1.249313 0.133497 2.848639 -2.809331 -0.222246 -4.638594 1.747739 -4.176659 2.844647 -2.547829 0.672027 -3.812597 2.889885 -1.492371 -0.198924 -6.282171 -3.907022 -8.160387 0.691806 -2.224730 1.399153 
8195290823106005399.mp3 :-173.667746 106.780960 2.503932 15.741787 2.529116 7.554463 4.131613 5.974070 0.327119 9.947397 -4.608217 5.698142 -0.223088 6.815704 1.363437 7.196563 -1.241354 3.621946 -5.008932 -0.163337 -2.947583 5.284699 0.249300 3.282278 -2.904350 2.079557 -3.010989 0.687321 -4.522245 2.167696 1.758569 6.522973 -1.104381 0.278787 -4.943469 -0.896310 -4.119917 0.566403 -2.124091 0.721109 
8267897017104465838.mp3 :-66.178681 84.804874 4.842376 21.003988 -4.358954 9.514661 -3.762514 -1.333769 -1.288742 -3.476382 -6.014088 -3.483773 -4.236908 -1.032341 -0.060698 2.666944 -1.168792 4.965173 -2.679753 4.405868 -2.860126 3.311844 0.069296 6.794600 0.117582 2.081499 -2.816403 0.154976 -2.165931 3.475643 -6.356190 -0.901438 -1.559516 5.181668 0.077391 3.047776 -2.070926 -0.636207 -6.416944 0.050799 
8241192284117646343.mp3 :-12.182753 74.094336 -9.473322 16.092458 -0.117560 9.504390 3.365558 2.031369 1.161065 5.766111 -7.105526 3.645961 -4.469766 2.003179 -2.995708 4.576170 -2.823475 1.873779 -4.811357 1.531803 -3.792684 3.025064 -1.686479 2.072658 -4.073106 -0.544753 -4.230453 2.082268 -3.964252 -1.808716 -3.631925 4.098774 -1.882128 -0.020123 -4.154907 -2.645304 -5.244035 -0.811964 -0.906769 2.282633 
8236038278562946646.mp3 :-26.467276 69.336829 13.788805 20.088325 -0.846307 18.497742 -0.025205 4.899798 -5.207954 -2.235243 -5.751876 -0.108239 -4.329614 -1.790983 -0.786862 0.700825 -0.628106 2.776836 -3.072430 1.472222 -7.262217 1.345078 -2.537810 2.117811 -3.528125 0.323265 -4.145989 -1.293671 -6.026268 3.320381 -0.566431 2.286642 -5.011693 2.106521 -2.981000 1.851073 -4.796306 -0.573585 -4.729879 -0.444316 
8274294469430032844.mp3 :-26.214706 70.367439 6.364809 23.500366 2.608321 5.782460 -0.298348 7.702648 -6.846984 7.820072 -4.136375 1.607410 -4.861582 0.621984 -4.260737 4.233669 -5.619951 -0.762154 -5.331277 -2.555317 -9.288401 -0.948054 -5.275923 2.517809 -3.342106 2.494843 -2.438342 0.613717 -4.755901 0.065176 -1.999828 3.645466 -2.159263 -0.191205 -2.856347 0.626989 -3.422450 0.699069 -2.143280 1.289062 
8251195661334999719.mp3 :-152.327762 111.618865 37.205900 12.604174 -0.812797 -3.991608 -6.493539 -0.113856 -12.674585 -1.159785 -7.981046 -4.737999 -1.493241 2.381696 -4.632343 0.717272 -7.968306 -4.511597 -8.675049 -6.238239 -2.709040 1.457559 -7.256260 -4.304716 -8.589684 -2.056366 -3.235712 -0.917797 -3.398802 4.761397 -1.380640 0.622501 -7.146603 -4.185972 -8.033753 -2.789674 -4.671506 -0.033822 -2.988343 0.090871 
8179554365376956270.mp3 :-312.300987 196.752933 -14.634287 -21.099709 5.465502 -7.981869 -8.721169 -9.813756 -17.008924 -14.496960 -9.333641 -8.311644 -3.731362 1.674995 -0.831499 -2.681564 -2.542781 -8.539172 -9.931337 -6.046882 -4.690598 1.898744 4.349402 -7.280245 -11.837300 -5.636788 -8.056113 -12.892258 -5.811929 2.662970 -2.291954 -8.793211 -3.855703 -3.462059 -8.727792 -3.609288 -0.006867 -4.859514 -4.038568 -1.452436 
8242719066560884253.mp3 :-87.120647 68.894083 12.448851 14.145110 12.896524 -2.210808 12.927569 3.140886 -2.866888 6.622576 -9.576568 -0.404080 -6.756078 -1.064699 -7.944510 -1.146053 -6.886601 0.143232 -6.562177 -0.522074 -1.188005 4.437817 1.028658 2.070830 -5.182883 3.435737 -4.922033 4.002928 -1.507224 0.248346 -4.595040 4.319601 -0.833947 -0.633488 -5.294705 -2.698168 -5.503657 -1.997167 -3.825364 2.391363 
8270406426687606161.mp3 :-177.216994 117.252752 10.146204 33.705787 -0.693092 -1.003685 -4.362373 5.731719 -19.047949 -3.677247 -7.994994 -5.802749 -4.353696 -2.835783 -11.488403 -0.024122 -9.208354 -1.736838 -2.727884 -0.358355 -5.935215 -0.756767 -3.695702 3.393855 1.053115 3.344562 -1.326405 2.632571 -4.121207 0.725236 -8.115215 -3.251518 -2.690139 3.678647 1.216081 2.589604 1.137709 3.903168 -0.093954 -0.488392 
8214350352887166201.mp3 :-121.096335 85.984940 13.514591 37.244652 13.970917 18.716304 2.465781 2.933567 -12.142466 -5.166098 -10.136451 -1.135504 -0.029533 3.671827 -5.124942 5.292038 -6.042630 -1.965117 -2.630934 2.092345 -4.653015 2.214270 -0.924799 2.457850 -5.094477 2.621337 -5.318798 -1.805898 -3.820941 3.722321 -1.118700 4.071641 -3.476050 -1.373493 -2.987863 1.424883 -2.658195 1.343989 -5.524744 -0.446948 
8270095340746273464.mp3 :-203.763603 124.493319 12.868279 15.953461 9.363743 3.757111 1.445297 8.258729 -9.607105 6.035654 -4.747105 -0.491292 -4.676050 1.292180 -6.018327 1.369275 -4.067297 -0.733631 -2.972359 -1.632925 -5.211572 -1.078342 0.454393 3.950454 0.864248 2.161297 -3.644532 -2.660399 -6.882449 -3.799463 -0.989648 6.167078 0.328400 1.463527 -2.142586 0.023473 -2.799012 -1.647019 -3.264144 0.751790 
