7850533139309987809.mp3 :-90.954540 75.936306 18.167944 24.804608 9.899237 11.887333 2.762304 0.564440 2.533488 3.414625 -2.532907 3.423640 -5.089404 -1.793427 -4.607676 0.531266 -5.173214 5.017203 1.444807 4.344104 -3.218191 3.645705 -1.356675 5.820784 -2.796094 2.534175 -1.838555 -2.492326 -5.117884 -1.898739 -10.212804 -4.207532 -4.718953 2.190675 -2.498688 0.069858 -3.096060 -0.906925 -3.272566 0.747725 
7892161877987527704.mp3 :-209.310275 64.573353 20.585342 30.501060 9.320943 9.313014 -1.509274 8.901326 -5.985461 9.508053 -1.350794 -0.954724 -8.074890 -3.201582 -3.887546 5.539428 -1.518292 6.009272 -2.148327 0.222967 -4.636094 3.572089 -4.384450 -0.653862 -2.959989 -1.077394 -2.666647 -0.172447 -6.221224 1.249622 0.002128 6.389126 -1.377214 -1.701551 -5.411632 -1.243688 -4.241152 1.454169 -4.397295 -1.678677 
7827277960199239973.mp3 :-147.311903 87.529390 11.091228 19.514443 15.440039 2.262584 0.974487 15.565085 -9.725223 0.372360 6.235518 -2.599521 -3.046993 5.295711 -10.947420 2.714748 -4.827107 -0.195750 -5.271688 -0.271910 -9.078172 1.056837 -2.288424 0.740680 -6.848453 2.264845 -6.416257 -2.662999 -0.289528 3.683426 -1.817503 1.805335 -4.371767 -2.516821 -4.316831 1.259026 -3.532873 0.886395 -3.755600 -0.976965 
7855316650801576248.mp3 :-68.683928 74.822463 17.862692 25.770979 9.779773 11.907690 2.630991 4.506017 0.550782 7.270935 -6.401780 1.043677 -5.952364 -1.164891 -3.343174 -0.880980 -4.029833 1.914766 -1.220165 5.040796 -3.008557 6.207089 -3.156964 0.369037 -4.403639 3.725222 -3.297260 2.019368 1.251034 2.112274 -5.808068 0.564272 -2.902893 2.224434 -2.806306 2.036888 -3.821782 -0.922284 -3.370104 3.697798 
7851153988560360182.mp3 :-161.318496 79.440242 4.624607 37.430314 5.512005 9.865454 -2.786094 10.016160 -4.977829 9.199229 -1.441019 -1.033189 -0.824095 -1.655910 -4.404889 0.168581 -8.078436 0.438256 -4.464420 -3.490550 -8.147990 -2.514865 -6.181998 -0.465847 -3.619555 -0.499887 -6.675618 -0.581730 -6.243237 0.873637 -1.281762 -0.188380 -6.186479 -0.115083 -4.717312 0.855463 -1.113851 2.493970 -2.808705 -0.147330 
7830838745334269342.mp3 :-47.029432 67.255765 13.578765 29.183968 3.268506 15.633953 3.649632 6.414118 2.363448 5.545704 -0.509945 5.871022 -2.367676 2.688574 -3.484045 5.114656 0.450937 3.909293 -1.918897 4.239147 -1.079074 3.876175 -1.964427 0.430001 -2.961981 0.558044 -4.664048 0.804355 -4.748039 0.228304 0.846013 3.530139 -2.080150 -0.087506 -4.081089 0.833305 -2.588416 0.616669 -3.509646 1.306768 
7858244689984202452.mp3 :-101.475228 96.941097 24.545774 26.156638 0.143817 0.639952 -2.819617 5.053228 -10.653584 1.420101 -10.568992 -4.277955 -9.757795 -1.640826 -10.601837 -0.207204 -6.310024 -1.373688 -5.415492 -1.166362 -1.475680 0.214155 -4.750917 -1.567971 -5.790308 -0.066025 -1.822102 0.437377 -1.573829 4.399509 -1.531878 0.158035 -4.187610 -1.180407 -4.172328 -0.939461 -2.543594 1.622742 -1.896229 -0.069767 
7874837936915884227.mp3 :-142.336550 100.329924 35.390353 24.089446 9.465730 1.380175 1.864591 4.425280 -11.797280 4.667874 -12.869629 0.044836 -4.317339 -0.012714 -4.912508 1.183257 -5.173028 -1.215033 -6.113020 1.794912 -2.160158 3.724829 -1.816445 1.725703 -6.009443 1.951571 -2.272049 2.170167 0.114126 -1.179653 -2.672414 5.156875 2.022157 1.020476 -4.931494 -3.229703 -6.251064 -1.691279 -1.962897 3.648148 
7865612942023331738.mp3 :-92.079817 62.122133 2.813723 51.661269 8.385529 17.529260 2.031064 10.020717 -2.680073 3.173913 -3.922135 4.306221 -3.650627 4.897909 -2.247039 5.356892 -3.730203 1.244022 -5.785677 4.993401 -2.173297 -0.941141 -6.296417 -1.362712 -2.231734 1.961061 -3.391983 2.090138 -1.757238 -1.325517 -3.764987 1.306274 -1.264496 0.473361 -5.418978 -1.226767 -3.203311 2.072601 -1.851708 0.282428 
7873890690076038138.mp3 :-65.251501 74.066891 5.551788 10.089532 -4.818287 16.177288 -0.488012 0.168777 1.234577 0.071195 -3.261579 0.820851 -3.637238 3.272914 -3.832860 4.371501 -2.016939 1.729784 -3.557896 -0.009557 -4.987557 1.166665 -5.307643 -0.010683 -3.150280 -0.349682 -1.395468 2.309777 -3.519891 1.394923 -4.048816 0.084864 -5.529700 0.587688 -2.523132 3.125914 -2.725629 -0.979101 -2.589514 -0.693923 
7859061722852881236.mp3 :-101.705506 97.266769 19.807298 26.021038 5.383388 4.689681 1.118231 0.341899 -8.263644 4.213364 -9.307662 2.074025 -4.299695 0.017715 -4.404579 -2.443333 -5.310795 3.715553 -1.008909 9.260701 -2.453371 -1.284625 -4.802110 -1.020500 -3.456234 6.654803 -2.325327 3.681596 -3.158178 -0.101070 -1.179566 3.521511 -4.546351 0.036565 -5.927090 -0.239409 -3.230544 1.942129 -0.369314 2.895508 
7882667531929209187.mp3 :-191.423801 92.257908 -0.403192 22.161429 8.886058 7.573280 3.829801 7.272066 -11.169320 1.754442 -4.522277 3.110125 -2.055885 -0.838743 -8.564540 -2.296461 -7.283659 -1.796434 -6.162315 0.985824 -7.582209 1.417470 -4.823694 1.321087 -3.095636 -0.128266 -4.193233 2.321495 -3.032481 1.866389 -10.094095 -4.762384 -4.592196 3.853737 -0.428540 2.136349 -1.964521 1.965218 -1.616201 -1.138617 
7874823702937181004.mp3 :-154.299393 73.379865 15.330382 28.347809 5.686071 1.918195 7.991637 2.348153 -5.873079 9.182030 -11.793080 1.760839 -3.936718 1.400752 -6.300954 -2.380656 -8.142885 1.972952 -4.813501 5.117795 -4.118682 -3.923580 -7.894978 -0.019504 -4.231062 1.278246 -2.205077 0.994356 1.894093 1.804369 -10.420244 -5.898110 -3.811899 2.005783 -1.396148 -0.429578 -2.736951 -2.311366 -6.629900 -2.506922 
7874864508772610382.mp3 :-117.563165 115.996090 6.670742 16.795179 2.425050 -0.096750 2.488531 4.627732 -7.441940 7.497212 -9.558039 1.200906 -3.972308 -0.066715 -2.500736 3.354878 0.364481 7.149593 -2.176204 4.974958 -4.432107 -3.713065 -4.350263 1.469203 -3.066753 6.556540 -2.758969 0.680024 -3.075793 0.812311 0.483936 0.253644 -5.401149 0.738794 -1.234030 2.126517 -0.825012 -0.431863 -0.425596 2.155986 
7873545733264332121.mp3 :-62.687768 78.532325 4.890483 29.044469 -9.382466 5.743961 5.065254 -1.947182 -2.909699 -5.541238 -7.084950 1.681431 -4.153942 3.420976 -6.250574 3.883146 -8.091816 2.583919 -6.400909 1.667524 -2.814018 2.203962 -2.463467 0.268646 -4.312891 1.643554 -4.627414 -2.489739 -0.349868 4.632346 -1.910644 -0.817304 -1.716051 3.085455 -3.083252 1.698928 -2.067767 0.168335 -5.795787 -2.479355 
7884098231308679083.mp3 :-189.876396 100.917652 13.968169 31.832795 7.297095 2.759391 1.340571 4.227562 -14.732172 7.629139 -6.652011 0.946045 1.013362 -1.128570 -5.658887 2.887034 -5.754107 0.469991 -7.450175 2.252649 -4.963200 -1.277736 -9.186460 2.776602 -2.485535 3.707788 1.572416 6.376255 -2.985946 -2.069843 -6.816423 2.385975 0.369393 1.021285 -2.893922 -0.130918 -1.775829 -0.876614 -0.607532 2.413696 
7889474628010695034.mp3 :-194.557813 94.598979 19.834781 31.453921 5.752055 3.828697 -3.851345 2.206484 -10.308225 3.696992 -8.338939 -2.367483 -3.271996 -5.262986 -6.150282 -4.112072 -8.839012 -4.432999 -8.836466 -4.432358 -9.711738 -1.541199 -5.748877 1.522678 -5.477151 -1.336214 -5.738106 -0.779978 -6.385734 0.165713 -2.344919 2.481283 -2.556056 -0.171279 -4.276139 -1.026373 -5.529695 -1.839959 -1.620884 0.770965 
7848546846537100831.mp3 :-68.210604 70.301968 -8.031850 23.638407 8.571914 8.898592 6.805037 0.635825 2.639008 7.285509 -3.108476 6.406742 -0.635272 5.038256 -3.558421 5.561676 2.301530 5.770245 -0.478442 1.596858 -3.551444 2.245165 -2.287407 1.356109 -5.054962 0.327704 -4.507224 2.825176 -3.126386 -0.672517 -2.005563 3.084134 -0.857594 2.329525 -2.940411 0.663631 -4.941523 1.543691 -2.847991 0.350134 
783885310340129845.mp3 :-68.893423 94.508180 5.782402 28.471410 -3.366088 3.436440 4.910553 -0.473248 -2.357765 6.986090 -6.894801 0.995005 -0.585021 -0.334997 1.219308 5.741084 -1.013208 4.896283 0.011047 1.474249 -0.565290 5.491177 0.727089 3.784083 -3.829289 1.616589 -2.171270 4.989760 -0.092573 1.696015 -3.585694 2.564767 0.840487 4.092327 -4.085094 -0.555627 -4.642134 -1.639135 -4.892397 2.338861 
7857496132817238671.mp3 :-147.419702 126.575339 25.818434 20.985735 7.053420 -4.658364 -3.422854 -4.717309 -19.637828 0.056793 -14.064923 -9.269144 -9.803894 -6.620318 -9.971894 -1.489573 -7.234378 1.632589 0.180598 1.068135 -6.856091 -8.273246 -6.258508 -2.183778 -3.453336 3.738833 1.884672 5.688660 1.067573 -0.252697 -3.674059 4.509396 2.837516 1.095864 -2.699927 1.121426 -0.913524 3.239152 -2.607815 1.896633 
7884185100253185564.mp3 :-69.586365 100.354458 10.106194 28.865967 1.961988 12.215915 -2.127038 2.431538 -10.238783 -1.347295 -5.732391 -2.218648 -4.320120 1.508957 -1.150193 0.337221 -5.864967 -0.389845 -1.879457 1.672012 -3.449601 -0.182941 -5.501403 2.439899 -2.537290 4.781674 -1.229778 3.388194 -2.690738 1.797881 -2.597360 -0.933484 -2.595383 1.653943 -1.730080 1.511266 -2.074234 2.115654 -3.141668 -0.854015 
7875472219229889346.mp3 :-174.294147 93.510825 22.594202 34.576713 3.773639 3.599192 -2.256443 1.845214 -12.337637 5.180600 -7.204744 -0.286501 -1.350810 -4.024684 -4.710615 -0.325768 -6.445434 -3.818211 -7.896100 -4.315536 -10.105688 -4.791674 -5.652802 -0.733600 -5.614600 -3.073163 -6.000616 -2.569264 -3.906736 1.360444 -2.827621 -0.362871 -1.514977 5.743663 0.017375 3.378716 -2.702325 0.721912 -4.360548 -4.125912 
7868225253897862993.mp3 :-65.333273 89.561284 0.397077 20.051620 -0.503425 9.063616 9.043397 3.530722 -1.663431 7.697958 -5.874422 6.356271 0.955293 4.771271 -3.482484 -0.688494 -7.284201 7.406990 2.674185 1.683795 -9.634404 -4.277070 -1.184748 6.739641 -1.174585 2.628292 -1.605917 -2.746938 -12.151311 -7.000196 -0.787717 5.387193 -6.042355 -1.435355 -2.926797 3.048201 -1.692480 2.923894 0.279979 1.492756 
7858541713149778704.mp3 :-138.630970 113.399554 10.856987 28.250383 3.090886 7.688349 2.020455 0.682713 -5.944478 5.307589 -7.162799 -2.489138 -3.270375 2.445970 -4.865553 0.093005 -2.494692 1.908813 2.037202 5.917882 -1.832324 0.385147 -0.889367 1.160292 -0.057263 3.797440 -3.280162 1.526223 -4.223656 -5.881326 -5.102778 4.123171 -1.024878 1.882874 -4.031695 -0.791715 -2.192794 1.131558 -1.716931 -0.964739 
7864117613732668692.mp3 :-114.189932 91.083316 -17.814980 11.357859 -16.433449 -10.884630 1.946064 -14.922711 -7.828956 -3.349676 -15.797845 4.679263 -2.774400 -1.450292 -1.129058 -0.979322 -1.263904 5.517572 -5.196985 -5.144355 -11.091842 0.236774 6.118320 8.613806 -1.010070 -0.204333 -7.416866 0.704428 -4.520538 -1.807157 -5.906194 3.816038 4.808456 8.976760 1.750850 1.068229 -5.107225 -4.933453 -6.188135 -1.847089 
7853829098081708907.mp3 :-162.442720 65.235464 -20.381950 1.484172 2.904243 15.596138 -0.056415 7.739304 1.527933 13.917955 3.258323 5.135272 -2.665757 6.858842 3.713754 6.639103 -0.433653 5.382803 2.295599 7.697861 -0.465005 -0.373628 -5.116044 1.222516 -3.496860 1.161283 -2.329314 2.876927 -1.880126 -0.064123 -2.582650 3.539266 0.188918 2.519351 -2.212678 1.650435 -0.634990 2.644097 -2.144983 2.001772 
7848230227052890801.mp3 :-443.573649 142.343698 50.909212 37.081132 25.699041 12.957681 0.689101 -3.082867 -7.731936 -3.203117 -7.906619 -9.878879 -10.679800 -12.356966 -8.109855 -8.036059 -8.589986 -5.340204 -8.537783 -5.966770 -7.926753 -6.674986 -4.106767 -3.886299 -1.472172 -3.695832 -8.706700 -9.632323 -8.807509 -5.714583 -5.659930 -5.856619 -9.551267 -4.746676 -0.933362 0.221888 -1.936414 -0.788800 1.786409 -0.706246 
7895366413935870474.mp3 :-14.189430 82.231424 -15.277739 17.279773 4.256116 11.655618 -2.256676 6.097374 -4.470497 4.963057 -2.697728 4.693658 -2.694190 3.477438 -4.025810 0.853476 -5.167891 0.032395 -1.891849 -0.247130 -3.485970 2.842901 -3.967354 2.397354 -5.209445 -1.131828 -3.973517 -1.698314 -2.206297 2.307323 -6.293231 -3.303957 -4.101485 1.911562 -1.354857 1.023898 -3.391548 -1.086813 -5.066084 -1.072939 
7876665352405406329.mp3 :-123.683728 60.046633 3.713942 13.832408 13.863767 -0.361184 8.695096 -1.165024 -1.230039 5.459783 -7.407611 0.262155 -7.264809 -2.062298 -4.908442 0.738834 -3.026519 6.244889 -1.421317 1.543862 -6.182055 1.627852 -2.367812 1.865816 -5.589252 3.427403 -8.409987 0.208588 -7.212768 1.453759 0.491881 4.221208 -3.463636 -0.672235 -3.095054 -0.019024 -3.768448 1.082897 -3.128653 -0.248527 
7840906428266743664.mp3 :-76.417435 84.982189 -7.099948 23.017025 1.538801 -2.495808 -3.867595 -0.844772 -12.362630 5.631020 -8.643230 1.781829 -5.347306 -2.238604 -6.278749 1.900958 -5.928181 4.623706 -6.543918 -3.823168 -4.218255 2.057483 -2.760528 5.766021 -4.284983 -1.357700 -5.077808 -4.748659 -7.797010 0.801951 -1.539379 1.781945 -1.798755 -0.810180 -2.357984 1.048991 -4.564642 1.391215 -3.795299 -0.969012 
7884680486018750054.mp3 :-110.419944 94.812465 18.959109 28.733269 10.635159 8.219827 0.042170 16.038714 -12.846758 4.675196 -4.291839 -4.123343 0.380468 -0.065460 -7.099047 1.729189 -9.105378 -2.190352 -1.963263 -2.523061 -7.693195 -1.730047 -3.393529 3.631468 -3.091686 2.878477 -6.661684 2.007827 -2.470712 -3.155917 -3.162942 -2.989481 -0.047091 3.653053 -1.508691 2.076949 -5.688960 0.874691 -2.877034 2.330855 
7890221877732851933.mp3 :-75.348405 85.665196 15.175488 31.340576 7.698377 9.789755 12.353696 3.879628 -0.220921 10.536893 -5.335528 6.331998 -1.214997 3.101372 2.359897 4.748546 0.037077 6.289364 -2.251424 3.869485 -1.830891 3.922996 -0.382315 2.429765 -0.560686 4.758271 -2.036128 3.774465 -2.897648 1.610696 0.741163 6.655001 -1.839619 -1.798276 -5.345341 -1.804645 -2.473042 0.587214 -2.406085 1.970920 
7836384460708673901.mp3 :-137.633072 122.251907 11.456776 19.188167 2.136005 -1.085137 -10.153183 -0.863667 -16.491974 -5.465361 -3.727611 -1.838621 -4.403824 -3.091526 -6.072179 -4.536860 -14.853309 -1.943965 -2.251205 0.094515 -3.405722 4.801665 -1.400560 -0.452098 -6.012354 -3.830140 -6.725108 -1.713979 -9.805191 -1.757859 -0.341623 4.594309 -2.895471 -3.299682 -5.120425 -1.407335 -4.763504 -0.389339 -5.798568 1.914343 
7894732600752420415.mp3 :-110.360543 130.021202 -1.495509 23.606651 1.149043 -7.719600 -11.206787 -1.313646 -19.819652 -9.707726 -6.788315 -12.082219 -8.756181 -6.803605 -9.382357 -1.605068 -11.522606 -2.520345 -1.703945 -4.126376 -7.236795 -2.389167 -10.174543 -3.111205 -4.158177 1.727272 -6.120222 1.415275 -5.785598 1.806508 -0.814773 0.648866 -6.927009 -0.461401 -5.690076 1.944173 2.531484 2.781096 -0.495253 -0.956196 
7891101650156261076.mp3 :-114.008268 111.621656 9.119090 36.207119 0.436912 13.756563 9.639477 -2.239090 4.446929 -1.342294 -2.350709 0.256153 -2.075465 0.323274 -1.169735 3.987704 -2.893601 3.792749 -4.444965 4.654993 0.205441 -0.256200 -7.423471 -2.465365 -4.829810 1.642343 -1.942311 2.700294 -5.392730 -2.306865 -3.243264 -1.529806 -4.443908 -2.325259 -5.789057 -0.283029 -3.791284 -0.151899 -1.348523 4.656299 
7870073262886841637.mp3 :-188.023341 100.116577 9.406605 28.981612 4.756670 3.849484 -0.176166 2.906612 -10.917194 4.925375 -7.925238 -0.322077 -3.740609 -3.963286 -3.479451 1.005956 -9.439470 -0.009622 -6.358260 -0.852749 -6.145427 -2.933816 -10.657195 -2.454452 -6.391395 -0.497278 0.094908 2.530264 -7.228568 -1.862655 -1.499949 1.224186 0.632754 2.004755 -3.836647 0.952312 -2.163994 4.223756 0.726417 1.453237 
7893449201904766685.mp3 :-106.862679 92.498799 20.662164 15.844537 -3.732178 7.833228 3.065323 -3.107190 -5.541463 0.949575 -5.402147 1.947268 -7.341993 -4.695856 -4.677217 -4.355289 -7.822812 0.414884 -6.675323 1.410456 -4.588653 -2.355171 -6.045155 1.741279 -8.049458 -0.265411 -8.623343 0.731946 -0.936675 3.945035 -3.902477 -4.594169 -6.669430 -0.681000 -3.494140 0.251425 -3.467060 -0.165616 -3.619121 -3.867940 
7848179214455105657.mp3 :-89.374429 94.492501 19.595477 31.227564 6.672405 4.983298 -6.521152 10.174299 -13.949429 4.167531 -1.232731 -4.292185 -3.064899 -1.691535 -2.857710 -0.663902 -5.819446 -2.119001 -6.665533 -0.174458 -7.096861 1.152392 -7.098263 -2.063867 -6.407598 -4.092037 -6.167280 2.260534 -2.470331 3.825804 -2.409476 -0.634041 -3.782798 1.779926 -0.861786 0.859783 -3.120371 -0.437181 -5.729561 1.967760 
7863135605116466942.mp3 :-181.062190 112.347714 29.231651 25.498339 18.127675 6.025539 5.413369 1.610546 -10.157818 4.764737 -14.232743 2.250392 -6.493957 -2.080794 -7.375934 -4.056971 -3.986183 0.166705 -6.250421 -4.910496 -5.269459 -3.898530 -4.401223 -0.150542 -2.919459 0.616528 -4.384315 -2.384904 -5.516204 -0.064579 -0.218323 1.257538 -5.623480 -4.267577 -6.018233 -1.473984 -3.901054 0.467222 -4.678671 -2.321722 
7880459462930765678.mp3 :-64.842727 74.620979 18.763918 26.436092 8.571024 8.820576 0.276798 6.772452 -2.701345 6.205639 0.783042 5.673390 -0.451680 3.514476 -0.905297 3.682051 -3.339177 2.196932 -2.580931 1.290674 -2.541552 2.172566 -2.205336 2.400626 -2.956651 2.298698 -0.244196 4.376688 -0.985164 2.277477 -2.637774 3.337805 -0.427116 2.533453 -2.638656 0.159821 -4.069459 -0.242489 -3.631245 -0.386696 
7842530311311314848.mp3 :-184.112000 76.884447 -41.477606 19.886089 -12.112176 -2.183015 -4.234729 0.638759 -15.606385 1.387359 -9.122877 -2.372249 -7.872990 -0.646434 -8.145091 -3.259269 -8.372854 -1.109196 -7.879240 -1.599766 -1.938314 5.145885 1.086354 6.111563 -2.654474 0.302472 -4.994094 -0.792362 -2.071798 1.160803 -0.592818 6.078626 1.470363 1.988286 -4.671478 -3.886274 -6.211650 -0.127623 -1.705322 -0.552029 
7877891534198343318.mp3 :-129.489992 103.101456 0.093115 24.592807 0.128465 6.832964 -1.707820 1.739159 -4.519224 -1.773629 -3.365437 -1.318821 -1.943844 2.969340 -3.649151 2.955427 -6.944215 4.786856 -7.704808 -3.426160 -2.029552 -0.601796 -3.521988 1.537387 -4.018326 -0.447392 -2.409474 2.591535 -3.067930 3.689714 1.854715 5.693359 1.387649 1.536740 -4.232560 -1.372759 -4.531653 -0.494662 -1.256032 2.417160 
7848095584163902459.mp3 :-82.463965 93.638409 24.548897 21.631775 13.049093 1.321950 9.343852 10.098967 -7.047173 5.482361 6.896941 1.250634 1.942333 4.497123 -8.255450 2.469527 -3.722301 1.361548 -1.420269 1.673589 -4.969601 -1.775272 -4.623949 0.539705 -1.782909 6.470904 -0.301540 3.192914 -3.896387 3.185767 -0.994696 0.790699 -4.857908 -1.282756 -2.537836 1.597349 -2.547701 1.796698 -2.503208 0.418749 
7843630535759827606.mp3 :-170.833295 116.446621 -7.636106 32.849999 10.816196 8.792563 -1.780326 0.753728 -1.965773 -4.036802 -8.666088 -1.192381 -9.739919 -2.963586 -6.624235 -4.821500 -2.791865 1.844764 -4.143344 2.382140 -3.403226 -2.304577 -7.879013 -0.696566 -8.088010 -3.252915 -5.845133 -2.152799 -5.638385 0.760595 0.897547 2.184236 -5.192433 -3.973955 -4.735539 -1.577794 -2.570982 2.054351 0.345121 1.269160 
7838365446265963635.mp3 :-118.551997 31.715705 16.584865 46.762849 4.872217 15.531084 -0.587220 7.902375 -4.133458 5.883806 -4.652276 3.337622 -6.253491 -1.157349 -2.159859 -2.646047 -8.057090 -1.611544 -8.458025 1.710329 -2.978635 3.464641 -2.548714 1.791222 -7.682309 -0.061574 -5.802151 -0.762687 -3.688892 2.387795 -2.215989 0.249769 -6.359175 -1.482451 -6.457168 -1.188480 -5.527247 -0.218939 0.059414 3.262991 
7853395339572941373.mp3 :-32.626120 64.101461 14.978181 21.462178 7.922720 10.503167 2.190915 10.336915 -0.051741 8.970817 2.040982 8.244767 2.445342 7.899947 0.153662 5.714503 -3.365939 4.283701 -2.202856 1.179578 -3.472303 2.316396 -1.671086 4.136812 -0.879489 4.951610 -0.618706 3.416089 -0.667043 5.367595 -0.426740 1.827931 -3.260162 1.898537 -2.719629 2.019961 -2.616732 1.748043 -3.406235 0.245209 
7857726727562515174.mp3 :-190.391064 103.172608 8.223013 17.500113 8.978426 5.140895 3.294340 1.959408 -5.189770 6.093395 -6.134701 1.533109 -7.350025 2.947128 -5.051970 -0.747258 -5.016569 1.841624 -4.660269 4.615386 -0.013727 4.984117 -1.495754 -0.721309 -6.344169 1.078395 0.020666 2.796614 -1.347506 4.634690 1.654618 0.346006 -5.566421 -3.372934 -3.978649 -1.843933 -3.004589 1.715203 -0.652274 2.580976 
7867051624534424731.mp3 :-91.757623 90.642363 8.407901 26.822453 7.615757 0.570021 1.750948 11.409994 -13.085250 7.030130 -8.383884 -1.734823 -3.851918 1.721858 -9.016911 -0.382342 -11.072989 -1.365949 -3.706351 -0.393523 -4.663003 -1.702068 -4.195629 1.343056 -1.841698 1.404714 -1.751441 2.742554 -4.015443 -0.675711 -4.604646 3.736020 1.293127 5.455129 -2.614891 0.938628 -1.762149 -1.788835 -4.734932 0.793031 
7892191540399522310.mp3 :-84.032838 72.549261 -14.960788 33.999597 -9.445590 4.138337 -1.458900 -2.976287 1.725587 -3.192383 -3.114927 -2.289200 -4.738509 2.593168 -3.624729 3.408483 -6.635292 1.623184 -5.352466 0.747873 -1.411632 4.753502 -1.564305 4.988079 -1.677669 2.723311 -4.925171 -2.674739 -3.980391 5.284598 1.169151 -2.096035 -8.115869 -3.950163 -4.649248 1.048677 -3.734336 0.519987 -3.891766 -0.171741 
7882287409907794888.mp3 :-112.848327 125.325460 0.004178 27.819698 6.543482 9.848430 -2.159343 9.148310 -8.043822 6.691369 -2.045206 -0.206033 1.102974 0.035209 -2.504658 -0.353794 -2.226296 -0.374674 -1.177086 2.808760 -0.989848 3.247670 -2.360170 2.894289 -2.690441 2.183165 -2.565483 1.380597 -2.215970 2.381004 -5.797424 -2.761935 -2.984408 0.732351 -4.053280 -0.865217 -2.748353 -0.115175 -4.944214 -0.760034 
