7977149419783820581.mp3 :-124.499280 92.042572 26.691415 24.503695 9.122856 17.072689 2.572000 13.665218 2.088509 6.183375 1.226083 3.751347 1.145881 3.082941 -0.866862 1.083813 -4.220928 0.346520 -3.867509 -1.407300 -3.869956 3.028020 -4.627982 -1.033774 -7.203802 0.211987 -5.869504 1.652066 -1.901037 1.393885 -5.784025 -1.591115 -3.424449 -1.567460 -4.616523 -2.747265 -5.256292 -3.322476 -2.317063 1.933491 
795266123710771903.mp3 :-216.970074 95.931466 -1.305779 7.524451 -7.272889 1.451156 7.062521 14.249704 -6.961476 2.323567 -6.693606 -5.836512 -5.016015 5.736550 -1.572592 0.857946 -3.265404 -1.084699 -8.426941 -5.293548 2.779406 6.285738 -2.828676 2.454373 -6.369088 -1.652185 -4.987068 1.468414 2.201240 7.823831 -3.891019 3.423611 0.815758 1.428587 -1.840018 -2.148056 -6.897209 -2.019345 -3.332877 7.174885 
7937809300029318803.mp3 :-52.667132 61.561112 -7.923944 49.649486 22.920109 2.191211 8.711106 18.855990 -16.929067 6.923917 6.568370 5.432595 -2.554861 8.011473 -1.987695 0.330009 -5.953753 2.915489 -1.816626 1.102359 -3.606857 -1.228488 -6.120254 0.666365 -3.513945 4.995210 -0.991649 2.244870 -1.603785 -1.871097 -8.829688 1.323689 -0.538241 2.464786 -2.049763 0.488862 -3.218907 0.505065 -2.238279 0.817503 
7912731941578332423.mp3 :-79.439414 102.434877 40.804565 -23.147522 10.827675 2.605302 21.614791 11.798683 9.876655 15.702520 5.098562 7.825499 1.756489 3.530366 1.617686 0.937516 -1.114731 5.848757 -1.671750 5.711176 -3.668567 1.985346 0.288398 9.141113 -1.817686 6.790079 -7.023170 -0.808150 -5.033775 0.941779 -2.845360 -0.561316 -4.914767 -0.523387 -1.875643 2.974851 -1.904466 0.680118 -4.466264 -2.007894 
7925447487379749027.mp3 :-60.506302 85.944041 6.906186 28.281528 0.989145 15.274442 -6.171063 10.119486 -7.256719 8.392893 -2.023814 4.978864 -0.770682 3.471131 -1.221764 0.584104 -3.805424 3.260156 -2.229390 1.862963 -5.625203 -1.705475 -3.365312 5.988363 -1.025205 2.749585 -2.705118 -1.788252 -0.967506 3.027979 -2.886426 -0.474872 -3.396814 3.146531 1.037290 3.423728 -0.650820 1.585154 -6.759786 -0.850716 
7981283182821162700.mp3 :-176.358211 96.913678 -8.847190 7.129352 -0.462134 -13.667192 3.612662 -11.237138 -13.102740 -6.550944 -16.719041 -9.855368 -14.802763 -8.068921 -15.085941 -7.129279 -7.753890 -0.686296 -8.354407 -2.538034 -8.645826 -2.890474 -3.591042 1.095136 -3.810359 4.474920 -12.763101 -3.551597 -6.428621 3.379966 1.084393 4.799763 -2.211677 -0.620499 -0.033045 0.333686 -4.075361 -0.370872 -7.023879 -0.817832 
7909689462905310896.mp3 :-181.654513 87.563877 8.921113 6.861079 -8.553231 -10.366976 -6.239466 -4.725575 -20.152894 -2.146578 -26.234914 -11.123139 -13.102855 -13.488206 -16.218189 -5.597513 -7.461008 -6.574442 -5.171547 -0.194217 8.180929 7.955003 1.741991 -0.870622 -9.180628 0.065123 -5.560134 2.684946 0.094934 8.339466 5.732134 10.006302 -0.533085 -2.386342 -7.696611 -1.587646 -2.278904 5.362709 0.023745 2.206490 
7942753479626701939.mp3 :-86.645553 89.105951 16.127170 25.782926 6.519886 11.545703 4.721983 7.746449 -6.024221 6.234323 0.336906 2.921652 -1.012946 1.654842 -3.223904 2.188393 -1.925263 0.741114 -6.877695 -0.331511 -3.306758 0.628059 -2.959586 1.909856 -3.386893 1.423670 -2.983028 5.046665 -3.272206 1.609851 -0.379391 3.370014 -0.992267 1.035638 -5.905683 -2.169039 -4.620202 -1.334833 -3.154261 2.446696 
7897975832486160900.mp3 :-111.874635 109.634791 4.669159 11.843260 -7.111694 -1.232805 -4.873179 -1.995204 -13.448517 3.311568 -10.569952 0.251087 -4.347326 -3.657457 -5.072855 -2.026236 -8.460474 2.360727 -10.552604 -1.380196 -1.553498 -0.670294 -3.059675 -1.395852 -6.388481 -0.589866 -2.494059 0.330457 -2.286642 -2.328849 -1.023564 7.909040 1.846162 2.519030 -4.538235 -3.417085 -5.765035 -0.582757 -2.107178 0.391944 
7943483146797762274.mp3 :-165.106505 112.545353 17.783949 27.031453 9.816830 13.783499 -2.411329 4.347945 -5.537154 2.623023 -2.722630 -1.445658 -8.482124 -5.032210 -4.617640 -0.755041 -6.787116 -1.938589 -5.578267 -5.370081 -7.823020 -2.615661 -8.152301 -1.988796 -4.764295 0.697042 -5.143789 -3.760195 -7.957339 -1.114530 -0.504484 2.766800 -3.707576 -1.787513 -4.073055 0.503443 -3.589634 1.463318 -1.402289 1.924231 
7922398902082060563.mp3 :-75.235276 30.139886 53.172134 5.848960 1.065738 28.112850 -4.851684 10.026601 -4.822865 7.779336 -3.651491 1.147002 -3.325596 -0.614610 -10.378276 3.686817 -8.078402 -0.271496 -4.692392 -2.350787 -11.087861 -0.657990 -5.124203 3.370058 -4.980087 -1.378044 -3.577256 -1.747826 -7.888444 0.002735 -1.048091 6.497085 -3.078831 1.444624 -2.696314 -1.351882 -5.064809 -0.658954 -4.152049 -0.040015 
7973024433561338121.mp3 :-171.885938 106.217484 3.718312 17.650109 0.327589 2.555144 -1.687969 5.523774 -9.310479 1.973595 -2.234732 -6.497510 -7.746106 -2.502751 -5.785315 -0.147030 -8.506266 -2.147589 -7.179440 -1.787655 -0.565576 3.800488 -5.733089 0.008429 -1.808014 -0.839226 -0.162426 5.013325 -2.857285 2.703360 -3.766386 0.652523 -0.952858 0.647812 -3.983710 -1.861525 -2.479320 -1.491531 -2.782097 -1.083287 
7954440317670524072.mp3 :-104.063822 100.016265 14.032272 29.928307 14.110147 7.347618 -3.276507 11.961763 -14.635711 0.114207 -1.111353 -8.109142 -2.337317 -3.132718 -3.990933 -1.184979 -4.620922 -4.151280 -3.629740 0.421508 -8.059433 0.461419 -8.470261 0.745995 -4.608218 2.718435 -5.168951 2.044204 -2.096884 1.081902 -4.812667 -6.636479 -9.860724 -3.354436 -3.779919 3.373874 -0.170982 0.222011 -4.391725 0.234311 
789697375984244322.mp3 :-153.326381 70.010010 -5.132766 22.858450 4.690933 3.048427 1.100270 5.838448 -10.457063 0.764710 -8.056118 -5.064121 -10.469826 -5.074525 -11.165503 -4.775366 -8.047751 -4.005297 -8.172666 -2.882682 -5.849072 -4.741048 -10.594170 -5.971327 -10.138606 -3.606498 -5.871922 1.653804 -0.065491 3.442389 -3.760238 -0.762906 -3.416207 0.510518 -3.799730 -1.715822 -4.012911 -1.075832 -4.756650 0.834755 
7936930803529328818.mp3 :-68.074727 71.642939 5.693222 31.657181 2.263259 13.246200 -0.968160 14.338235 -8.225354 5.540428 -0.327821 2.907861 -3.083542 -1.499186 -5.219199 2.681246 -4.814940 -1.892681 -5.880633 -0.756337 -7.837231 1.920509 -5.814018 0.131898 -8.329796 -0.925012 -7.916088 -2.036238 -4.522364 3.557719 0.885426 -0.216697 -5.257526 0.596616 -2.796713 1.241896 -3.611363 0.216676 -5.443157 -3.124564 
7940578519822336026.mp3 :-60.965251 65.893807 10.489853 24.914667 -0.370680 9.482629 1.155643 3.326935 -7.791525 3.485935 -5.253558 1.643949 -2.945626 3.754096 -3.868786 2.383077 -2.044957 5.440881 -0.995310 3.758996 -2.164718 6.816346 1.670517 2.740542 -3.712633 2.675031 -2.470475 4.372542 1.839253 1.649755 -4.489087 2.879484 -1.713232 3.628757 -2.881098 -0.322994 -4.021046 0.145600 -6.197156 1.265424 
7950329302978666075.mp3 :-52.122452 53.377900 -2.200193 37.353586 12.603232 -4.778889 10.113613 18.109929 -8.442692 1.929860 -1.740676 7.127482 -3.449338 10.352484 0.231195 3.482581 -5.409777 1.400816 -2.095942 3.085592 -6.283200 0.652911 -2.069173 2.545477 -1.988954 6.726432 -3.111197 2.882393 -1.719547 -0.409682 -7.838377 -0.171512 -2.454524 2.805104 0.148009 3.738312 0.251868 3.726137 -3.466088 0.850736 
7910567776513096910.mp3 :-125.367050 115.844956 19.241473 29.846834 1.680945 12.108418 3.416153 4.854213 -3.889673 9.271206 -7.384908 0.919938 -1.298972 -0.397921 0.138590 3.671047 -1.349891 6.039274 0.314019 4.893933 -0.005765 3.632583 2.567747 0.996062 -6.384270 -1.693030 -4.957041 4.239735 -4.304076 -3.864988 -1.824998 5.702994 0.739610 1.486386 -6.532489 -5.447490 -7.400674 -1.128737 -5.115582 -0.915344 
7910073468089994950.mp3 :-190.662773 58.578000 4.522199 -11.147436 2.272499 -5.908264 -5.609205 -5.110133 -17.682921 3.110906 -11.508532 1.988592 -8.915078 -1.013141 -6.766979 -2.694677 -12.023861 -1.020487 -0.229976 2.713513 -9.790228 -5.253918 -6.065002 3.004573 -1.651830 6.121461 -2.385186 0.803284 0.062112 1.520874 -17.834015 -3.095489 -0.975752 3.106645 2.691369 3.506199 -4.538691 -4.037661 -1.987354 6.218401 
7921513197625922166.mp3 :-121.599778 95.444794 2.885226 27.417227 3.466902 5.563664 5.424459 2.321750 -2.771627 1.736676 -10.017716 -0.265466 -7.128741 -1.105182 -5.511796 2.702721 -2.703985 7.501091 1.855638 3.474564 -2.581992 -2.067037 -5.574292 -0.137164 -0.294405 3.380698 -0.739951 2.395072 -6.096327 -0.710290 -0.958778 2.402708 -3.904736 0.327516 -2.864416 3.130037 -0.607539 2.782791 -1.772709 -0.642145 
7895406821306071860.mp3 :-123.845298 96.370670 20.024357 39.942672 4.612836 14.914024 9.432032 4.776591 -3.749608 7.662772 -0.870276 1.576948 2.126396 1.954746 -6.259454 4.096907 -5.729727 3.176536 -4.386203 6.719739 1.851647 4.163794 0.153622 4.078131 0.464859 4.799767 -0.826438 2.898258 -3.475937 -0.620999 -1.367969 5.315353 0.085672 -0.769971 -3.482369 1.557893 -1.938110 1.503715 -0.843000 3.895678 
790225042412014932.mp3 :-134.066783 115.693800 6.425869 25.063994 4.074423 3.134275 2.979060 4.149214 -5.708436 6.928092 -8.240426 1.220967 -6.288259 -2.359418 -5.561206 0.065244 -3.651387 4.249425 -3.883276 -0.205127 -6.208546 -2.605890 -0.228274 3.502325 -2.058498 2.304342 -3.590511 -1.765322 -6.814659 -5.185431 -4.023036 5.162322 0.380704 2.788133 -2.986183 -0.173823 -2.518052 1.615344 -1.399685 0.039914 
7915682604151917344.mp3 :-194.862896 117.464875 12.540488 15.351326 1.388970 8.104684 -4.753040 2.422184 -15.836303 1.360001 -12.184593 -10.277273 -7.497487 -8.895348 -3.198480 -4.952087 -8.059497 -0.862052 -3.821340 -2.527456 -5.324833 -3.264241 -6.727895 -3.624405 -4.713986 -3.119098 -4.537044 -0.052829 -3.150421 -0.775809 -5.173193 -3.540534 -4.180213 1.330512 -1.648837 1.737343 -1.297784 -0.176759 -2.434853 1.767224 
7954641987167255607.mp3 :-52.791329 57.109946 4.280412 19.057178 3.171487 13.866855 0.796303 2.116434 -3.853113 8.891504 -13.140865 2.213027 -7.273359 3.196972 -4.635950 -0.172209 -5.300991 1.144927 -3.317900 -4.076785 -1.319727 -1.101954 -1.190253 -1.393802 -6.127875 0.880229 -2.247184 4.449209 -1.003581 0.263717 -6.383381 4.561659 -0.443705 3.630958 -4.303152 -3.282178 -5.278404 1.799586 -3.337107 -0.852617 
7978276120021130698.mp3 :-150.579513 88.126957 5.639407 23.636112 4.900181 3.345626 0.252652 -2.016394 -13.565130 2.491710 -10.706582 -2.454497 -8.211978 -2.532070 -6.779051 -1.291194 -5.271081 -2.566452 -10.982626 -2.864644 -8.572242 0.140674 -3.579798 -1.773243 -7.878663 -1.336050 -2.405769 5.372782 2.635609 0.877729 -1.208195 6.109804 2.434181 -0.065053 -8.837053 -4.431560 -8.871942 -2.434864 -2.258225 1.630955 
7900722565372591721.mp3 :-68.820023 79.973479 9.164247 19.099464 1.052709 6.130339 4.679372 -1.348187 0.897409 2.967408 -6.094928 1.731089 -4.671212 0.535492 -2.570606 1.454718 -4.949269 5.537621 -4.562787 4.082930 -3.424440 -3.006598 -8.233779 0.664468 0.093329 3.858044 -1.929460 1.692852 -6.002705 -2.035584 -4.013145 0.712240 -2.820664 0.793168 -4.457025 1.226206 -1.972088 2.878754 0.376290 0.775730 
7971690873254323929.mp3 :-116.371106 117.465110 -3.463930 22.420152 -15.540578 2.083065 -9.303725 -4.306882 -3.727658 -10.009484 -6.022228 -5.840051 -9.505170 -3.804121 -4.381056 -4.794892 -2.502258 0.606362 -5.707322 0.534856 -1.543370 3.526901 -1.547188 1.699085 -4.804082 -0.403405 -2.848942 0.675575 0.760669 -1.940452 -2.666067 3.545748 1.073350 2.555696 -3.012398 -1.270096 -5.267986 -0.727142 -1.096573 -1.098688 
7958274081220809950.mp3 :-103.689832 104.440767 11.759820 16.913481 -1.403604 4.425133 -0.026652 -3.676308 -5.225105 0.872840 -7.534014 -1.431975 -4.788335 -0.885345 -4.477357 1.990359 -2.650884 4.372913 -4.098821 2.232990 -1.177267 3.153198 -5.790045 -3.876684 -10.250514 0.457346 -3.078244 6.589627 5.026198 3.499289 -2.472488 1.824013 -3.274344 -0.343828 -4.623186 -3.155153 -6.537590 -1.636990 -4.793216 -0.458971 
7981154652432173182.mp3 :-130.429385 110.561397 9.814271 28.895000 2.060863 -2.037325 7.911808 2.063777 -15.392502 7.493364 -17.665926 -1.313052 -6.258872 2.763952 -8.276519 3.279291 -10.514421 1.671393 -1.877686 1.494312 -3.272228 -0.451880 -5.593735 1.739341 0.926573 2.424528 -3.849311 -0.067230 -0.709668 4.197386 -5.124307 -3.462361 -8.671075 1.639555 -0.298378 5.639328 0.309940 1.842645 -4.017868 -0.309896 
7981577956445089956.mp3 :-187.747292 98.889358 22.584322 8.024824 -1.414760 2.739768 -0.063825 0.225446 -5.305801 3.785944 -10.113967 -1.909910 -11.348780 0.319273 -5.893741 -0.211173 -3.462123 3.452061 -1.969159 2.126561 -8.928002 -1.763126 -3.866487 1.728662 -1.110490 0.993030 -6.281147 -0.371070 -1.777012 1.889338 -3.609938 -3.047652 -2.282221 1.709323 -1.295198 1.187213 -3.514970 -0.138986 -3.866429 -3.655353 
7962563012279545273.mp3 :-160.954464 131.500797 18.704676 27.316992 5.357983 0.866766 3.210810 7.027754 -12.621093 -1.978914 -6.274085 -1.204670 -1.881543 -1.492959 -2.880727 -0.593669 -7.196963 0.674636 -4.525040 1.400352 -0.786378 0.973559 -5.938298 0.539656 -5.829843 0.260261 -2.432461 1.581123 -2.708086 3.439109 -2.968347 -3.937899 -6.030277 -1.278707 -2.454185 1.307918 -1.194456 1.785894 -3.739260 3.156571 
797105461101750100.mp3 :-106.063018 92.319193 11.511289 28.237070 6.109811 6.367690 -1.097109 6.350094 -12.783981 7.492100 -13.799559 4.836409 -4.949736 0.137131 -3.516258 0.537314 -3.870812 5.656974 -4.971289 0.940831 -7.046160 1.509262 -2.464657 2.535471 1.309751 1.197562 -0.461328 -0.377642 -1.240021 -0.218777 -3.871957 -2.368956 -2.631829 1.173429 -1.921953 0.697468 -3.358651 -1.402963 -4.954935 -1.510297 
7927616233278380295.mp3 :-225.193248 115.874893 11.387531 9.185936 4.118559 -2.032107 -8.046138 -2.097390 -11.429086 -3.654564 -7.916671 -9.048312 -7.757480 -4.898665 -7.224940 -1.267302 -8.644767 -1.918296 -7.644138 -1.568381 -3.751225 0.645178 -4.680982 0.105534 -2.715683 0.531339 -0.225199 4.555339 -2.624478 0.275951 -4.996046 0.622663 1.008410 0.882049 -5.817778 -4.255256 -5.938641 -3.947986 -2.880420 -0.245792 
7981264984369089813.mp3 :-118.146460 53.162868 7.852241 22.081489 4.638927 7.009844 3.468156 5.231803 -3.821906 11.905466 -5.866076 4.485121 -7.492325 2.418673 -8.035888 1.036948 -6.989925 3.508113 -3.079026 5.488571 -4.818407 2.297587 -2.459716 0.270257 -5.253161 0.405025 -8.079043 -2.547553 -7.532946 1.541422 -0.324779 4.943667 -2.422373 -0.316368 -2.607956 0.706814 -3.793985 -0.656458 -2.471898 3.626675 
7959045189800257383.mp3 :-149.235205 92.962420 13.209664 18.896458 -0.769834 8.225548 6.028394 6.362472 2.187001 8.568591 -3.148310 5.718932 -4.999606 0.445954 -5.854464 -0.668109 -2.440141 2.251536 -4.126891 1.017046 -6.365406 2.391099 0.016736 2.829935 -0.542302 2.500117 -3.593733 -0.108923 -3.849648 -0.775021 -0.927593 3.116699 -2.117152 2.673621 -1.885231 1.969104 -2.279752 0.042199 -2.426415 1.644637 
7977929436531858081.mp3 :-178.644060 73.031615 7.567214 29.720860 7.448325 4.124169 -1.622990 -3.732097 -8.792887 -0.488062 -6.011061 -1.613862 -6.193700 -0.908457 -4.650970 -1.120417 -3.649870 2.065028 -3.819332 0.891285 -2.659314 -5.405083 -5.199487 -1.445374 -3.735521 -1.191527 -2.159523 0.628977 -8.036713 -0.056369 -1.239177 -0.429135 -2.093147 -2.088201 -4.815418 1.056108 -1.158945 -0.792312 -1.735159 -1.159910 
7971494195986889467.mp3 :-58.146110 72.682357 -1.695209 45.824751 23.558664 6.312851 4.005515 18.258013 -13.592362 3.892661 8.205928 2.688127 -3.176478 4.313782 -6.326391 -1.470421 -2.261034 2.100337 -2.078679 1.373994 -7.203775 2.097079 -0.559083 1.959081 -3.439357 3.320793 -7.227103 -2.919229 -2.885496 2.836097 -0.562475 1.847357 -4.311114 1.533151 -0.567570 1.697049 -1.223134 1.473548 -1.788444 0.376949 
796234729382502781.mp3 :-262.109649 185.905256 -0.628508 8.965430 9.751302 2.921578 -5.497172 -3.416867 -5.861759 -6.018232 -4.929446 -4.490513 -5.658014 -2.677885 -4.209432 -2.100894 -3.468296 -3.979898 -6.102449 -3.710879 -6.035502 -4.962592 -6.186844 -5.241086 -3.952653 0.210722 -1.283022 1.531468 1.330079 -3.462727 -3.169409 -0.044025 -1.086344 -1.540589 -3.122282 -4.078058 -6.653096 -4.409537 -2.976313 -1.123638 
7963243395686257744.mp3 :-61.962129 93.589179 0.864968 22.364967 -2.090865 18.289038 -4.945075 2.758539 -2.500991 -0.547842 -5.653667 3.262847 -3.289473 0.603768 -0.078048 -0.556248 -2.591565 -0.528668 -3.180319 2.548779 -0.454424 -0.926426 -5.992699 1.811673 -4.791112 6.197479 -2.376418 -2.775483 -5.288242 2.935751 0.286610 -1.767113 -8.243810 -1.975255 -2.933613 1.001484 -0.911749 1.720001 -4.029081 -0.430854 
7926839299977251080.mp3 :-56.520750 83.937893 4.421674 16.723384 1.932399 13.360595 -1.258218 6.045187 -3.038076 6.577037 1.083553 4.098361 -2.640779 4.287272 -1.556154 2.405626 -4.345865 2.367394 -2.452907 1.606603 -1.926680 2.389871 -1.844855 5.457720 -1.114274 3.470207 -2.491350 1.951659 -1.421342 2.410906 -1.744768 3.854250 1.067622 3.540289 0.652296 2.497072 -1.691869 3.092548 -1.491803 1.605541 
7984585305925673769.mp3 :-161.862991 103.638317 -2.671872 43.961201 8.158749 6.550664 2.646042 -3.034288 -8.826307 2.705682 -5.216694 0.926203 -6.848267 -1.259291 -8.287147 2.417909 -4.166286 -1.832748 -7.786077 -0.984542 -5.260675 0.106536 -5.238024 -1.966882 -3.953735 -0.854045 -3.013673 3.158294 0.015387 0.494603 1.511457 8.168128 1.108578 -0.911428 -5.560860 -1.959735 -6.233328 -3.823969 -2.258658 4.508449 
7973152562020851199.mp3 :-118.148123 45.355106 13.899746 33.557416 7.282389 26.105465 2.658049 13.312389 1.004112 7.635624 0.154293 5.542005 -2.475466 4.597143 -0.964367 4.850443 -1.560713 2.453224 -2.760768 3.010335 -0.523420 4.541937 -1.698758 3.302368 -2.158756 2.458320 -1.519763 2.801496 -2.252644 3.896887 0.790703 1.737711 -4.685604 0.294784 -3.247777 0.136259 -2.426336 -0.412800 -4.257223 -1.594288 
7966028494860826455.mp3 :-291.589685 170.220709 13.848317 22.137570 16.844536 5.597774 -2.625206 -2.802300 -5.341207 -5.498279 -7.707314 -7.425294 -8.900256 -4.363539 -5.039925 -4.033564 -4.262861 0.804743 1.977716 1.366221 3.742128 6.368621 2.559485 0.532330 0.844091 0.737506 -0.236918 0.392725 -0.904968 0.746017 2.992475 4.431427 1.631779 -0.515992 -2.275612 -0.178262 0.190254 -1.150173 -3.939299 -0.672234 
7932481362892698760.mp3 :-182.861486 114.762418 12.870061 10.288625 -2.331383 -2.133634 -13.561979 0.377456 -20.818479 -2.566438 -15.421560 -9.430337 -10.858279 -7.155926 -2.923119 -9.509238 -7.548667 -4.812028 -8.622902 -5.074783 -7.689681 -8.262954 -5.202408 -3.916114 -6.149549 2.614702 -4.705045 2.226236 -2.531345 6.561848 3.263611 -1.579845 -2.575780 -2.230242 -5.109214 1.248809 -3.007843 1.492513 -2.383213 -1.079570 
7933724106205275973.mp3 :-226.142830 163.571499 10.026753 3.725953 2.421722 3.666447 -8.774425 -7.399270 -14.835165 2.520627 -9.390510 -3.020542 -7.385606 -9.963499 -6.483106 -7.819596 -6.294622 -3.258514 -5.702921 -3.176909 -4.246944 -7.792188 -1.215931 -3.121324 -6.664571 -2.874485 -3.342249 0.157909 -1.805532 -4.199179 -2.984509 1.495613 1.612027 0.117901 -2.547944 -1.450958 -2.948677 -4.226154 -4.822971 -5.048210 
793189893552094304.mp3 :-190.637471 116.063305 18.384830 21.048481 1.054559 -4.002360 -1.677611 -5.741245 -11.470449 -3.947181 -15.710397 -2.512187 -10.284149 -4.923595 -5.769274 -2.118327 -2.313532 1.937575 -2.269505 0.864167 -2.635589 0.715839 0.767633 -0.873373 -4.733794 -0.013987 -5.082851 -3.175197 -4.351208 -1.565376 -0.027857 3.563886 -2.571627 -1.954657 -5.285261 -3.240662 -2.828848 0.374148 -3.842020 -0.402693 
7903524117196197322.mp3 :-190.630074 122.599147 -18.118226 21.119842 3.960753 -12.182894 -0.334532 -1.718698 -24.276935 -0.509212 -9.791396 -7.040886 -6.180544 -4.943814 -8.868509 0.908064 -7.003886 -2.538130 -2.716159 -4.149134 -3.258103 0.084948 -8.055494 -5.876855 -2.098608 1.283818 -0.760390 3.687350 -3.788301 -2.962197 0.678512 3.468667 -1.648288 -1.549227 -8.056890 -2.999607 -2.171664 2.892852 -0.137162 1.402842 
79674612526142145.mp3 :-114.024589 93.910871 -17.069954 42.617378 -8.934239 7.542562 3.101249 -6.914865 -10.031638 -0.107011 -16.180556 -3.158572 -10.838796 -10.157248 -9.825998 -0.167811 -3.135399 6.606598 -3.995158 -0.206011 -14.555885 -0.348105 -4.492357 4.918525 0.195654 3.122973 -9.353845 -2.956826 -6.934371 1.848150 0.415124 -3.017268 -3.231730 -0.265198 3.243482 2.406609 -0.913574 1.028575 -4.396105 -7.005032 
7929891506261640671.mp3 :-132.510566 72.325191 6.504356 24.424449 2.217058 8.167379 -2.980610 4.202855 -12.264054 6.432410 -10.532455 1.057518 -10.146644 -2.049351 -6.818820 0.438081 -4.292742 7.117716 -6.094244 4.839435 -4.519568 -1.810408 -1.501222 0.166312 -1.877685 6.778230 0.401706 1.267848 -1.946236 -0.031762 1.913624 6.845221 -2.484724 -0.033593 -3.825748 2.744192 0.110546 3.880715 0.247789 1.433335 
7960886387017539451.mp3 :-152.998100 114.232730 26.272458 16.122241 6.202882 3.518251 0.067568 1.822011 -13.341383 6.075807 -11.505749 -0.660840 -4.631663 -3.143943 -1.381447 -2.950591 -4.123738 -4.687231 -6.633721 -3.717506 -1.958848 0.067582 -4.460212 -3.016015 -8.620190 -2.066358 -6.211103 3.511131 1.274562 3.153118 -4.625882 1.461668 -1.543701 0.729595 -5.799101 -3.254332 -5.429870 -2.232995 -4.339773 0.786716 
