5950524716063562447.mp3 :-159.487572 125.645571 17.962966 17.457063 11.873707 -4.172483 -1.817397 -0.238986 -16.162815 2.955170 -14.709929 -9.497959 -10.137399 -4.498600 -6.467542 -1.373576 -7.311913 -3.793625 -4.498537 -1.126205 -1.274898 0.261585 -2.812692 -2.162702 -4.712214 2.080704 0.542718 1.309386 -2.029261 -1.093444 -2.299624 4.690122 -2.926021 -5.140928 -5.939278 -2.399051 -4.597140 0.988816 0.678870 1.409272 
5960066518841579870.mp3 :-75.738953 89.535364 14.518997 31.988530 7.026492 8.159103 5.772315 10.260621 -6.455162 5.551404 -3.257424 1.299768 -2.824492 4.788183 -4.976189 1.941980 -3.093408 0.023271 0.358427 2.092522 -2.376983 0.976043 -5.887636 1.572163 -3.822583 0.999733 -2.045025 3.635728 2.737847 3.238351 -2.775182 0.389199 -1.934484 3.164545 -1.730393 2.280034 -1.860959 3.334987 -1.326800 2.641500 
6010226909382424879.mp3 :-66.292292 70.887887 -3.177087 23.252053 -1.400269 14.666038 -4.564347 7.333325 4.663979 2.892062 -1.625570 -1.367811 -3.515234 3.731570 -1.016277 5.129772 -0.049729 7.372687 -0.952612 0.293278 -3.838532 1.840006 -0.057970 6.384835 -2.606749 1.984423 -3.183632 -0.669766 -5.211362 3.963994 -1.085573 -2.477642 -6.369882 1.095206 -2.662924 0.960232 -3.030035 2.648800 -2.152110 -3.560369 
5979160967185146079.mp3 :-60.125767 69.979986 7.557138 29.990334 -0.648212 18.860627 1.990222 9.000769 2.872833 2.143704 -0.610377 5.416243 -0.622017 6.451340 -0.140906 7.933486 1.015639 6.197118 -2.658531 1.290288 -2.882300 3.750637 -2.534758 0.833040 -3.762031 0.809802 -2.573910 1.536705 -5.426357 1.157523 -0.070938 4.865844 -0.077474 1.890375 -3.576394 0.630560 -2.786748 1.311011 -2.257530 2.229113 
5968112558211475766.mp3 :-97.947568 77.735423 28.798985 27.487192 9.781433 9.400558 -3.322085 8.204078 -12.396641 6.309964 -6.039177 -5.633415 -3.036967 -3.135681 -1.357243 -2.570109 -4.085062 0.825578 -4.554716 1.100799 -3.742022 -4.482430 -4.537616 -2.492682 -3.837807 1.451901 -0.172753 4.634282 -3.050882 -1.262784 -4.898174 -2.552187 -1.245750 3.109336 -4.657398 -0.609834 -6.218067 0.283598 -2.857443 1.037743 
6009854634001705306.mp3 :-207.621619 70.543212 26.169561 43.885546 -1.207935 9.020565 -5.788346 4.332779 -7.648328 -2.710996 -9.343762 -5.446071 -12.244753 -5.022125 -10.010772 -3.537760 -7.742928 2.130970 -5.042443 1.197477 -4.255707 -3.607033 -5.820733 -1.027590 -5.600552 0.266842 -3.637378 -0.917343 -4.751496 2.298795 0.612966 2.390185 -3.894579 0.254430 -4.326113 1.691087 -2.377104 0.074401 -3.626900 -2.006356 
6013328892659497682.mp3 :-105.441239 101.352025 0.382067 29.571069 1.859524 6.948211 -5.010952 4.072285 -9.960526 1.829842 -8.200411 0.347423 -4.326546 -1.238410 -4.959795 -0.705538 -7.422723 -1.547568 -6.434822 -0.023159 -5.648134 -2.026583 -5.981941 -2.373526 -5.663284 -1.420248 -4.686151 1.079334 -4.264784 -2.224527 -8.134957 -0.447756 -2.524204 1.305855 -2.283055 0.026909 -3.895399 -0.334633 -3.476887 0.899619 
5967632166325787710.mp3 :-79.274198 92.587402 -2.166105 36.347710 2.007223 11.778024 -3.126483 1.899306 -1.420667 1.597727 -3.893044 2.241663 -2.103809 0.223189 -3.547422 2.417986 -5.163880 0.162743 -3.909903 1.715530 -3.138643 -1.080855 -2.511332 4.200121 -1.952383 2.980562 0.444089 1.620958 -2.324678 4.337687 -1.168925 0.188602 -4.595415 0.640115 -1.031141 1.551720 -0.996176 1.782494 -0.125128 -0.227775 
6015399119601984783.mp3 :-182.803417 66.024880 61.962227 11.430909 -6.513365 13.021900 9.032902 -3.353266 -7.447596 9.346998 -11.014134 4.151239 -7.028597 -5.678337 -6.260020 1.289424 -7.134581 2.821012 -5.572929 -4.801014 -11.087920 -2.204936 -2.087831 5.113143 -1.870103 3.967456 -1.660110 0.258461 -7.030548 -1.032588 -3.333790 4.039133 -3.299309 -0.810364 -4.486304 -1.839649 -5.181609 0.685359 -2.064385 0.044758 
6009945920816398878.mp3 :-141.383970 90.685741 18.243097 37.670800 6.625757 15.788367 5.014372 12.913494 -1.329810 5.709648 -0.285935 4.015695 -1.569061 7.859133 -1.944672 5.069540 -6.416175 -0.306587 -1.961332 2.264555 -2.818149 -1.666976 -8.206852 1.222441 -2.955729 2.544951 -2.685893 -0.525693 -3.838839 -0.241659 -3.920649 0.255962 -4.878362 -0.550551 -4.719704 1.254288 -1.638235 3.212617 -1.428856 0.067200 
596432631527657100.mp3 :-106.609353 94.283062 17.468215 27.967316 3.477804 13.049751 3.185149 13.914475 -0.979603 4.765293 -4.529491 -1.673635 -4.061856 -0.288726 -2.583753 0.339959 -6.893188 0.805896 -4.794269 -6.474675 -8.071052 1.580647 -6.587884 -1.207044 -4.303281 -0.299670 -7.674532 -0.026549 -4.256742 3.975413 1.458585 -0.033927 -1.620144 0.714777 -2.397489 0.961414 -4.289092 1.304050 -2.318946 -4.200333 
5952254305779709312.mp3 :-310.818679 113.567725 2.531568 2.118660 -8.522121 -7.056815 -4.270524 -17.834290 -17.226179 -5.578903 -15.892224 -4.956650 -9.766556 -12.212365 -10.529259 -3.965944 -5.123028 1.752794 -2.717997 0.757540 1.659543 -0.690445 -0.628302 2.867188 2.290640 3.005458 -1.088047 1.855044 -1.277446 -2.630635 -5.441997 -2.263760 0.651234 6.378326 8.364853 6.893459 5.071492 1.866066 -4.159429 -5.974165 
5987039504312064846.mp3 :-182.752485 91.700021 25.578445 24.445265 5.048383 6.645651 4.193599 -5.341756 -0.757532 0.505859 -7.086399 -1.058976 -8.872162 -1.827918 -9.592687 -3.213972 -4.194664 3.695474 -0.336301 1.932547 -6.245249 -2.391397 -3.090761 2.213552 -1.307751 5.184325 -6.094961 0.802692 -4.659413 3.933477 -1.225085 -1.104013 -5.249619 0.241564 -2.115865 3.521725 -2.316980 1.582731 -3.084708 -2.269261 
6013246583313894298.mp3 :-130.737042 88.696596 11.430157 28.226371 4.687105 10.358462 5.941219 4.782174 -4.580746 7.763976 -5.043692 3.091901 -4.197767 1.743653 -1.073553 4.262587 -1.717872 2.518241 -4.416753 4.534718 -1.006931 3.692426 -4.969994 -2.947895 -7.446984 1.204683 -1.560662 0.658453 -1.869927 -0.024665 3.505764 6.803685 -4.756882 -3.380202 -7.604707 -1.060095 -2.879470 3.755248 0.231690 3.092183 
6017371770038093484.mp3 :-133.759777 86.209434 24.877992 28.941184 10.455765 8.418398 1.244930 1.777513 -8.398276 10.920524 -6.374087 -3.428019 -10.022552 -3.483889 -8.840507 0.872925 -2.840867 2.885033 1.712446 2.134455 -4.221314 0.809475 1.407586 6.211286 -2.134845 2.805055 -5.535143 -3.727620 -4.897968 1.026982 -1.185473 -0.166259 -7.793248 -1.048551 -3.071137 0.179508 -3.989797 0.250025 -1.608473 -3.151367 
6008745530123807969.mp3 :-345.366990 113.050041 16.677120 22.126120 2.609091 5.940749 7.327217 -0.166618 -12.253766 8.107194 -12.612652 0.902650 -3.890547 -5.531945 -4.021308 -1.461227 -1.788973 5.486566 -4.212601 2.920972 -4.236994 2.066420 5.323556 4.624822 0.688093 2.722939 -3.011451 2.154436 1.497193 -2.536387 -2.157295 4.341236 4.738275 6.612264 2.758527 4.308317 0.265590 0.727973 -2.649026 1.598873 
5971477860953637709.mp3 :-46.777398 84.381185 4.946494 12.851595 4.781323 8.889053 -0.300863 8.311455 -1.575589 7.581516 -1.761482 1.226440 -3.879774 0.604435 -1.090421 2.661327 -4.658076 -0.018690 -4.045904 0.940181 -4.249956 -0.862062 -3.691692 2.294395 -5.308191 1.511929 -3.031639 0.920764 -4.710906 1.499320 -3.381707 0.440583 -2.505044 1.962247 -1.710866 1.635111 -2.338608 1.693546 -4.234532 -1.688990 
601351099859406271.mp3 :-165.550489 110.726388 36.132042 33.186784 2.706361 7.828615 5.212775 -3.120251 -8.640045 -0.885992 -11.503783 -6.454096 -5.055485 -2.404688 -5.128449 3.225342 -5.462579 0.704715 -6.810140 -6.155018 -3.769685 2.770608 0.731795 -1.477386 -6.989494 1.476791 -2.066834 1.930881 -2.736687 -3.215415 4.541477 3.829654 0.509287 -4.719139 -5.638388 -0.946286 -7.749838 0.036207 -3.271562 -0.522082 
600375061209638612.mp3 :-69.968805 70.844911 10.292621 16.422435 -4.805202 14.151666 -3.879773 11.292601 -12.743997 10.930399 3.258945 3.582716 -2.442771 2.129311 -5.904475 4.488063 -4.182727 0.738025 -2.102752 -5.707439 -2.637385 0.259739 -3.597374 -0.550526 -3.917084 -0.537624 -9.499665 4.157273 1.185034 7.046817 -4.415186 -1.019723 -2.887942 1.970515 -1.074476 -0.414545 -5.254506 1.540731 -4.151734 -2.980296 
6013904883899830501.mp3 :-161.428789 95.440466 24.939583 32.793521 14.112198 10.028997 3.114529 5.871714 -4.566697 2.029455 -7.572122 -1.664849 -6.369518 0.055125 -1.506005 3.993998 -1.867491 -0.582025 -6.921039 2.176727 -4.501986 4.071277 -3.435345 -3.222067 -6.250203 0.152351 -1.320767 3.960355 -0.467245 1.102033 -5.367688 -0.932298 -3.466153 1.736487 -3.488316 -0.308199 -2.452084 -2.193549 -6.127852 -0.017823 
5962905497981750591.mp3 :-115.357076 87.893336 1.626374 30.532377 0.494829 5.856588 -1.419795 5.628089 -12.175917 4.689448 -3.364085 1.619297 -2.284713 -0.751249 -6.565157 2.204259 -7.735774 1.611441 -2.488072 1.426649 -2.635034 2.694810 -4.293037 1.075632 0.074633 0.364869 -1.066083 -0.282945 -3.958583 1.538311 -3.962801 -3.631353 -5.268758 -2.660984 -3.900019 1.184391 -2.042584 -0.293021 -2.258952 -0.177040 
6026062658189218243.mp3 :-80.579833 101.045467 -1.703011 30.540757 3.207834 6.392335 -2.035776 3.481020 -13.784913 -1.965998 -4.001396 -9.840936 -5.800732 -3.946974 -10.852920 -5.985287 -15.165481 -4.242344 -4.859147 -4.529893 -7.043616 1.297201 -5.839514 -1.479578 -8.254527 -3.040939 -10.804218 -1.060432 -1.271832 4.469407 0.453036 2.623375 -3.530993 -0.476024 -4.001540 1.380118 -3.033570 0.646271 -0.479602 1.356759 
5998276726775449115.mp3 :-180.440610 97.745999 8.189948 36.435654 9.188340 9.159357 -1.879514 9.830354 -4.296416 3.560847 0.783061 3.599457 -1.768421 1.821920 -4.308100 2.494853 -1.304257 3.416984 -2.036689 3.478479 -2.715736 0.198050 -4.862132 -3.404335 -2.141596 3.202370 -3.270994 1.805934 -4.814790 -1.950917 -0.128835 2.964052 -3.072168 -1.603334 -4.177513 -0.194682 -2.090678 5.418733 2.835120 3.156626 
6012014930892272669.mp3 :-125.394418 73.869901 3.504970 32.951058 -7.898612 8.744481 -0.226170 -2.387611 -6.921499 -5.862484 -6.776951 -0.248155 -5.737184 -3.853316 -4.465784 1.803615 -4.015857 2.047449 -2.969666 0.161764 -9.657339 1.755762 0.530956 4.549157 -4.218469 -1.188122 -5.723265 -0.707962 -7.330704 -3.151550 -3.390528 2.773706 -1.853500 2.507692 -3.022201 0.087497 -4.022399 0.991011 -2.670765 0.738097 
5973473566127576772.mp3 :-135.036464 66.341058 14.188452 20.425919 4.559070 2.656812 1.259464 1.111520 0.403191 -0.856957 -6.789553 3.094639 -3.941559 4.761920 -0.581569 4.103511 -3.901493 2.713092 -3.080446 4.266428 0.189591 7.284040 -3.245987 -0.127488 -0.245658 4.423503 1.665010 3.062270 -3.009331 5.812116 1.212359 0.428444 -6.073508 -3.597764 -4.522626 1.455677 -0.530741 2.121260 -3.049653 2.862114 
5960389580424067302.mp3 :-103.557967 90.600129 2.888468 28.323595 3.323431 10.910667 4.677041 5.317595 3.450108 0.330608 -3.954767 -3.425460 -5.230201 2.446540 -0.419822 5.191571 -4.988795 1.601001 -9.994240 -5.286344 -4.104436 2.053473 -1.958199 -2.242572 -8.012493 -4.323447 -4.873674 2.352575 -5.557229 -0.390369 -2.150938 5.170232 -0.883193 0.260325 -5.863860 -2.407824 -7.886785 -2.938647 -5.356718 0.590798 
6024665571166177035.mp3 :-49.542745 107.034135 -10.452876 42.884113 1.984054 7.262916 5.558074 5.584770 -6.988987 5.664691 -3.053562 2.911587 -5.089117 1.712721 -7.965878 -0.345027 -7.628600 -3.886509 -5.529334 -0.964709 -7.291075 1.715628 -5.215669 -0.154614 -6.809229 -0.958354 -3.726470 2.468343 -0.164848 2.212773 -4.172107 -1.511301 -4.357601 1.769344 -1.611788 1.033658 -2.058026 1.901755 -4.901748 0.414816 
5949763996731795947.mp3 :-188.276348 104.879211 16.890334 35.686757 15.927052 8.174326 6.790363 2.362056 -2.435038 10.106781 -7.698978 3.136442 -5.070544 -0.283392 -1.900318 0.248361 -3.575591 6.598500 -6.783772 0.052399 -2.061282 0.448591 1.807010 6.698312 -3.818151 1.419207 -4.703166 -0.203191 -6.775799 -2.291868 -1.474434 5.493747 -0.380274 1.680185 -3.846913 -0.521720 -4.637278 0.793728 -3.827049 -0.983010 
5957563818129312049.mp3 :-167.969027 116.855783 11.650102 27.582134 8.032460 4.905755 3.560604 -2.621031 -4.036471 5.550343 -6.025941 2.213333 -2.253020 -1.726470 -3.743074 -0.879536 -7.836360 3.104616 0.502645 7.159985 1.602876 3.992175 -5.274843 -4.493932 -6.876335 0.131152 1.072373 7.767043 1.270023 -0.016613 -10.923576 -4.250270 -3.723820 2.464993 -3.507870 -3.486598 -3.979576 0.775214 -2.310500 -1.809168 
6025769532734807295.mp3 :-115.731851 88.550191 27.408925 26.109709 3.328244 14.443680 -1.305823 12.619685 -9.158279 2.950035 -1.362154 5.328371 -4.612308 -1.015155 -3.051009 0.691437 -8.295383 1.020316 -2.192044 -1.793079 -6.284538 0.153186 -4.163663 -1.855141 -4.108413 -0.472090 -4.685027 -1.152702 -5.220887 -1.290961 -9.067392 -2.279318 -5.482089 1.396752 -2.264716 2.595338 -5.617322 -0.680682 -4.282154 -1.400705 
5984129224082779404.mp3 :-166.168729 86.854571 15.294660 16.691362 1.724272 5.000643 0.081329 3.971277 -8.313222 6.376535 -4.328908 -0.572537 -3.339470 -1.238278 -5.020481 -0.348249 -2.625017 1.882283 -2.323684 1.384950 -1.470053 -1.637891 -5.263609 -0.014663 -0.954113 2.541111 -2.466529 4.185714 -0.426967 0.282754 -7.365926 -1.444541 -3.502861 3.494700 -2.089830 1.709213 -2.806540 4.327815 -1.754856 0.417310 
6011935509441626439.mp3 :-112.712627 95.649058 -7.136412 19.715462 -6.247411 5.204148 2.871506 -1.069716 2.079256 -5.331161 -9.230552 -0.520431 -3.613166 -1.735270 -4.539066 3.731310 -4.319373 1.169084 -9.567094 -4.115184 -7.442882 0.021504 -3.325999 0.261018 -4.704586 -3.813405 -5.824928 1.582840 -1.485688 1.503405 -5.303597 1.300807 -0.068236 3.336025 -2.901730 0.285970 -4.434946 -3.227083 -5.099411 0.284021 
5949395672469086547.mp3 :-76.577225 95.809067 -6.981900 19.419887 3.501739 5.479377 -6.544918 3.702092 -2.706965 4.262906 -1.997521 3.046422 -3.889172 -5.140207 -6.458525 1.895418 -4.432893 2.426831 -1.452226 4.487764 -3.705191 1.644735 -1.690504 3.949606 -2.217204 -0.338354 -0.523198 2.292105 -0.067264 2.164667 -4.052845 -0.470132 -1.605573 3.814410 0.078045 2.237824 -1.998522 0.559728 -5.301271 -2.788075 
6018890129900315980.mp3 :-189.839518 129.831210 -0.104482 5.647701 -7.247550 10.069611 -11.945830 -6.193533 -13.933906 -9.721518 -4.880130 -6.375793 -2.728292 -1.726060 -3.213307 -7.980512 -5.754616 -8.323635 -5.527892 -4.291611 -5.301020 1.511246 -4.845973 -1.535261 -4.868880 -2.025076 -5.054093 -2.557127 -4.033818 -4.723472 -3.528597 1.946077 0.693408 -1.369615 -6.085989 -5.804370 -7.381806 -2.876462 -2.121134 1.301442 
5962115312604316120.mp3 :-155.093909 109.134879 15.470358 29.413185 3.860755 -1.690813 2.833450 -11.008719 -16.607798 -3.850140 -19.569749 1.416730 -9.289310 -0.626774 -4.898605 -0.755948 -8.387754 1.671322 -3.020325 5.570883 -7.016706 -4.811889 -5.244990 3.266780 2.328996 4.439300 -2.568823 2.542479 1.824173 -3.709415 -13.645790 -3.268983 -0.524594 6.198683 1.968471 3.499019 -3.600398 1.892290 -0.871078 -2.172587 
5970802969603741786.mp3 :-71.485077 75.670325 17.430861 28.408908 0.068964 8.609014 4.200305 4.499558 -6.372766 1.137856 -9.028039 -1.177309 -8.503847 -0.337438 -6.027054 -0.651899 -4.786624 0.474151 -4.414141 4.890171 -3.054903 4.091412 -0.395746 -4.014013 -8.239497 -1.225037 -7.243667 4.967227 -1.469767 0.198719 -4.669830 0.703717 -3.481030 1.240535 -5.287204 0.705606 -5.496137 -1.972087 -6.205556 1.538273 
6013544028170268397.mp3 :-220.062580 109.264061 31.877236 28.838681 11.379675 10.567868 4.006165 -2.756212 -4.061689 3.988191 -8.542049 -2.497594 -6.379362 -0.860399 -7.366803 -2.766439 -6.988680 2.578327 -5.827161 -1.594314 -6.752925 1.096782 -0.088295 2.816127 -3.680429 2.011986 -6.574372 -1.729448 -7.457031 1.921387 -1.495492 -0.281570 -5.230828 -1.107029 -3.506771 1.556264 -2.138914 -0.553674 -7.025528 -2.719491 
5995142186837958695.mp3 :-100.773106 104.026485 1.087461 19.575509 3.888776 7.263119 7.103043 -0.734100 -3.529368 4.686552 -7.264383 3.419628 -1.935474 2.436964 1.174863 6.554848 -1.227228 4.078427 -4.548197 -0.943497 -2.275560 8.454262 1.961092 1.576051 -4.765912 0.361957 -0.535408 1.825988 -7.711013 0.250486 3.814185 9.828890 -2.373008 -3.501418 -5.814375 -4.378844 -7.502369 1.095178 -0.695521 2.948042 
5960677083955355218.mp3 :-125.715092 48.712374 -16.062865 39.631443 -2.039593 13.135236 -3.282216 2.825023 -5.129181 5.351606 -1.603986 5.146024 -5.487282 1.272588 -5.341974 1.135215 -3.516072 2.139816 -0.245950 4.332741 -3.318845 0.511893 -5.390803 0.280413 -3.754826 0.230653 -5.967008 0.694887 -3.712580 -1.816850 -4.040623 0.093919 -1.705767 0.958946 -1.394025 1.053819 -1.915420 1.100190 -3.555548 1.202489 
5963102921233696102.mp3 :-85.116519 80.198667 14.368220 19.483841 -1.098007 3.205329 8.706087 0.755324 -7.740707 3.531921 -8.744337 1.290829 -3.893914 3.264932 0.078677 6.094500 -3.344485 -1.316386 -7.979743 0.920707 1.016815 7.648080 -0.137050 0.211725 -5.000249 1.312731 -1.831494 4.762547 -0.885829 1.701259 -1.624472 7.796142 2.102592 1.449068 -8.078661 -5.480015 -9.360123 -2.759055 -1.249985 3.514834 
597919287874491736.mp3 :-90.364248 93.914443 18.933420 25.170484 2.649918 -4.110690 -6.651228 8.850490 -18.677287 1.609903 -6.336611 -9.038522 -2.184167 4.490013 -3.405905 7.673129 -3.193637 -5.211949 -0.873963 0.487907 -5.123863 -2.599292 -7.061039 -4.236513 -1.577517 3.491929 -4.588674 3.707027 -3.428334 -1.421969 -2.826617 4.048563 -4.381932 -1.212382 -4.727289 0.811185 -1.560940 0.680312 -3.381548 3.239757 
5950288637806774756.mp3 :-112.682248 82.522602 17.421952 19.975122 4.463801 5.713495 -0.272714 -3.706022 -5.684148 9.845050 -14.888259 -1.415666 -4.603537 -2.167243 -2.672014 1.424651 -6.127880 7.681288 -2.102329 -0.697282 -9.999687 -5.823619 -2.419702 5.265908 0.899332 2.848167 -6.501070 0.313879 -1.679349 1.633387 -4.040341 -2.145082 -4.828371 1.330069 -1.738818 1.671199 -2.164334 -1.242064 -5.752980 -2.143370 
6008055418753789460.mp3 :-65.233790 84.323575 4.374494 23.578389 8.243371 15.553528 0.757688 6.565861 0.868663 9.434566 -0.239135 5.646943 4.557399 7.411766 3.558452 7.992665 3.239763 5.837203 -2.444590 -0.705656 -1.192575 7.126236 2.201973 5.216108 -4.260339 2.456729 -2.320722 2.262471 -3.925658 7.600204 3.824459 3.806335 -1.455340 3.486076 -2.643556 0.814426 -1.409128 3.414006 -5.336658 -0.456273 
6001031031963414104.mp3 :-83.389202 96.394466 -0.497206 27.228089 4.372093 5.762249 -0.325656 9.520022 -8.603863 4.086131 1.684120 1.220078 -0.506790 1.006504 -2.758989 3.824540 -6.104869 -2.202945 -6.182537 0.628621 -3.713785 -0.052050 -6.220107 0.115632 -4.010457 4.210590 -2.503661 1.705582 -2.620753 2.838313 -2.489751 -2.327693 -9.021737 0.011026 -3.140843 3.425623 -0.431415 0.179782 -3.130643 1.598507 
5965137566051459544.mp3 :-145.780408 85.640986 4.018675 21.545960 9.467674 7.108014 9.374924 2.084246 -8.071904 7.121258 -13.443026 3.145237 -4.949563 -5.232746 -5.158511 0.087574 -6.647667 0.078572 -11.793392 -1.019824 -4.413711 -0.782762 -5.944613 -4.575884 -10.336618 -0.185600 -7.198187 -2.629491 -5.615463 3.253937 -0.860242 -0.556124 -9.813319 -4.615999 -5.714525 -2.057208 -3.056325 -0.475805 -2.210494 -1.452274 
6025160437517855761.mp3 :-71.289668 68.384902 14.019762 9.191445 10.914413 30.226481 -6.149916 -2.981322 2.675164 11.882364 -7.570824 4.984297 3.748162 -0.992928 -7.648618 8.983187 -4.277605 -2.151608 0.723365 3.544740 -0.023555 13.700237 0.599304 2.760149 -5.795102 0.026672 -1.136985 -0.943337 1.005274 9.983057 -5.663943 4.506528 0.068659 1.927738 1.192451 5.619782 -2.317968 0.160249 -1.771464 1.328349 
5976319406047393468.mp3 :-21.416972 90.456782 5.830792 8.961173 9.998092 -1.470209 -7.300743 1.444025 -5.941613 4.978401 -2.198254 0.687531 -6.477240 -0.377282 -6.656019 -0.286963 -3.143636 1.685025 -2.416558 6.044684 -2.390443 3.097049 -3.567126 5.812530 -1.576789 3.820128 -1.790810 2.303877 -2.271631 4.816767 1.011738 1.521369 -3.364844 1.651960 -0.292999 2.696219 -1.323646 4.061592 1.109995 1.697361 
594982805058004914.mp3 :-16.938144 75.842713 7.018014 18.852071 -2.571688 13.856578 -3.416995 5.730250 -3.540458 2.352433 -7.528700 0.695304 -5.407720 2.419983 -3.972954 0.852097 -2.784511 1.011846 -3.774826 2.662421 -5.022083 1.898853 -4.632085 2.809690 -2.598918 3.380210 -2.332070 2.823636 -0.694110 1.857000 -5.268702 -0.295849 -2.133317 2.998320 -1.598277 1.991023 -1.360313 2.815134 -3.326356 -1.516025 
5951637272652954045.mp3 :-58.130775 73.502833 21.454677 16.760679 1.759330 8.772094 -2.462662 1.887878 -4.211766 2.606167 -6.069483 -1.729559 -5.094705 1.669660 -6.590086 -2.141583 -3.596130 0.844158 -2.155975 5.982383 1.349102 7.601906 -0.784394 2.974972 -2.124689 1.598502 -3.225640 -0.537686 -3.422406 4.347175 0.916540 0.539230 -5.427471 -0.730351 -3.923720 -0.265493 -3.737140 -0.516064 -5.720203 -0.772202 
5968253926384111720.mp3 :-111.545187 77.844786 1.414405 25.911158 4.111082 7.772413 0.952315 8.496199 -7.815253 6.304505 0.140976 1.438469 -1.858205 -1.611579 -7.796196 -0.484077 -5.845579 0.716580 -5.618250 -0.779747 -1.681050 5.339942 -2.748886 2.879497 -1.695829 0.972540 -1.739601 1.402364 -7.130696 2.809864 4.204778 9.064083 -3.588231 -3.761938 -5.853622 -0.738212 -2.293659 0.092294 -2.886288 3.185223 
