3889547007736013034.mp3 :-104.170068 99.952798 13.401269 26.943556 8.122800 5.846395 3.250297 -3.226538 -3.268050 2.897293 -11.582819 -1.121306 -5.188570 -2.103563 -5.722376 -1.858379 -7.616259 3.157598 -0.463398 4.567323 -2.043740 2.543951 -0.250490 4.751842 -1.625445 2.521489 -5.843363 -0.032605 -3.961066 -3.447762 -7.733471 0.486892 0.054127 2.245809 -2.357151 -0.352038 -4.132225 -0.707953 -4.285373 -1.664966 
3891432314146162641.mp3 :-69.264102 80.443230 13.362941 28.622390 3.595647 21.407120 2.394144 7.234811 -2.337901 2.655583 -0.604923 1.248768 -2.404651 3.774468 -2.090880 1.267877 -5.442358 1.538483 -3.839269 2.722729 -2.524049 2.847781 -2.718383 1.439327 -4.405895 -0.289598 -4.029731 -1.054011 -4.187936 1.455452 -2.828304 -1.824460 -5.075998 0.480519 -2.622456 2.506363 -1.630290 2.648043 -1.748209 1.839599 
3934323779328087879.mp3 :-139.978151 90.695082 20.094700 40.286302 13.870086 7.595670 5.087141 1.902577 -2.152841 3.161331 -4.865130 -1.969136 -6.324857 0.343209 -5.813304 -3.125511 -5.056417 1.046088 -6.007581 3.149668 -2.872460 3.176490 -0.642281 -1.130864 -9.052516 -0.237858 -4.304472 5.333658 2.996174 1.065505 -4.940541 1.238833 -2.132280 1.190824 -4.550639 -0.938454 -4.963057 -0.773745 -6.847873 0.294472 
3942841706355918186.mp3 :-90.920436 80.044229 12.720890 28.596002 -8.749070 19.336186 -3.615882 2.789653 4.136434 0.604121 -5.088970 2.167580 -4.682831 3.852943 -4.210380 3.720590 -0.623211 4.066035 0.122644 2.571299 -5.274841 -2.291523 -4.475821 4.331560 -1.305601 2.590592 -2.573215 -0.521811 -6.485048 1.137580 -6.834886 3.060608 -5.461560 0.417368 -3.292494 0.203678 -2.051717 1.974262 -4.233608 -1.241448 
3940676062028963358.mp3 :-92.983083 86.251783 17.064742 16.682954 2.841516 4.591227 -4.701454 -0.524280 -6.779833 1.174526 -6.951221 -3.415434 -3.602697 -1.658571 -2.332863 -1.264605 -7.669794 -0.627053 -3.833945 0.541798 -5.301056 -1.279263 -5.369045 2.176115 -1.310642 3.038403 -1.418112 0.971082 -3.439773 0.534309 -3.942265 -1.577671 -3.314719 -0.101250 -1.746095 1.271825 -3.878090 -1.176389 -4.212767 -0.957065 
390026773146568760.mp3 :-121.667285 70.022105 25.793050 6.262125 2.290746 9.305471 1.702326 9.442961 -7.753521 2.746506 -2.324836 3.433014 -3.623586 3.854065 -6.034909 0.210672 -7.523932 -0.074439 -6.264168 -2.122201 -0.939451 3.643211 -3.775802 4.030291 -2.524142 -1.170281 -3.455085 0.564002 -3.703533 -0.037909 -8.745501 -3.752662 -5.280555 0.661969 -2.843913 1.033675 -4.334004 -1.270002 -4.353179 -1.524760 
3933262134144558723.mp3 :-111.015085 109.161203 17.881877 25.127292 6.399500 1.649922 2.432085 -1.684331 -9.347213 2.434521 -10.468471 0.782109 -8.280320 -0.826153 -4.952884 -3.099025 -6.816485 2.714686 -3.423577 5.890623 0.141450 -1.906829 -4.579281 -0.413458 -3.225908 5.826134 -2.320484 4.494297 -0.375930 -0.158239 -2.833295 1.235760 -4.150105 -0.164664 -5.645913 -0.259122 -2.693161 1.488944 -2.613285 1.827912 
395172940106059623.mp3 :-89.600938 87.826341 -1.349876 19.397291 2.592510 14.924319 -3.126841 9.323895 -2.658727 8.065805 2.994488 9.477578 -2.001017 0.762704 -3.599001 2.910154 -3.206930 6.466435 -1.427719 2.030177 -0.140821 5.419045 -0.795142 2.788862 -0.296904 2.307969 -2.540517 1.822251 -2.727109 1.478464 -4.869629 -0.023790 -2.565204 2.151894 -1.207665 1.434661 -3.870076 -0.326668 -3.012278 0.228782 
3893475407016889974.mp3 :-130.012719 107.031378 9.840689 30.243671 9.886138 5.572125 4.312767 1.487958 -1.064862 6.503205 -6.238159 1.003117 -1.657175 0.537872 -2.646342 -0.672737 -1.459912 2.702576 -6.311777 2.033432 -1.825270 6.081976 2.027892 -1.666169 -8.260644 -0.794048 -1.936436 5.587378 1.751923 -0.814846 -2.155855 1.494556 -2.532651 1.163718 -4.501353 0.464357 -3.974607 0.298347 -5.458786 0.358890 
3949927806230157821.mp3 :-155.037408 115.817993 9.163833 33.216812 6.125204 11.529293 2.738880 -7.604263 -9.186526 2.184184 -8.877863 -0.887595 -7.011280 -2.710689 -5.941051 -1.242537 -3.711205 2.365193 -8.353009 -1.075023 -3.390319 1.099057 2.623111 -0.377278 -5.856837 -1.577402 -6.754426 -0.953089 0.699707 4.702810 -0.526908 -0.641075 -3.952701 0.900229 -4.085030 -0.235546 -3.019527 -2.073155 -6.175007 -3.061692 
3930536957666066490.mp3 :-108.346515 99.783234 23.627855 31.352499 0.239114 5.611049 0.868021 7.234773 -6.558524 1.552530 -0.144358 -0.462712 -3.811942 2.569082 -2.171218 5.415928 -1.745225 3.736744 -2.280520 2.098910 0.856212 2.838443 -1.669194 1.510988 -7.501506 -0.653254 -5.718313 -1.129156 -6.724013 -0.388699 1.825920 3.574030 -1.213321 0.496185 -4.313370 0.733289 -3.352350 1.708480 -4.553601 -1.037429 
3907335472763214155.mp3 :-67.848379 79.811113 21.356177 27.107831 11.749840 10.108114 1.539996 0.436877 -7.689364 6.492154 -6.186634 0.445307 -5.772046 2.687228 -5.337568 -0.365380 -3.629874 5.593946 -5.074958 7.053998 1.238869 3.651392 0.320423 -1.274782 -6.295346 4.097333 0.208586 3.221827 0.152000 2.155969 -0.684326 4.333903 0.492862 2.818268 -3.668460 2.313801 -2.757795 -0.721513 -2.022125 4.720743 
3945559197267008751.mp3 :-129.515824 86.848161 -2.483731 19.705027 -0.482921 5.854851 1.650944 1.361625 -4.897559 6.979049 -7.479387 0.262843 -2.042832 0.486650 -2.966925 1.693736 -5.464218 5.393229 0.499734 9.237353 -2.771991 -0.980847 -6.580238 5.895169 4.709600 7.294803 -1.939027 1.192446 -3.296335 0.837610 -5.412542 -3.035920 -7.189713 -0.300919 -2.530688 1.853997 -1.551530 3.144799 -2.347306 -3.427716 
3908059196230817288.mp3 :-229.223128 77.082869 -1.998388 33.899271 -2.320773 11.249658 1.007763 4.837913 -3.846751 7.435025 -6.844088 3.417158 -3.866108 2.544172 -2.704680 2.788495 -3.032171 1.505556 -1.127918 4.802287 -2.024250 -2.088590 -6.808412 -1.073764 -3.357145 1.950713 -2.040455 1.758948 -8.426592 -0.608208 1.514911 0.619908 -5.439140 -2.698596 -5.125744 0.679681 -2.401412 2.770902 0.128666 -0.755560 
388961197026741826.mp3 :-139.998985 106.444721 16.111515 19.472391 3.144936 -2.227136 -7.746349 -2.541280 -14.784678 -3.014728 -6.075738 -2.866016 -3.441737 -1.736575 -7.403359 -3.876935 -8.351004 -4.643930 -8.717228 -3.592929 -3.254493 0.244174 -4.878276 -1.110626 -4.194855 0.206471 -5.472889 -0.709728 -6.259605 1.870661 -1.083995 3.026056 -6.114538 -2.830289 -7.590848 -2.893348 -2.987431 1.954178 -0.905983 0.019587 
3942017809441368068.mp3 :-158.567393 105.428263 12.423987 17.435098 0.260874 4.235702 8.350683 -4.005847 -5.663858 5.685271 -8.470518 3.581215 -4.349339 0.396965 -2.244003 0.348643 -4.971860 1.499148 -8.463240 0.478489 -2.661640 1.388441 -0.462760 4.563495 0.730314 5.850269 -7.079723 -0.102682 -2.784707 0.975702 -4.717572 -2.139281 -8.318126 -0.507630 -2.262913 0.007327 -4.404399 1.113662 -4.796499 -0.692833 
3913121874611923661.mp3 :-109.680020 106.733585 -22.769583 24.308385 -16.216482 10.243636 -14.196624 -2.508303 -1.589355 -7.357968 -9.596311 -8.140688 -2.026012 -1.662017 -2.068701 0.355030 -2.804737 3.768466 -4.735893 2.369717 1.811569 -3.295459 -6.997420 -5.400409 -5.445100 -1.836830 -1.579251 -0.433955 -1.061551 1.471486 -4.905082 1.418591 -3.950730 -0.514370 -5.724554 -2.926228 -8.232995 -2.736920 -5.552215 0.716490 
3904445109026570005.mp3 :-108.239160 108.613105 7.974013 22.218218 0.369845 1.644866 -8.980967 6.390118 -8.474965 0.777734 1.059306 -4.046265 1.602490 1.052332 -2.935026 1.829830 -4.732826 -0.771556 -3.390867 0.866271 -3.422806 0.225122 -9.347786 -1.858640 -5.742095 1.175657 -1.541341 3.812183 -2.580349 5.889171 4.994490 3.285373 -9.703917 -7.039677 -10.385197 -2.352139 -0.400425 4.848911 1.247235 3.177114 
3906275108718423113.mp3 :-15.428192 76.703067 8.798132 18.451353 5.957875 12.793175 -0.892201 7.291738 -2.569895 6.788610 0.427716 4.158452 -3.734390 1.487477 -2.552115 4.499778 -0.538774 6.052497 3.077238 9.213182 0.466997 4.190214 -2.957230 3.041945 -1.952352 3.063987 -1.109704 2.834078 -0.440190 1.646711 -0.487313 3.314378 -1.098480 2.258424 -2.433388 1.187384 -1.906599 1.930016 -1.388457 2.819335 
3928961613822824421.mp3 :-117.698427 87.432627 18.097859 23.837016 2.117691 5.019678 0.584300 8.350412 -4.564498 3.756935 -4.741406 1.224290 -1.520816 0.202290 -2.431373 0.700933 -5.936664 -0.656297 -5.910680 -1.162127 -5.875999 -1.514540 -4.436229 0.717498 -2.488817 1.628801 -3.056521 1.455283 -3.529707 -2.354539 -7.868065 -2.865523 -4.195180 0.729504 -4.180605 -0.895372 -4.551159 0.874158 -2.493732 0.179630 
3931026629562256199.mp3 :-124.171129 49.117672 1.395869 17.193077 0.956569 11.377418 4.570710 11.392104 1.120308 12.139098 -1.910846 1.315701 -0.418642 7.610741 0.223188 6.757535 0.248093 3.087536 -4.619446 3.821277 -1.171135 3.832178 -1.929813 2.929093 -1.316020 4.572027 -1.181892 4.374217 0.158491 4.173416 0.155145 1.578869 -1.962061 2.168781 -1.526639 1.929307 -1.910653 1.437112 -4.747681 1.703490 
3931656556905537548.mp3 :-195.561375 123.360120 -3.407672 35.527328 9.666292 8.049596 14.451080 9.455809 -9.740792 4.510781 -11.475413 2.898617 0.482183 5.904092 1.442286 1.858208 -6.582736 1.679389 -1.004004 8.540432 0.411952 -6.437625 -10.389006 -0.206982 -0.443726 5.406474 -2.258728 2.868857 3.943576 -3.517191 -12.532593 -4.580611 -1.410531 1.780818 -0.193613 1.570831 -1.358856 3.497907 1.608905 -5.414190 
3906962112356118180.mp3 :-210.993519 167.784183 -12.498554 17.571457 6.322567 -3.581826 -3.948917 -1.583084 -5.950900 -4.979316 -4.747220 -3.568443 -4.828104 -3.498657 0.588040 -1.180908 -4.772625 -4.634855 -2.728619 1.721090 -0.257569 -2.733096 -4.410414 -3.862477 -2.472641 -3.326261 -5.057353 -5.394011 -3.250290 -4.470896 -10.756109 -8.214157 -3.940658 -5.142208 -2.688521 -1.231542 -3.854736 -2.744216 -3.862578 -3.323319 
3928287113543713349.mp3 :-194.817041 97.856666 15.999818 22.506598 1.866331 2.041451 -9.779518 0.355085 -14.818851 0.953485 -8.561494 -4.944823 -11.673068 -5.893125 -4.509608 -4.155034 -7.380793 -3.365823 -6.592473 0.026135 -9.585772 -5.002070 -9.601528 -1.627890 -6.992920 -0.388933 -3.209783 3.305316 -2.838802 -1.614653 -4.543353 4.276634 -1.189533 -1.369579 -5.771757 0.764001 -2.711026 2.083129 -0.654987 4.409106 
3920199709510974940.mp3 :-194.297622 122.134665 34.182588 36.373178 7.256090 13.868884 4.380609 7.644513 -3.845306 1.905333 -4.712775 2.688309 -2.814593 1.685823 -4.824880 -2.066745 -5.739198 -2.958721 -5.080798 0.388771 -1.251492 -0.514288 -3.021467 0.226420 -0.932937 -1.157259 -1.212910 -2.014029 -1.705991 3.462335 -4.470249 -6.783038 -8.149673 -0.717789 -2.171861 3.135704 -1.081907 0.538430 -3.668757 -0.071198 
3938136361554024810.mp3 :-224.891828 132.395662 14.041767 29.640661 8.617287 1.442549 2.983101 5.646249 -8.152114 7.338209 -11.493486 2.183835 -4.958193 1.275073 -0.413264 -4.506961 -4.738611 5.783541 -2.025499 2.956311 -1.010342 -0.958945 -3.694707 0.379896 -1.883626 1.800651 -0.826559 3.118092 -0.246800 -2.715022 -4.836211 1.608619 -0.485408 1.551517 -0.238436 0.399136 -1.981643 0.282590 -1.131171 1.611797 
3907706230885255871.mp3 :-118.072840 109.556911 15.015252 42.494776 3.971949 2.062795 12.163375 4.950064 -10.360351 12.176364 -11.622989 4.208708 -6.596278 -2.328350 -2.499852 0.476536 -5.378754 4.210479 -5.650845 1.436178 -1.239609 -0.732556 -3.216645 -0.065281 -6.694025 -1.357518 -3.222153 -1.575414 -0.465374 2.839811 -1.787868 -0.658297 -7.459298 -1.408478 -4.792093 0.060655 -3.685781 -1.585349 -4.705072 -1.142465 
3931176499213214834.mp3 :-107.700045 139.287372 -8.539785 27.671124 7.688888 0.101995 1.255047 6.867675 -8.890565 -3.540055 -3.900760 -9.694004 -3.646932 -4.028719 -3.118425 -2.540029 -7.665348 -5.584965 -5.587160 -1.573861 -4.751304 -0.365373 -6.297231 -1.675796 -4.566938 -1.521035 -6.281532 1.909882 -7.665343 -4.682698 -4.803285 3.774602 0.205674 4.909576 -1.783179 -0.643366 -6.356770 0.045397 -7.852151 -0.779962 
3895710199627209387.mp3 :-107.080235 83.469157 -10.075114 20.429973 -7.085365 5.282460 3.849866 6.117665 5.883598 12.090250 3.955489 7.330148 -1.635264 6.607515 -2.578317 1.700910 -3.800659 4.922376 -5.310004 -0.589000 -8.360001 2.729802 -5.031425 -1.273178 -6.420127 1.976647 -3.728619 0.961939 -2.190408 3.257346 2.058974 2.569070 -2.426516 -0.027255 -3.692941 -0.983358 -3.894418 1.396431 -1.567956 0.988608 
3902303698403689245.mp3 :-146.160011 93.783262 14.422285 28.128352 0.467649 0.275046 -10.473288 0.198572 -13.259315 -2.664220 -8.965346 -5.944374 -8.651906 -6.350288 -7.428180 -3.819818 -9.477791 -3.993706 -7.881922 -2.342929 -9.146371 -6.553545 -4.302681 0.847398 -3.238658 3.924464 -3.600718 0.091709 -5.262242 1.669900 -2.128375 -4.834674 -7.977143 -2.371278 -4.276620 1.533712 1.579038 2.787236 -3.027295 -1.425311 
3940442574899448886.mp3 :-186.717388 149.641512 12.115875 26.213813 5.119678 8.579732 0.451273 8.396464 -4.305427 0.305133 -5.480563 -2.343252 -0.970884 1.911270 -5.865242 -0.491071 -5.568121 -4.465712 -7.799373 2.539227 7.564965 2.798494 -4.508064 -3.674449 -7.034477 -1.409535 -5.777299 0.353897 3.561635 -0.109762 -6.430383 -2.860197 2.290435 0.396826 -4.326016 -1.986132 -6.217454 -1.366129 -2.510346 0.308430 
3914864884721336384.mp3 :-59.512246 70.023133 12.157863 33.880270 8.740530 12.119530 3.751811 10.851030 -6.305791 7.162408 -2.649226 1.162927 -5.112242 1.406527 -7.096342 -1.566062 -2.206669 1.645926 -0.220124 2.300390 -3.554674 1.503673 -0.992718 3.168835 -2.754197 4.800612 -6.917869 -0.980021 -7.291016 4.841462 0.641614 1.914924 -4.937827 1.270827 -1.771644 2.529860 -2.314795 2.720093 -0.981150 -1.485988 
3890415284297396856.mp3 :-136.143232 88.512758 2.401622 25.728916 6.993270 13.293154 8.966667 6.564114 1.438837 10.505042 -3.873659 6.784677 -0.667389 6.997423 -0.331172 5.817441 -1.441572 6.176009 4.707984 6.323107 -3.505212 -1.934961 -2.484811 4.788425 -0.215553 5.150520 -4.619394 4.382238 -0.687395 -2.221621 -6.854077 0.263643 -2.260915 2.699671 -0.741082 0.143644 -1.583553 2.127397 0.395849 1.802773 
389789026558666578.mp3 :-141.551275 109.168129 -7.175195 29.964392 6.250454 2.144773 -3.845735 5.969704 -13.768852 0.695824 -7.265263 -7.739813 0.949508 -8.268756 -12.283560 1.668129 -12.918281 -2.821963 -4.689231 -9.230829 -8.623597 -1.947131 -6.152904 2.545659 -0.746097 3.672985 -4.492941 1.526912 -6.256457 -0.995783 3.378068 2.757026 -1.312961 -0.823722 -4.359927 -1.327368 -4.164512 -2.744606 -3.052334 1.845594 
3942275335698020486.mp3 :-149.711844 107.162332 27.081646 34.832078 14.255317 10.887292 11.480442 1.376096 0.810877 3.032845 -7.263541 2.260228 -7.263331 -1.176739 -5.783335 0.739683 -6.738417 0.091276 -5.410988 0.686383 -5.282489 1.372189 -2.953865 -2.275708 -6.967808 -1.416542 -3.535282 5.902815 1.477300 1.923587 -2.771426 -1.775836 -2.193120 1.418535 -2.157002 -0.648384 -4.898896 0.231763 -3.647889 -0.835635 
3932471763297533372.mp3 :-141.823835 105.220818 21.586888 24.979978 -1.517933 8.865423 11.701795 1.102129 -1.496267 4.178829 -11.226314 2.423766 -7.052968 0.011911 -4.466512 -0.476331 -3.513565 7.814545 1.155432 4.685906 -5.788194 -3.872946 -2.433118 2.958612 2.581472 4.031791 -3.285009 -0.211165 -5.351547 0.384255 -2.173593 -1.451927 -4.633178 1.302278 -1.471352 4.129454 1.406136 3.860012 -5.420550 -2.748410 
3903360259982311856.mp3 :-29.019187 83.183862 15.496705 22.563040 1.058221 14.416100 1.903523 4.400169 -0.371362 4.555920 -0.994170 6.108000 0.462468 5.348383 -0.354745 3.589795 -2.409793 4.327750 -3.014655 1.457814 -3.770537 -0.650278 -5.490085 1.141656 -5.043125 2.646804 -1.300139 4.426579 1.179233 6.869295 -0.036786 2.430266 -1.293130 2.589204 -1.883853 2.194427 -2.028466 0.032135 -4.066929 0.950533 
3934646705300228262.mp3 :-79.246071 90.125816 8.468969 28.200422 7.376009 9.896506 3.231182 18.448269 -6.746694 7.658173 -2.291298 2.383187 -1.843245 -0.337031 -3.290274 0.688227 -4.580525 2.886655 -6.266537 0.687162 -2.248948 1.442792 -4.263080 -0.272103 -3.346737 -0.746010 -3.410407 1.907830 -1.158312 2.127424 -4.210862 -0.481697 -3.042053 2.218670 -1.761412 0.560739 -4.028014 -2.233516 -5.297606 0.756478 
3944581348282607936.mp3 :-109.979523 99.562709 -11.290953 21.714340 -8.803837 13.190489 -12.162250 -5.089970 -7.408255 -4.913193 -5.696295 -3.544696 -6.038263 -0.974840 1.173178 1.148745 -1.219817 -1.651396 -4.367744 -0.531719 -3.751253 1.668536 -3.713498 0.639657 -5.131754 0.435248 -5.374135 -0.959621 -4.391565 -0.548441 3.381185 4.532812 -2.391992 -0.658326 -6.858152 -4.173165 -5.815944 -2.044380 -2.948040 -0.152964 
389828045955895175.mp3 :-120.904380 79.039934 21.638842 12.785199 9.807467 9.701573 5.410847 6.348037 -3.660912 13.697361 -4.326657 6.337184 2.203628 9.551902 -1.938960 1.094799 -5.466075 4.115751 -1.742024 7.622416 -3.261838 3.870537 -5.703525 -1.617362 -3.884995 2.952354 -6.313710 -0.411414 -1.440545 1.240391 -5.216080 -9.102999 -10.169220 -4.674429 -2.329088 0.201311 -4.234484 -1.605279 -3.819173 0.032496 
3946467587300137458.mp3 :-95.364686 75.716984 20.619240 22.633875 8.059673 5.316256 1.673896 4.232445 -4.986739 8.600293 -7.806387 1.671120 -4.705742 2.428709 -4.748247 2.305686 -2.547980 3.758441 -4.026119 5.801943 -0.827113 5.509520 1.076066 2.363414 -4.375790 2.605966 -5.591035 -0.938683 -2.682262 6.376669 2.297321 0.775561 -6.408702 0.140722 -3.950682 2.731711 -0.332353 1.092723 -3.576994 0.944167 
3893245513978371687.mp3 :-175.695439 88.043692 13.348826 32.366386 5.721139 3.952211 2.017297 7.037723 -9.291260 5.960161 -4.736011 2.923466 -2.323056 0.178899 -4.916026 2.147673 -7.606485 2.031872 -6.252420 -0.245669 -6.890330 -2.005103 -4.966248 2.690534 -4.332596 -0.482691 -3.519171 -1.228190 -4.588370 3.720247 -0.033816 -0.365589 -2.670858 1.954779 -0.813572 2.979032 -0.486582 1.463865 -3.673412 -1.707081 
3894737580412817447.mp3 :-57.603538 61.285710 8.624932 27.375147 6.644248 15.665160 4.126373 9.252803 0.553918 5.501049 -5.518500 1.710341 -2.613266 2.933697 -3.549115 3.500457 -2.547226 2.386352 -3.769213 1.296091 -4.827206 1.319440 -3.081456 1.245991 -3.489140 2.363578 -2.573275 4.613710 -1.384537 0.560556 -2.892554 0.895565 -2.168758 1.569610 -3.800020 -0.456327 -3.456421 0.769386 -2.848458 -0.929961 
3890163856153764700.mp3 :-100.053445 93.249304 1.284981 29.422042 9.451581 16.231021 -0.351724 10.432228 -5.484403 4.712409 2.309218 2.164529 0.438798 5.358963 -0.571630 5.158599 -2.223101 3.963022 -6.208973 -0.428195 -1.872399 4.559221 1.268886 3.226982 -5.092497 -0.671561 -5.770511 -1.198349 -1.905401 3.735541 0.490131 -0.696578 -1.986075 -0.783552 -4.351063 -0.444348 -4.925287 -1.239495 -1.861329 1.761748 
3892880864447341268.mp3 :-191.022086 98.496333 26.003229 33.183645 10.845966 3.768159 6.630460 11.042209 -13.474374 1.291250 -1.823732 -6.664451 -4.663430 -2.264165 -8.834125 -1.041095 -3.614467 -6.001071 -6.023809 -2.354558 -4.520280 1.340436 -2.636540 -2.948451 -5.271750 -2.714366 -7.292058 -5.002245 -8.945584 0.126666 0.066402 5.748024 -1.480904 -2.325977 -5.367696 -0.969850 -3.785740 -1.744714 -4.072091 -1.679171 
3938893253929861723.mp3 :-155.713388 90.065157 20.264011 37.730183 7.665672 2.930970 2.946127 0.709295 -4.809196 1.848506 -7.409313 -2.789044 -7.424313 -0.199803 -8.150362 -4.479898 -8.072950 -0.691401 -6.538374 5.091326 -2.408203 1.111060 -5.501542 -1.466338 -3.456728 5.615374 -0.435474 4.935650 -0.922306 0.652850 -2.781426 1.376964 -3.158710 -0.690802 -4.783015 0.468157 -1.915064 3.009711 -2.464402 2.408567 
392869762377850451.mp3 :-141.054324 99.267662 21.268751 26.880321 10.587589 14.879246 4.204712 10.962045 -6.232346 13.797683 -3.572745 0.844998 -6.543381 2.432688 -3.524139 1.597812 -2.712722 2.411661 -3.294550 -0.443561 -3.912893 -1.469956 -4.914986 -0.653795 -3.935382 1.586286 -2.100407 -0.666109 -3.353088 2.029313 -1.954598 -2.705463 -6.297356 -1.603159 -3.883595 1.082899 0.084880 1.184475 -1.224111 -1.127968 
3934430532692225275.mp3 :-100.880001 72.076723 2.290343 34.710693 8.589804 11.096403 2.984483 6.290645 -6.638470 7.410907 -7.314146 1.411470 -11.355295 1.693498 -6.205775 0.967883 -6.739255 1.700181 -7.414963 -3.357187 -13.129581 -4.594910 -3.699630 2.188559 -5.430008 -2.031032 -11.534798 -5.516526 -5.528484 3.263879 -7.577454 -3.746481 -4.595807 1.500158 -0.455634 1.911259 -1.800616 0.393316 -5.626385 -4.758951 
3896519723036551036.mp3 :-94.689986 76.361156 9.476728 29.713413 11.669842 19.194309 -2.819619 7.506391 -5.050834 7.461305 3.858251 1.023420 -3.499843 5.518782 -2.112370 1.792333 -2.771766 6.874734 0.680298 1.269469 -9.186819 -1.046786 2.872861 5.576606 -3.238214 2.286788 -3.249242 -1.709620 -7.204303 -0.833173 2.800523 1.578069 -3.019060 -1.041294 -1.414601 2.459127 -5.352712 1.086264 -2.306657 2.624570 
3920928487427025789.mp3 :24.181283 73.817521 -3.345326 13.881278 -6.342472 8.170268 -5.684772 -3.102136 -8.725014 1.623569 -0.737601 4.757086 -1.117135 -1.562489 -6.500159 -1.868339 -7.731569 1.700846 -3.623807 -1.047299 -4.063881 2.421390 0.381748 6.729193 -1.747688 1.826572 -4.437859 -0.390374 -2.416209 1.653651 -7.580231 -4.783540 -5.289475 1.692910 -2.255370 0.751778 -5.115520 -0.370268 -2.886224 0.567151 
