2264403608563125202.mp3 :-60.205958 84.903116 -36.571834 0.640719 -6.974533 -0.992360 2.716579 3.835493 -2.686796 2.829234 -1.162732 2.421557 -2.291954 2.433888 0.834246 1.774058 -2.769081 0.066839 -5.255364 0.054004 -1.458018 1.399115 -6.571702 0.113209 -4.060711 1.230914 -3.400512 3.170713 -3.315576 1.814210 -3.297979 3.153167 -2.830115 2.529572 -2.994927 1.822316 -3.312478 2.440944 -2.484851 2.501485 
2250360618505464208.mp3 :-208.771811 114.304422 -9.301191 3.081450 4.636484 -5.620366 2.294497 6.102008 -6.263757 7.014584 0.012648 3.856847 -4.243380 5.903432 -2.818198 2.865879 -1.583001 2.083690 -0.491650 2.359959 -0.883671 0.304893 -2.115165 1.788106 0.316663 7.167422 1.859132 5.127136 -1.674976 1.999435 1.562757 3.287807 -1.659708 0.946868 -1.619348 3.445626 0.616556 3.882516 -0.094787 0.366090 
2260726057039353824.mp3 :-135.737229 86.145853 14.780897 31.379867 -2.103803 5.239662 3.293267 3.035644 -6.293275 2.992488 -12.555383 0.645639 -7.483784 -0.872034 -3.379638 5.051265 -0.300215 7.255596 -3.035849 -2.866500 -8.359342 0.932658 3.913606 8.088011 3.539739 4.106854 -4.963373 -0.423228 -1.360122 5.786773 1.667917 0.283905 -2.998592 2.344666 0.022499 2.611079 -1.561743 0.771766 -2.126206 -6.634752 
2247150806675200427.mp3 :-124.221188 79.641754 -1.526803 21.983374 -9.678053 8.918774 -5.167602 -3.773034 1.957407 -4.339516 -6.512170 -0.777460 -5.288853 4.556655 -0.619591 9.793401 3.191969 7.125946 1.673461 8.905378 8.830880 11.347931 3.501991 -0.115727 -9.003855 0.337767 -3.636182 0.498969 -2.620153 7.797875 2.234837 1.294311 -8.279610 -2.607627 -5.819730 -2.460915 -2.738055 2.287482 -4.461729 -1.981126 
2249193124186711668.mp3 :-105.223661 112.042674 -1.995789 14.958243 3.147839 11.091626 -7.574345 7.838292 -13.493644 -2.714666 -2.796462 -7.149486 -1.568174 -4.828896 -6.521534 -1.242874 -11.744962 -1.406132 -6.636477 -4.068878 -8.713929 -0.730876 -9.311663 -2.206617 -5.933958 0.674435 -5.639816 3.062048 -4.595335 -3.970928 -8.412425 -4.354963 -2.182644 2.424172 -3.155494 0.621962 -3.944991 0.379396 -1.395982 0.156085 
2222556811838311018.mp3 :-404.283644 193.525330 20.427252 -12.970927 8.572056 0.714702 -8.455825 -5.057494 -4.794135 -8.202984 -5.998751 1.092319 8.756811 11.632841 2.870983 -10.170134 -13.760355 -8.731147 -2.730353 0.361324 -2.882654 -9.895864 -9.448697 -3.583849 -8.861325 -17.538639 -9.229182 1.955709 -2.485808 -6.009673 2.609817 4.656821 -5.048750 -7.173645 -1.665823 -3.212194 -4.578167 0.471857 1.214075 -0.688354 
2269261535648193817.mp3 :-86.174342 105.965803 2.595363 31.517855 6.469725 0.912515 4.644996 4.426844 -3.894244 8.776559 -7.713077 4.317804 -0.168935 0.337068 -3.661450 1.392651 -6.158802 1.047487 -5.590156 -6.264952 -5.745731 -1.044928 -2.797147 6.094146 -0.165624 1.573036 -4.545365 -2.517973 -3.047731 4.575488 -3.396219 -0.210480 -2.850548 3.288330 1.862554 4.044414 -1.332382 0.261832 -4.264991 -5.418403 
2224906850474000822.mp3 :-163.693852 94.744091 4.145565 39.549805 5.148071 -0.320423 1.674206 -3.096774 -9.131786 -2.394664 -13.440650 -1.153424 -6.853113 -5.466214 -5.839979 -0.023078 -4.073137 8.839683 -2.267618 -0.042266 -7.772532 -2.832570 -4.298530 1.469727 -1.995271 0.906551 -6.918948 -1.806662 -9.595062 -2.922409 -0.524344 1.815885 -3.554420 0.189379 -1.948819 1.345419 -2.451281 0.541038 -1.540064 0.953352 
2256341838057686091.mp3 :-29.774248 81.566515 8.685043 30.067176 -0.541905 5.493520 -3.846616 6.595095 -12.893291 5.059748 -0.331440 0.981297 1.422213 -0.156884 -11.051952 0.666562 -5.534737 -1.577913 -1.588532 -3.630013 -7.106136 7.187599 -2.819696 2.141334 -3.876000 -1.686316 -2.748576 -0.308599 -8.532462 0.952026 1.099787 4.340823 -1.422649 -1.209415 -5.425690 1.684420 -2.669110 0.850115 -3.573822 0.099627 
2277937962259506838.mp3 :-137.227372 97.289366 13.641802 31.263546 -5.787570 2.624439 7.735033 -5.124545 -3.607697 -1.473275 -15.145322 3.762655 -7.318235 2.587880 -6.221898 -2.387731 -7.307554 -0.835630 -6.652702 1.640433 -4.925928 -0.139090 -0.762618 1.045598 -0.196081 1.856986 -4.194201 3.023239 -4.511040 -1.582123 -2.446407 2.450958 -0.070335 0.964372 -4.011340 -0.061445 -3.925576 1.708747 -4.672538 -2.588327 
2232119475967185350.mp3 :-135.590568 105.150987 -8.241809 27.128231 -5.430300 2.734522 -0.598871 3.991734 -7.376081 0.233159 -3.082295 -4.730396 -3.306433 -1.655200 -5.287072 0.680927 -4.406516 -1.181457 -6.136425 -1.145862 -2.424291 0.690932 -5.392875 -1.605119 -7.049788 -2.901673 -7.128111 -1.514780 -2.209246 3.721197 -0.283226 -3.980291 -6.576251 -1.609897 -4.187937 -0.530940 -3.099375 -2.017096 -0.791581 0.200158 
226420892302465771.mp3 :-23.361616 79.233474 -0.612730 31.020152 2.911608 6.366101 6.306880 3.621878 -3.941049 6.403100 -5.356354 1.942672 -0.876883 0.067666 -2.648770 2.869497 -4.736692 -1.328868 -7.295668 -2.987891 -5.950097 3.364989 -3.766040 0.303553 -5.572816 -1.278985 -5.658111 -5.123057 -5.413036 0.863403 -2.273568 -0.284201 -6.895294 -0.845741 -4.358617 1.727474 -1.635772 2.723941 -4.159124 -1.835841 
223851941811134170.mp3 :-294.170992 140.427717 31.742561 23.755937 6.867712 8.767424 1.149215 4.778666 2.471114 5.682881 -0.607625 -2.186648 -1.921180 -2.926822 -4.577528 0.694198 -1.057564 -1.206770 -3.059802 -0.194930 -4.496766 -1.583564 -4.985946 -3.909639 -3.142051 -1.009393 -1.192412 2.345063 0.114514 -2.270074 -6.968215 -3.341654 -0.342884 -0.484403 -1.243991 -4.159152 -6.428353 -4.648276 -5.165725 -5.317366 
2278834702640414629.mp3 :-203.016130 157.764127 -20.870598 18.844786 0.635356 11.972520 15.772222 8.002753 3.848682 10.754067 4.493561 1.524430 1.286465 1.136505 -1.901386 -2.115579 -5.181222 0.799176 -3.674438 -1.901045 0.476997 1.544741 2.712993 4.135025 -2.282580 -0.766080 -1.102054 -3.043938 -4.130098 -0.265624 -1.543768 -1.013998 -4.483872 -0.764346 -1.654454 -0.461230 -2.141874 -2.741217 -3.065301 0.388364 
2235529524354739189.mp3 :-158.923558 114.205222 20.087935 24.701725 2.524241 2.942661 -1.735738 4.438575 -14.560860 4.509516 -6.630202 -3.232626 -5.443948 -2.370974 -3.762112 -1.876078 -5.418706 -0.509290 -4.693407 0.826980 -1.318579 2.410518 -0.741761 4.912377 -3.762350 0.137068 -2.596843 4.116603 -1.300339 -0.070730 -5.795611 -0.239320 -1.083571 1.967062 -3.188746 -2.234983 -4.297117 -0.738389 -4.719743 -1.809446 
2268399232745248559.mp3 :-239.383644 142.816288 7.055582 25.811883 9.668109 -0.625631 -3.289547 -1.266450 -13.047923 -4.607600 -3.803160 -8.093285 -4.936538 -5.621405 -9.555590 -3.361670 -5.738036 -2.552101 -4.811975 -5.383161 -7.747444 -6.245173 -5.453393 0.590496 -2.332172 -4.120200 -9.037627 -4.957269 -4.038474 3.904618 0.208937 -3.174036 -2.839456 1.423820 1.492393 2.652799 -0.636288 -1.977409 -5.625093 -4.315670 
2277183368443641211.mp3 :-170.740841 84.456152 29.003515 39.263264 6.106484 11.179972 0.991305 10.647348 -4.151298 7.808325 -5.511856 0.506165 -3.610197 -1.347030 -4.972561 1.779668 -4.717580 0.383888 -4.278516 -0.550443 -5.232774 -2.583639 -8.206537 1.010841 -8.372568 -1.068268 -3.199656 0.693483 -3.839217 1.863786 -5.197369 -1.284295 -5.231190 2.184065 -4.372253 2.119354 -1.827630 2.648885 -0.779964 -0.705854 
2224218562959663820.mp3 :-87.443774 69.730725 -1.341551 17.282294 -3.833577 8.439950 0.748661 3.104269 -6.074918 5.312463 -3.600932 1.546739 -0.972369 -0.240156 -2.140365 4.597036 -4.580486 0.754288 -2.595776 2.000754 -2.806168 -1.375010 -5.998611 -0.584423 -4.500093 -0.875418 -3.060547 4.998443 0.263158 1.970208 -4.386564 1.869969 -0.442682 0.452666 -1.879201 1.320625 -4.369299 -0.475584 -2.292594 4.434130 
2245572000826931034.mp3 :-152.995430 83.646755 32.644441 14.612946 11.643817 11.022110 -0.704899 9.820999 -13.784582 6.941584 -7.102084 -0.399607 -6.061816 -0.296281 -4.026858 -3.657137 -3.418255 1.407699 -5.968678 0.072557 -5.885391 -2.866131 0.157082 1.241504 -4.256417 0.914447 -5.498738 1.912491 0.854754 3.077310 -3.925977 -0.548062 -2.178553 5.100867 -1.331317 2.556690 -0.878580 -2.030803 -4.908706 -0.919874 
2279079880825629348.mp3 :-16.371407 40.661450 8.995726 26.355739 -8.153839 -5.890059 -6.772215 -1.413813 -9.395395 6.886958 -4.222788 2.171733 -2.464285 4.267501 -1.675749 -0.569062 -5.095319 0.143526 -6.008350 2.341427 -4.746204 1.737405 -0.764061 4.484764 -1.122605 2.907590 -1.240854 2.220709 -4.987814 4.236239 -2.331913 2.605047 -0.642863 2.010888 -1.555844 2.057453 -2.846145 0.113698 -2.416220 -0.042681 
2236461568532688444.mp3 :-36.245800 58.727517 7.360029 32.887461 4.901907 24.337843 0.270909 10.770662 -0.002927 6.873190 -1.199801 2.682310 -2.596036 1.324876 -7.071047 0.424518 -4.901583 -1.558041 -4.750124 2.927015 -4.517052 -0.086500 -7.010835 -0.694970 -5.240540 -1.335971 -3.291965 1.976782 -3.405944 -1.957258 -3.819695 3.539844 -3.056690 0.373918 -5.087627 -0.250459 -3.325715 1.081069 0.405083 3.886524 
221673204604791089.mp3 :-167.825226 110.763091 0.314464 24.673234 3.376750 6.171751 3.567001 3.197948 -4.276769 3.318293 -4.133934 4.112977 1.026127 6.196510 -0.190152 3.675218 -1.956885 3.253417 -2.920506 0.398789 -4.731098 -0.896255 -2.203659 3.758357 -1.081426 2.732339 -2.680608 -0.384629 -2.340155 1.771926 -2.017201 -0.266225 -2.341463 1.666168 -0.558492 2.146979 -1.223507 0.447645 -3.661676 -1.947357 
2266890176896212091.mp3 :-113.171810 128.156981 3.665768 26.030058 6.083563 -4.375401 -1.760855 0.651430 -17.714530 -0.986870 -2.873324 -3.156558 -9.256948 0.457749 -11.473279 -3.539375 -2.940894 -4.222632 -5.089912 1.280848 2.891991 5.522210 3.572293 -1.501179 -6.131633 -0.245103 -5.547275 -0.293718 -7.977899 -3.714149 1.768303 6.651843 -0.275201 -0.591823 -9.536269 -2.301951 -4.246148 -0.688750 -4.811653 4.125679 
2227389930036461873.mp3 :-68.397131 81.604184 6.758526 22.174905 21.615455 5.661675 10.615149 9.208030 -0.204060 11.959165 -3.927592 3.997036 0.517672 1.552444 -1.154797 3.472777 -3.903358 2.383216 -5.574001 -1.323763 -5.784337 -0.471454 -2.112838 2.402364 -7.460648 3.257921 -4.743245 1.897160 -1.620441 -0.514326 -8.370562 1.978352 -1.722303 1.593567 -1.912889 -0.809049 -4.407301 -1.630943 -3.926501 -3.453206 
2229097747535056205.mp3 :-324.828220 85.289932 17.541511 30.860515 5.799467 12.120287 11.707667 6.364689 4.363122 5.784840 -3.593874 5.236474 3.108581 7.220246 7.169813 8.613304 5.433327 8.521081 1.339166 7.057241 3.147238 4.532535 0.012699 1.014126 -3.268794 -3.429570 -3.631026 -1.039812 -5.598208 -4.979439 -5.753631 0.230813 -5.441960 -5.416396 -5.483792 -5.079711 -5.968393 -1.797347 -1.427841 -1.389378 
2238271847642946352.mp3 :-100.156444 100.061000 6.928816 29.611847 0.246231 4.654948 -0.193586 2.759985 -7.921918 10.036199 -2.247547 5.326783 -3.874430 -1.156109 -5.257970 -3.518704 -7.643134 1.448610 -1.388721 2.785423 -2.801173 4.222786 -2.853231 0.495983 -8.080878 -0.652623 -5.175899 3.250007 -1.662147 0.063693 -2.070685 -3.372331 -3.026710 3.198996 -5.021950 0.884024 -4.337229 -3.245256 -4.407960 1.008304 
2281065090735690259.mp3 :-131.986928 107.904348 0.034700 29.502537 -2.199896 -6.599662 2.551277 8.395838 -13.390336 -2.391850 -8.396478 -1.862944 -1.881451 0.649296 -4.205127 -2.843687 -7.052647 -1.374954 -3.074675 0.506073 -2.671802 -0.836042 -6.003017 1.085327 -1.808710 3.554939 -1.267941 1.519453 -3.265161 -1.584778 -4.451582 -0.157689 -3.727133 -1.795331 -5.568400 -1.339084 -4.415516 2.845630 0.136228 2.885312 
2214353871086150739.mp3 :-77.088149 123.720042 -9.273231 27.756511 -4.040304 3.302674 12.394986 -10.155782 -8.224187 3.022792 -11.096510 -0.159022 -4.925794 -4.258389 0.022282 0.820730 -1.973800 2.288270 -4.386661 1.353499 2.957331 2.431954 0.044461 0.155006 0.079019 5.260704 -1.868696 2.379426 -3.382067 4.343765 2.904946 -0.458312 -5.304033 -2.205433 -2.440659 0.199639 -2.400009 1.030525 -0.026683 -0.148181 
2214550993870574946.mp3 :-115.327560 111.668381 -4.422534 25.224774 9.232733 -1.124438 -8.357724 0.085649 -16.380883 -7.886935 -4.365609 -5.477088 -5.572412 1.353710 -8.671628 4.709349 -4.853123 -4.934195 -1.895545 -4.077171 -8.942485 2.833116 -5.986983 2.391996 -2.934894 2.106806 -4.534029 -1.343918 -2.593045 -2.278419 -7.030202 0.996918 -0.431519 2.515999 -2.687471 -1.421465 -3.569071 -2.920785 -8.499359 -5.740629 
2220199324812619480.mp3 :-110.210352 83.501833 13.232551 37.045073 2.924904 14.814617 0.678282 12.222315 2.611702 5.038601 4.372415 7.103337 3.300611 0.499665 0.640012 4.093606 -0.952190 4.944481 -2.938518 4.891336 1.507402 5.693882 -6.406318 -0.444796 -4.983824 -0.862674 -2.150907 4.859034 1.662894 -1.087405 -4.340874 4.424564 -0.133982 1.490638 -5.993160 -2.983646 -5.463560 -2.028154 -5.454795 4.154153 
2238166222809422692.mp3 :-68.019109 74.913981 -2.494941 21.033208 2.538534 16.349701 -0.445217 5.487555 1.729408 3.747867 -3.019895 1.225979 -3.490603 3.523657 -2.671776 0.254847 -1.416096 -1.182956 -1.124229 -0.547613 -6.401668 -1.787143 -4.700316 2.373497 -5.293809 3.639756 -4.468680 0.942237 -4.986226 1.758639 -2.983749 -1.693563 -3.843605 -0.233421 -2.517979 0.901559 -1.375227 -2.292960 -4.730646 -4.376612 
2249110898091389628.mp3 :-128.412781 105.942236 28.772251 32.993807 11.939837 14.002650 3.868934 1.190811 -7.601452 0.664459 -9.472174 -2.213037 -4.484739 -0.248625 -4.939404 -3.957365 -5.203044 2.401545 -2.343059 6.750759 -0.848127 0.318263 -3.147782 0.060227 -7.002022 0.407846 -5.395579 4.238315 2.234533 -1.661310 -5.290992 -1.376173 -2.466548 1.485469 -2.873815 2.123368 -2.872828 0.800108 -6.204230 -1.679650 
2270292380660663788.mp3 :-206.703147 166.087375 -14.202649 7.475166 5.699921 -5.053300 -9.347813 -9.497013 -12.433891 -8.301977 -6.274406 -6.751828 -13.474298 -9.423306 -7.169519 -4.016711 -3.923552 -1.636371 -2.239653 -1.815104 -3.370120 -1.110070 -3.206987 -2.368303 -3.575551 -2.893549 -4.507575 -2.390584 -5.441702 -2.494311 2.161333 1.705721 -2.813282 -3.570967 -3.475852 -2.337369 -3.465505 -0.736483 -5.513171 -6.272144 
2217392752300314073.mp3 :-132.287331 94.260887 33.784330 30.322112 5.594838 -0.189069 -2.106610 3.925483 -10.031900 1.572336 -2.034520 -2.492652 -4.320800 2.016075 -6.483348 0.881658 -4.789983 -3.026227 -5.648389 -4.168842 -6.907221 0.673035 -3.449545 -0.037626 -4.544518 -0.620949 -3.668758 -0.333764 -6.446387 -1.972618 -0.178226 5.149110 -2.353525 -1.087363 -7.544294 -3.200649 -6.957503 -1.439449 -2.501782 0.943742 
2215290699971352692.mp3 :-196.102226 146.309645 -83.408424 32.105318 -14.633277 -15.650603 -1.948693 -22.168567 -2.190667 -12.266546 -13.785625 0.895330 -12.168855 -4.277229 -3.777358 -8.439998 -5.255121 -5.262991 -0.242782 -5.368055 -2.039692 0.966830 -3.546107 -2.424815 -5.214823 -2.419738 -4.348365 -4.817930 -3.282824 -4.957741 1.256373 4.806365 -1.248534 -3.971137 -7.082969 -4.884494 -1.718279 -3.102156 -2.377365 -3.860716 
2275653656476597549.mp3 :-36.990126 76.450555 9.234200 24.696717 3.067774 8.076901 0.806128 6.901048 -9.459879 4.291603 -2.684018 1.748259 -2.477548 1.003488 -7.268272 1.116323 -7.919442 -3.153566 -6.787448 -1.402670 -5.744766 0.992221 -6.366735 0.553478 -3.934834 0.347866 -4.849454 1.403736 -1.781881 3.764162 1.686158 2.790370 -5.164014 -2.023152 -4.736568 1.946270 -1.557573 -1.073269 -4.263765 0.005862 
2217104641456169596.mp3 :-130.071256 107.197760 21.840848 24.948388 4.981663 0.340555 -0.433367 4.525896 -10.316153 1.802594 -5.617060 2.058933 -2.353207 -3.247689 -0.809377 0.329782 -4.555927 2.421250 -6.211389 -1.787338 -1.064938 3.888644 0.181142 4.519281 -6.972686 -3.985507 -6.781759 -2.643745 -2.660557 2.175375 -1.260602 1.825712 -0.941287 0.047413 -3.983860 -2.680074 -6.787997 -1.048476 -2.810953 -1.829309 
2217751551820900686.mp3 :-76.122711 77.535029 13.336868 26.867955 2.501091 1.680659 -0.026473 7.417518 -9.341464 10.621124 -2.007926 3.255101 3.474885 5.511436 2.018479 5.337710 -0.562644 2.907634 -1.074409 5.800745 -0.927926 6.006693 -3.884326 2.694259 -4.079703 1.276964 -1.334085 3.531541 2.631776 3.716127 -3.233538 -0.593833 -2.806346 3.312547 -2.859765 1.825534 -2.511037 0.520673 -1.859941 4.022703 
2279423676401968884.mp3 :-37.111167 63.465112 11.137171 23.314489 7.840617 11.824709 1.297538 8.442956 -3.897407 8.790205 0.655216 2.845165 2.882324 3.369791 -2.208631 2.396943 -0.926176 1.827500 0.428465 3.626672 -2.274142 4.075408 -0.853461 2.754130 -2.704040 1.987646 -5.507944 -0.335162 -2.856677 3.331559 -3.943412 -0.471540 -4.573693 2.172886 -2.165845 0.894372 -3.280587 -1.876607 -5.156761 0.045235 
2249522934284078891.mp3 :-197.464216 84.884226 12.954635 20.466303 6.562020 13.272104 1.096516 6.814311 -2.810276 3.518192 -3.882616 1.118928 -7.293193 -0.699463 -3.885373 2.555107 -4.209713 0.899634 -3.823996 2.777677 -2.237307 2.643419 -5.938628 -3.738672 -5.480436 3.215214 -2.362341 -1.346537 -5.970210 -1.838870 -3.852266 -0.051401 -6.025145 -2.522370 -7.916771 -3.166770 -5.164453 0.063754 -1.630136 6.104388 
2236178309485960331.mp3 :-106.728393 112.812199 26.148475 26.092236 16.515585 9.538946 -4.948998 13.273618 -7.776346 -2.466364 -3.671099 0.717286 -2.578950 1.184333 -2.826372 3.917581 -4.467914 -2.458848 -5.531052 -1.346829 -5.218438 1.411785 -2.288196 -0.716717 -0.890466 0.146682 -4.707898 4.225418 0.667060 2.826382 -5.008088 2.749392 -0.611099 5.311533 -2.221280 -1.476025 -4.977328 -4.508828 -7.365705 0.015238 
2281091003282605162.mp3 :-107.182102 92.943258 16.104835 30.847214 3.033088 8.731750 -5.153562 3.657693 0.527523 4.075390 -1.008905 -0.425310 1.135824 2.168810 0.925145 4.616769 -4.162067 4.471505 -2.265494 1.848133 -3.785426 0.673615 -4.074210 7.690205 0.549442 9.621066 1.187282 3.267906 -4.581730 3.680901 1.238430 2.651438 -2.823758 0.941936 -3.653659 2.463195 0.881797 6.340614 1.631841 -1.147849 
2244693010723090774.mp3 :-91.607533 69.198712 18.186455 20.699256 4.592503 6.401798 -2.406794 4.854011 -7.034146 4.668660 -7.608189 0.759540 -5.777518 1.052669 -6.059148 -1.172861 -6.838015 -0.895771 -9.144029 -1.713734 -3.189316 1.715017 -0.227046 2.722721 -4.732582 0.480431 -4.634212 2.757865 -0.612791 0.792744 -2.365841 3.163758 -0.333901 3.147783 -3.455024 2.082339 -3.654926 -0.590387 -4.408041 -1.915257 
2262870523872659316.mp3 :-73.124293 74.408760 13.963235 37.680989 2.886821 3.741909 -1.139300 13.260525 -13.775996 8.465276 -1.487100 1.174951 0.847647 -3.755410 -4.228965 -0.076246 -5.170956 1.908892 -5.755957 -2.079925 -4.818562 0.749977 -2.893103 1.682191 -2.800936 3.124618 0.162159 5.184537 -3.826161 -3.930724 -8.894854 -0.466886 -0.758463 4.826972 -0.181492 1.845158 -3.035109 1.307731 -2.516884 -1.083925 
2281048939174343927.mp3 :-165.651789 101.138156 7.994581 30.610317 5.439443 5.172076 -1.439132 -0.344847 -4.910078 -0.464274 -6.967179 -0.707115 -8.371210 -2.397602 -6.133345 2.805715 -4.282257 -0.442617 -4.029785 -0.579126 -4.355923 -0.988863 -2.743735 2.246331 -2.485920 1.991454 -5.186295 -0.575048 -5.405637 5.279945 1.013846 0.137847 -5.946651 -0.473765 -2.134789 3.410191 2.139827 3.599147 -3.896235 -1.624671 
2230972065949888675.mp3 :-111.129804 126.524038 12.111381 15.844016 11.117533 2.445090 -5.830673 4.767601 -9.542237 -7.282514 2.845870 -5.395560 -2.081057 1.468283 -4.524663 -1.999558 -3.424564 -0.767678 -3.519310 5.559617 -7.007893 7.507134 -8.959335 1.170006 -6.918293 3.166606 -1.499615 0.769174 -4.908362 2.478908 1.089618 0.536941 -7.418328 -8.144788 -5.433672 -4.036128 -1.110719 2.751328 -0.747741 -1.146249 
2226583066604645408.mp3 :-181.856881 105.405490 -8.200466 20.788794 4.777794 7.680586 2.576163 8.415753 -3.653044 11.385702 -1.047678 5.455860 1.743433 2.271831 -2.071292 2.734319 -3.318497 2.641943 -1.525477 2.476904 -1.980690 2.374349 -2.307208 2.798217 -0.413394 3.941371 -0.773399 3.101139 -0.196653 4.347076 -0.190337 0.882464 -3.702287 -0.181566 -2.613685 0.784996 -2.654089 0.109570 -2.927359 0.368214 
2274485232865693124.mp3 :-64.921677 69.694305 25.752522 19.566540 7.531031 10.522288 7.164480 5.632163 -5.174251 9.231272 -7.400218 -1.252732 -3.274803 -1.454938 -2.947079 1.535274 -4.238684 1.066988 -4.372433 -1.829910 -3.671255 5.999648 1.240673 2.938802 -5.958021 -0.384831 -5.879062 -0.040741 -4.917690 -2.289526 -6.711320 1.377306 -2.299301 1.427558 -5.616554 -1.589499 -7.465946 -1.004744 -1.949127 1.900219 
2280837541650930057.mp3 :-155.885750 93.305008 -30.797012 26.123603 3.762954 -23.584112 -10.108543 10.606234 -26.218221 -10.924001 -4.408367 -9.157468 -10.790575 -1.229525 -11.822494 -3.038628 -5.756389 -5.058830 -5.704499 -3.486475 -4.574289 1.586582 -4.062662 -1.060584 -11.316498 1.730371 -5.758102 -1.874092 -6.329141 1.082160 2.953343 4.559327 -3.272377 0.639360 -6.826179 -2.024095 -4.473838 2.157762 -0.516877 -0.959259 
2217934873438525179.mp3 :-120.355070 82.913865 4.473800 33.385608 5.517698 20.552015 2.260113 -0.487032 11.124617 -4.108787 -0.965535 3.264438 -1.064543 1.918813 -0.393822 7.482796 -3.824575 4.596510 -3.610017 4.110775 1.426666 1.409799 -7.412953 0.262436 -2.947828 3.019039 -0.796189 3.233455 -4.608439 -3.766404 -7.142373 1.491143 -2.955567 -0.816930 -6.367944 -2.128286 -5.181672 0.514323 -2.744979 3.491792 
