1855060917172326288.mp3 :-170.064339 108.542820 -0.408610 45.703613 3.158508 7.567612 10.808530 1.893864 -2.208634 3.030914 -4.171356 3.323702 -1.107751 -1.704420 -8.488618 -6.107909 -3.354073 3.743897 1.320920 1.470829 -5.422221 -1.000267 2.012235 6.353184 0.401747 1.022272 -6.182631 -3.955491 -4.440948 -2.801982 -13.329463 -7.956687 -2.485562 6.257426 1.517379 4.451310 -3.031230 -4.425644 -4.793850 1.118213 
1819254754026362832.mp3 :-118.445421 89.568704 -10.907221 18.034113 -3.612099 -3.879919 -7.982480 -11.545817 -5.254398 -10.660637 -10.320476 -5.198112 -9.812594 -2.237137 -6.549831 -0.416812 -3.054612 3.534384 -3.413318 -3.244581 -11.202616 -2.527936 -6.179156 1.539813 -5.639298 -3.433444 -5.841457 -1.775149 -3.648738 -2.972259 -7.438282 5.240953 3.552642 3.643114 -3.475086 -2.195531 -6.151900 -0.892336 -5.147788 -1.413683 
1842893612071478480.mp3 :-140.347347 94.171557 -6.560168 34.295035 2.369761 10.720632 -4.876288 1.462844 -7.601473 7.844575 -6.399620 -0.517810 -9.809183 0.052695 -3.922923 0.254478 -1.476677 3.339429 -2.438737 4.628658 -3.310564 6.804091 2.851917 6.296991 -2.685539 2.997121 -5.496439 -3.006379 -0.809165 2.278712 -3.222007 -0.436838 -2.633261 4.356226 0.858173 3.548735 0.448889 -0.423166 -4.214216 -2.172646 
1829605179976577731.mp3 :-134.610252 82.264076 14.285420 27.332552 5.502269 6.710811 4.129153 3.211739 -6.147037 9.937646 -10.273630 4.095659 -5.716137 2.297557 -5.142236 -0.185195 -4.563240 0.863088 -3.123571 5.867577 -0.544233 4.644889 2.421360 1.087296 -4.514122 2.693448 -0.904183 4.914784 -2.001276 -1.963901 -5.724785 2.765756 -2.481789 1.633534 -4.671169 0.584594 -3.209117 0.019871 -1.843359 2.696326 
1879670631038617799.mp3 :-146.100471 92.471573 42.776887 22.206075 9.502473 9.063031 6.788495 3.769920 0.469883 7.989920 -5.934792 2.830222 -10.119971 4.029305 -6.771348 5.296191 -2.556165 0.797161 -4.700945 -0.985107 -2.037269 3.482094 -4.044055 -0.406776 -6.468114 0.501555 -3.949494 2.460144 -1.636563 7.381974 -1.281896 -0.685412 -7.087071 -1.353803 -3.920227 2.650259 -1.774305 2.840799 -5.173618 -1.626234 
1849695235444694912.mp3 :-86.202505 73.208519 29.788448 27.039239 -5.219324 9.209445 3.812592 -0.744141 -10.503690 0.866450 -12.212897 3.182589 -10.508830 -0.724390 -9.927390 -2.144019 -9.374918 3.317052 -2.773467 -0.861091 -3.197595 -2.438456 0.457672 3.847298 -1.992522 -0.014081 -7.687108 -3.715980 -7.487724 0.692260 -1.303399 2.930449 -3.947462 2.207976 -2.037345 0.729732 -4.536627 -1.590419 -5.980906 1.396650 
1851445411604311618.mp3 :-160.496697 106.876692 9.468428 26.003510 7.820234 4.578465 4.760448 4.269031 -15.106656 -1.901932 -3.927467 -5.184832 -5.056980 -1.570306 -2.632777 4.321476 -1.797189 2.288689 -3.524065 -5.394558 -3.675404 3.896567 -2.867024 1.354027 -4.023141 -3.349094 -5.528955 -1.992984 -8.444473 -1.263709 3.524024 5.449559 -2.104239 -0.065931 -2.113627 -0.398546 -3.268793 2.014471 -0.878337 1.533222 
1848987445591113304.mp3 :-106.394349 114.903834 29.755611 15.272828 14.060434 3.809143 -0.870373 5.007135 -7.043238 1.473346 -0.621938 2.805975 -6.623092 -0.756008 -2.617831 8.216474 -6.890974 4.977663 -4.133068 1.091092 -6.023728 1.109969 -3.942123 -1.427992 -1.954539 0.257254 -4.771471 1.473807 -4.707441 -7.352273 -3.189075 4.689100 1.008966 3.608646 -5.045444 0.352674 -5.772834 -3.974183 -8.004095 0.785207 
1866803190486033763.mp3 :-109.275239 101.914728 19.449884 34.277284 5.420594 8.828660 -1.375010 5.321776 -4.209783 1.707866 -0.243501 -0.784950 -0.459411 2.279402 -3.121618 6.463864 -4.723224 6.138749 -2.918779 -3.224270 -0.636523 -0.002214 -2.748490 5.221976 -2.549742 0.449605 -3.138792 -3.433057 -7.207505 -3.112940 -5.428210 3.301210 1.551807 2.568512 -1.873332 1.230531 -5.033212 1.334377 -3.533131 -0.518916 
1878527121856032884.mp3 :-174.471016 100.456129 29.058427 25.695636 6.102848 10.990445 0.411547 -4.377350 -6.865680 -1.885823 -9.935471 -1.342943 -4.047490 -0.574190 -7.886689 -5.109181 -5.147472 -0.542089 -6.588779 1.904017 -5.424626 -0.810910 -3.470964 1.289014 -6.375998 -0.567246 -5.486634 1.325855 -5.754648 -4.922321 -8.424293 -2.854181 -3.930028 -1.291661 -6.734953 -3.078830 -5.938359 -3.470160 -8.884845 -1.315849 
1860060762787195314.mp3 :-130.869689 103.975901 5.043742 26.467630 -1.751144 3.377903 -1.442766 9.593908 3.911619 5.770923 -0.169774 1.277893 -3.154880 3.158420 0.368290 4.460936 1.008692 5.344929 -1.587831 0.381660 -2.796662 2.190544 0.336481 0.591271 -4.209445 -2.092897 -5.185443 -1.753760 -2.418304 1.637537 -3.779211 -1.649459 -2.379416 0.412597 -2.758900 -0.818765 -3.110683 -0.910738 -5.452214 -2.585055 
1819491234090261486.mp3 :-34.954322 71.441294 19.172242 23.092392 -3.357162 9.257768 -10.844323 6.739513 -11.248309 1.618747 -4.770755 0.044126 -7.111925 -1.092854 -5.773068 -3.608224 -6.953565 -1.249595 -6.684718 -3.614048 -6.858140 -3.898308 -7.793771 -0.854203 -3.431761 0.785808 -1.363188 2.197912 -2.603392 -0.020621 -4.808660 -4.048049 -6.160392 0.876688 -2.945187 1.636443 -3.046644 0.619445 -2.312181 -0.596144 
1861438420737868452.mp3 :-130.652278 110.980851 -5.391995 18.052820 3.093472 7.688901 9.256208 -5.586238 6.922747 1.095005 -7.190275 -2.696449 -5.116481 0.137244 -3.776888 4.215047 -4.041318 1.096827 -6.975549 -2.155755 -0.424552 5.752623 -2.580121 -1.040024 -6.505029 1.493587 -3.362705 2.312439 -6.006237 0.907046 1.289562 3.347140 -4.095426 -3.036723 -6.724143 -1.647024 -4.647971 0.371233 -1.510186 -1.673971 
1834429902733410209.mp3 :-187.782089 99.022367 5.871098 27.410907 0.336726 6.239300 6.903333 2.603339 -0.174142 1.753530 -6.396890 2.226280 -2.419071 2.230830 -1.463303 2.810307 -3.454212 0.021436 -0.795276 3.291458 -4.962847 -2.205599 -3.662458 -0.442546 -0.145203 2.912239 0.176774 3.845168 -1.311790 5.177532 1.255628 -3.953845 -5.912880 -0.622666 -3.449334 3.204495 0.692911 3.576852 -4.479541 -2.703104 
183165826364426463.mp3 :-253.779515 145.490108 -13.728176 45.914503 11.548553 -2.134092 10.508984 -2.219095 -0.778683 -5.654053 4.973064 -3.223660 2.874378 -0.144428 -5.030570 2.610478 -3.692416 1.076814 -6.647751 1.530204 -4.890262 1.344989 -4.588599 -1.274212 -1.333040 -0.222941 -2.007783 -0.486676 -2.667615 4.534057 0.619115 3.818345 -4.854905 -0.284775 -4.224584 0.631876 -3.314186 2.556822 1.946513 1.360691 
1866635844971394042.mp3 :-60.022867 69.837102 -7.166043 15.200110 -1.553190 8.430176 -1.110426 4.200239 -7.317967 4.318449 -7.089226 5.468237 -2.902450 4.515872 -5.317224 2.324099 -5.761243 3.100250 -2.549461 0.847877 -2.926907 1.868187 -0.190444 4.700680 1.103815 4.297084 -1.235304 2.571091 -1.471572 3.753084 -2.383398 -0.399696 -5.455071 -0.671378 -2.197075 1.709771 -3.114825 -1.295207 -5.539420 -0.832758 
181687389480630286.mp3 :-208.324929 93.739550 21.272387 27.870943 2.927811 5.984211 0.298165 6.082440 -11.395703 -3.253654 0.559248 -3.274212 -6.915434 1.027683 -8.591239 -0.379990 -2.132247 2.517841 -4.774801 2.309888 -2.496220 2.667671 -6.396212 0.527684 -3.855480 1.270434 -4.359792 -1.085748 -6.031901 2.879162 1.592808 -2.776593 -8.896629 -3.328647 -5.456305 1.326941 -1.579130 0.547398 -2.212068 3.585169 
1847370827941966031.mp3 :-352.581019 191.052664 1.339877 5.951587 10.389351 -1.452291 0.328705 -1.409115 -3.334197 -5.079500 -8.251061 -9.535235 -8.101770 -5.692330 -6.885633 -7.781669 -2.903470 0.233371 -3.143139 -2.482347 -3.475756 -9.716954 -10.812774 -5.567267 -3.426643 -5.907289 -4.605218 1.266130 -0.432766 -5.008290 -0.737302 2.232974 -3.286438 -6.131774 -4.878866 -5.568013 -3.317351 0.362185 -1.621159 -2.183375 
1876602540474130347.mp3 :-251.798371 115.308717 -0.295492 22.391752 17.006128 5.110735 3.988175 7.557272 -12.986033 5.044723 -4.324426 -3.979545 -0.855126 -5.733861 -2.419307 -2.832749 -6.950827 -2.256317 -1.296412 -1.172024 -4.759350 2.433486 -6.729024 -1.785768 -3.037311 -0.332992 -1.214358 2.181758 -2.556543 -2.837614 -8.033596 -4.607199 -1.102137 3.778676 1.868885 3.549627 0.649516 0.275730 -1.514287 1.340532 
1822690535730713609.mp3 :-159.130653 128.534994 -10.707678 12.643252 -2.744615 1.176894 -3.946207 -3.055135 -12.896061 0.860433 -5.653603 -3.114019 -5.589434 -1.882945 -2.627793 -1.770346 -8.217386 -3.483751 -5.403486 -6.192372 -5.929084 2.294345 -4.592931 -6.585122 -4.502533 -2.629943 -8.457589 0.023246 -7.385893 -6.776691 -2.376141 3.585975 -1.759486 -2.252882 -6.926633 -4.856812 -4.873435 -1.255409 -0.066767 2.770966 
1877343258205023416.mp3 :-17.887920 70.776952 4.605945 19.332622 4.338178 12.024974 -3.068134 5.604239 -6.216312 6.075441 -4.341775 0.387651 -2.952441 1.395952 -3.820641 2.834015 -4.553395 0.905341 -3.639907 1.327284 -4.868463 2.974130 -5.597589 1.131689 -3.831963 2.203962 -4.436568 2.949278 -4.771613 0.149339 -3.127028 1.318467 -2.476007 0.556576 -4.175874 1.136902 -1.032225 1.497329 -1.665158 2.102471 
1829383603778972469.mp3 :-354.472719 205.054382 21.982829 -3.089175 6.724562 0.730574 -3.305597 -7.804777 -10.101404 -10.762041 -12.962976 -11.193935 -6.428915 -4.621456 -7.898198 -10.180615 -9.385349 -8.425514 -5.025722 -2.154258 -3.574539 -3.653090 -2.891144 -1.054663 0.907658 -0.770720 -2.604965 -1.408616 -1.559319 -5.511089 -6.859390 -4.109878 -2.769207 -3.045426 -2.501221 -3.101478 -4.039388 -4.073753 0.143276 4.187956 
1849560302870974049.mp3 :-94.740770 101.301498 -16.096107 31.726773 3.619935 11.774146 -3.414470 6.321180 -7.349414 7.211850 -0.913159 -1.596673 -2.030990 0.984092 -3.094169 -0.023884 -7.580446 -3.221278 -3.859060 2.234358 -4.422765 -1.706634 -5.551860 0.719837 -2.589124 3.773082 -1.871272 3.776667 0.671993 -2.696379 -9.255620 0.806555 -1.458562 -0.406167 -4.407331 -2.076923 -6.536984 0.023795 -2.314141 1.219077 
1858480028522875739.mp3 :-114.727962 32.725757 37.420252 5.160991 9.872668 -0.461487 -1.201486 5.915982 -12.589022 6.686541 -6.070280 0.272461 -8.053313 -4.886270 -4.521585 -2.490948 -10.810246 -1.335173 -12.197898 -0.153442 -4.134415 -2.310633 -11.137027 -3.206208 -13.956332 -0.046112 -2.211059 6.764807 3.613537 -2.158931 -6.573365 -0.417496 -2.048742 0.477626 -5.481633 -0.158499 -2.151132 0.898229 -3.062085 1.524137 
1858348628465316906.mp3 :-224.861778 105.922660 24.378726 19.900983 -2.634672 3.903047 -2.212821 0.577479 -10.458376 7.092261 -7.340405 -0.926481 -4.119364 -4.300729 -3.209606 -1.286888 -6.973177 -1.395281 -5.636594 0.761479 -7.056153 -1.104025 -5.277871 1.036544 -5.522088 0.115267 -5.387684 -2.504978 -2.212251 3.062676 2.134464 2.222756 -1.826698 2.433686 -0.323801 2.908464 -1.956137 -0.728421 -3.508135 -2.428089 
1840810082493459806.mp3 :-26.397648 71.203122 -0.706561 7.301456 4.815509 14.832817 2.840384 6.513394 5.712458 3.181956 -0.176355 3.445331 -1.198944 1.577441 0.498994 4.438671 -0.915838 5.569858 -5.691710 0.123786 -4.852525 4.067144 -0.575395 4.463436 -2.431459 0.915694 -3.220131 1.414260 -1.836580 4.445119 -3.438551 1.271507 -3.434648 4.167147 0.517616 3.537341 -2.196693 -0.695778 -3.233268 1.205571 
1872789591544235605.mp3 :-68.247088 95.390171 6.595323 15.909291 -1.948688 3.686508 -4.638164 -0.266584 -8.051669 2.674912 -13.968191 1.190913 -9.853837 -2.311564 -8.352736 -2.966391 -5.889168 1.616912 -4.826271 3.726275 -1.509949 1.097467 -1.369299 3.151309 -3.616436 3.184708 -6.053815 -0.682000 -6.665619 -2.144028 -1.826935 1.971052 -5.479990 -2.258836 -6.303831 -0.481675 -4.488306 1.265696 -1.915850 1.408223 
1805608639009394161.mp3 :-179.638663 110.396791 -7.094015 7.000745 5.864190 -4.729250 1.747713 10.037608 -1.844776 10.694231 -0.952933 6.471546 -1.617660 9.425096 -1.352029 5.991094 -0.935268 1.619534 -3.416949 0.570840 -2.989630 1.609698 -1.223596 1.570696 -1.954282 3.366772 -1.229151 3.831012 -2.336280 1.251507 1.041978 3.675026 0.138283 0.066923 -3.322975 -0.329420 -2.993669 1.050422 -1.668806 1.013923 
187015557313800225.mp3 :-75.737718 94.724533 12.975639 24.699146 3.079345 12.147955 3.537399 1.930025 1.734133 2.424495 -4.076914 2.568227 -1.465629 3.778129 0.483921 7.169188 1.498675 7.755176 -0.808645 4.142855 1.743625 4.049370 -2.598109 1.124695 -3.876541 -1.376099 -4.974443 3.399393 -2.186722 0.973497 -5.552703 1.437023 -0.337795 2.786746 -2.262690 0.884663 -5.049485 -0.727767 -1.675053 3.010985 
1866792352625196738.mp3 :-192.887851 103.630310 6.982830 24.499515 -10.032916 -4.147348 -1.652286 -0.395170 -16.754086 1.929935 -13.267346 -2.399062 -6.460167 -6.561264 -7.098167 -4.788010 -11.188157 2.556073 -6.999492 -4.568578 -2.214260 -9.345312 -1.772860 2.551293 0.389211 0.541848 1.592642 -1.965277 -5.507647 -3.364829 -3.777885 4.787050 1.897520 5.030009 1.973080 3.187465 -1.525894 0.448825 -2.988437 -1.014887 
1829202039841213093.mp3 :-167.198748 164.571875 -37.243270 65.619243 -5.600271 2.996322 3.084974 -24.592756 7.753579 -14.294571 -1.304171 -4.261947 -11.196405 6.156257 -10.699966 3.122333 3.371486 -1.630041 5.299019 -1.692618 6.421679 -4.370190 -2.894520 2.330169 -5.185892 5.590984 -2.120733 2.330916 2.927475 -11.915210 -2.319193 -2.699437 1.352542 1.208780 -5.457213 0.888393 -4.986151 -0.198956 -0.567966 -3.965914 
1811060179818336886.mp3 :-93.445887 101.461741 -8.551502 31.257789 -10.193868 13.542401 1.102275 6.747377 -9.906016 8.140237 -12.385719 2.291298 -4.757582 -4.191850 -4.772458 0.900170 -1.696558 4.684402 -2.277251 -0.387062 -6.278044 -1.204730 -1.788486 3.318012 -5.579675 1.411254 -5.362059 -2.096704 -9.698005 -2.928131 1.227381 5.306443 -1.554585 1.247996 -0.585806 1.803117 -3.135423 -2.126475 -3.444278 1.701249 
1835555083801086626.mp3 :-89.217342 81.939378 11.303680 30.360846 8.122240 12.491835 0.095527 7.590359 -9.250540 10.186873 -12.248437 0.276803 -4.198387 -3.504132 -0.796983 -4.451711 -1.664985 1.991549 -3.747386 2.110636 -1.853403 2.266815 -1.630736 0.712946 -4.921626 -0.966913 -6.511301 -2.086856 -6.907172 -2.476313 -0.390025 4.357967 -2.971652 -2.867813 -4.930762 -0.022595 -2.713762 -0.995991 -4.796894 0.506875 
1801890611836276358.mp3 :-191.426556 108.561576 7.711782 13.981843 6.072666 1.638286 -8.495314 0.386673 -11.348006 -4.400599 -3.917080 -5.933432 -4.435823 -7.215864 -1.685681 -0.289041 -10.330877 -3.967591 -5.681891 -3.622213 -7.791447 0.078716 -5.041165 -3.230747 -7.759085 -3.879453 -7.562431 0.604731 -1.166944 5.027473 -3.916155 -1.694157 -2.876762 -1.026222 -3.411613 -0.254366 -3.913780 0.662574 -2.350190 -0.061453 
1811932992741559096.mp3 :-162.390647 66.661280 23.903245 33.707094 15.458263 10.968511 6.019779 3.394280 -8.280608 10.267949 -0.646934 1.517720 -5.598645 -3.212816 -8.698189 0.739538 -8.819713 -0.055041 -9.160200 -0.078067 -0.996332 3.159818 -1.444532 3.201337 -7.058833 0.542956 -5.129276 -3.195881 -8.445940 -3.444542 -0.081721 4.282678 -6.156617 -6.196856 -10.626971 -1.988384 -6.191576 -1.628885 -4.781463 3.347602 
1843147177156031034.mp3 :-157.267456 110.702241 6.107100 27.968411 -4.596536 9.125948 -6.349912 9.294330 -14.933492 -7.293815 -8.702527 -4.620579 -4.955605 -1.729733 -9.112711 -0.652928 -8.554563 -0.922570 -4.036175 -3.055138 -8.758394 -4.325471 -3.490298 -0.550870 -4.494740 1.063919 -6.792432 -2.430716 -7.562171 -6.033373 -5.127966 3.430976 1.705204 0.935496 -0.186307 -1.106176 -4.088554 -1.477253 -4.278500 0.695340 
186326338073665632.mp3 :-81.646643 71.429221 26.910144 37.535702 10.558142 6.179080 2.572902 10.265120 -9.693906 12.987761 -7.403773 2.052970 -2.711247 -1.543425 -3.149034 3.054138 -4.338636 8.252034 1.258792 3.111719 -2.638795 -2.042839 -2.253105 5.193390 -0.759112 5.456957 1.857702 1.103754 -3.166346 1.449398 -2.186172 4.071840 -1.885609 0.305851 -2.134312 2.350756 -3.697115 2.192798 -1.793141 2.497198 
1881615854941423137.mp3 :-73.429956 106.163825 14.178987 27.622741 7.043017 1.374836 -1.665914 10.884441 -8.010985 9.171170 2.626027 -2.781949 2.643816 5.456576 1.180468 3.770531 -0.354951 1.874991 -1.464887 0.443414 -6.796252 0.525876 -1.182152 5.435117 -1.102752 2.078822 -4.455509 1.456129 -2.528495 2.773834 -0.848616 6.040020 3.169412 5.562622 0.235719 3.164615 -3.049342 -1.497208 -6.052268 -0.389135 
1876942159800286326.mp3 :-40.963512 85.811795 15.337494 20.799235 2.287692 2.862776 0.026575 -0.084558 -10.436824 8.498481 -12.802984 -3.180410 -8.529119 -1.919610 -5.776091 5.417216 -2.126055 7.967074 -0.026824 1.731695 -4.122419 4.028955 1.171577 4.234303 -3.515628 1.269238 -7.651024 -2.530994 -5.980755 -2.429385 -1.135706 4.079827 -1.106004 -0.572349 -4.144883 -0.893400 -4.693656 0.034530 -3.675488 -0.137415 
1867449611838877377.mp3 :-262.868919 118.757414 20.780589 17.701005 9.025123 9.274633 5.828172 5.908888 -9.705847 2.766809 -7.337622 -4.491305 -9.200873 -4.929211 -7.196150 -6.190479 -9.559982 -0.718981 -4.620930 -1.187954 -5.525982 -0.124688 -1.545971 1.918895 -1.892552 3.022731 -4.844824 1.723561 1.257877 2.802074 -5.982606 -8.218688 -6.617890 4.007926 2.833499 3.154099 -2.168301 1.040170 -4.090471 -2.339547 
18529079894944859.mp3 :-183.337733 79.778236 -0.098425 30.422798 8.199243 12.868714 -8.825979 5.845134 1.206653 8.526588 -0.327492 4.151717 -1.474549 1.606131 -5.846398 -3.131790 -2.053365 3.440613 -1.671665 7.286550 -0.408883 -3.269180 -3.533810 2.235841 -0.549615 1.842043 -4.744045 0.440599 0.249961 -5.190191 -10.143261 -1.258717 -0.214094 0.233553 -3.620847 -1.916554 -4.152053 2.688418 3.006536 -2.173888 
1842774852842388097.mp3 :-175.624347 130.491307 0.065121 20.972895 11.390967 -3.074765 -2.521424 0.862866 -12.802673 -0.293094 -9.937840 -1.530458 -5.020923 -0.941139 -2.202590 -2.603475 -6.854755 -1.426651 -4.778217 -4.861289 -7.716002 -4.729642 -5.014565 0.917195 -3.979989 1.309831 -0.670441 -2.486793 -4.166658 -3.041475 -0.872553 -0.154188 -3.669926 -2.218795 -2.785399 3.388288 -0.522679 1.234499 -0.752194 0.711704 
1811992023657256902.mp3 :-81.130768 82.007049 19.237783 35.092415 9.470237 10.584534 4.041941 11.618788 -2.856019 8.568866 0.706302 6.319338 0.454488 3.138533 0.732694 5.807073 -2.151398 4.702646 0.302251 0.820157 -1.623143 1.792858 -1.298699 4.728852 -2.173599 0.191629 -3.352761 1.641074 -1.119970 5.321702 -1.107480 3.662131 -2.129757 2.286345 -0.776710 2.218981 -2.631259 1.753872 -5.387283 -1.117765 
1864695815059209105.mp3 :-184.093368 140.482862 -2.284461 16.313380 6.895357 -13.878197 -6.221825 6.736479 -20.844289 5.953141 -8.681282 -4.795202 -5.201913 -4.531115 -7.493223 -1.424994 -5.357130 -2.388433 -3.781221 -3.863112 -7.521921 0.262309 0.956166 1.633502 -3.356965 0.684979 -5.455535 -4.599409 -6.800007 -0.116712 1.449211 1.809389 -2.177094 1.736420 -0.642310 2.459322 -1.195695 0.575479 -3.060501 -3.743348 
1813753107257184358.mp3 :-187.889328 120.137356 2.403447 33.532019 3.445594 1.626840 1.492028 1.867422 -2.047770 1.641872 -9.102208 -1.407403 -2.424540 2.860169 -1.655982 3.342482 -3.512203 0.685743 -5.738199 0.380352 1.275813 4.274773 -1.748637 0.241173 -3.145843 1.174724 0.030701 5.225855 4.207616 -1.397550 -6.272948 2.217125 -0.322188 -1.308411 -6.106673 -4.785550 -6.734208 -3.299836 -3.433998 3.229152 
1870514198954953199.mp3 :-103.402319 83.043381 20.776884 34.222825 7.266212 12.810630 -1.641624 9.894118 -6.880606 -0.217606 -0.759974 2.420119 0.308451 -1.268441 -5.136943 -0.455429 -10.261607 -0.846010 -3.502751 -0.699585 -3.687709 2.077751 -5.998073 -1.283311 -2.331936 2.841878 -2.737544 2.416646 -5.489654 1.349629 -1.415536 2.727453 -4.555398 -3.462412 -6.039799 -1.408993 -2.607864 4.511267 1.377124 2.660476 
1813592084341375456.mp3 :-77.524688 102.796116 6.191177 28.417140 7.389313 11.926132 -7.363728 12.894614 -8.977967 4.520175 -0.422362 -4.589907 -2.284584 1.226230 -6.189978 1.968424 -5.248305 1.020917 -6.515601 -0.626563 -4.039705 -2.220663 -5.799241 -1.803140 -5.422725 1.671411 -2.483532 3.764736 -1.729487 1.531142 -6.601772 -0.083584 -3.841897 1.261211 -0.436811 3.777845 -0.807124 3.850094 -1.823791 0.487463 
186378309864736146.mp3 :-79.654416 99.594073 -5.494501 18.032812 14.931906 -4.977071 -4.060857 1.160331 -9.155816 3.226347 -7.288787 -5.711904 -1.582802 -0.544529 -1.474600 -3.193392 -0.358177 0.534537 -2.735915 -4.415314 -5.390212 -0.686125 -2.413209 1.397053 -4.658870 0.851529 -4.019028 -2.023464 -10.074427 2.569242 -1.318780 8.015487 -7.855423 -1.045366 -6.694711 1.952204 -5.401734 1.171903 -2.772007 3.227193 
1865548050006346703.mp3 :-66.731925 53.071577 3.733578 25.188002 5.207614 13.384922 1.958997 7.322048 -1.137029 5.016873 -5.065500 0.823185 -4.420681 3.233963 -0.376746 7.079117 0.181582 3.337012 -5.641592 -0.684522 -5.186931 0.671704 -3.645897 -0.609889 -5.981774 0.490120 -5.194375 0.218093 -4.358554 2.845974 -0.366380 1.947514 -3.456098 0.110932 -2.184044 1.209677 -3.234759 0.040657 -3.907621 -2.288324 
1862086243187902203.mp3 :-156.894613 97.124789 1.009197 13.601258 -2.146138 8.932684 -19.075661 28.414855 -18.982179 2.657419 2.435812 -5.556812 -5.516694 6.510949 -9.276584 -1.495689 -6.824488 -4.458512 -9.941190 -0.072375 -6.295762 0.697407 -3.298323 -2.566044 -7.314726 -2.123949 -2.855300 2.161020 2.215012 2.638451 -2.494437 -1.022048 -3.772847 -1.984421 0.460118 -2.073256 -4.251668 -2.108725 -5.910082 -1.067603 
