6467115258960833915.mp3 :-82.191053 94.581766 28.916814 31.769539 2.602654 11.289614 5.709122 9.867473 -4.431571 8.436216 -6.153444 3.766025 -0.444284 -1.698246 -4.817125 5.974390 -4.526874 3.255763 -0.591589 -2.182989 -5.713546 1.691804 -5.894864 1.983309 -3.257052 0.216886 -5.463276 3.317379 -1.564318 -0.605750 -4.437416 2.125127 -0.232053 3.055727 -1.292046 0.696485 -4.407932 -1.208636 -5.698535 -0.670977 
6481720056091167454.mp3 :-231.843652 113.449864 1.919354 12.584112 0.467934 -2.827555 -2.809612 -1.184612 -12.440106 1.520061 -10.246645 -7.076550 -9.003457 -8.280106 -6.288182 -3.134049 -2.949541 -0.073234 -4.828373 -2.387937 -4.238692 -2.996610 -4.449128 0.862317 -4.015935 -1.055221 -4.800074 -1.565306 -4.156322 0.809537 1.069145 1.267049 -5.530887 -4.477739 -6.125345 -3.257103 -3.125335 1.495618 -1.966647 -3.152499 
6516638690139762664.mp3 :-78.329930 66.915918 4.473729 42.369220 8.451503 5.690401 6.601231 0.632378 2.884071 6.454723 -5.442529 8.374735 1.235953 5.059498 -4.492211 7.829716 1.040846 7.312593 1.907484 10.232789 2.546266 7.116475 -5.171745 -1.166175 -4.470923 0.956852 -5.254432 -2.690411 -5.820573 3.849155 -2.789320 -0.167234 -4.207073 -2.022324 -4.181722 1.713055 -1.138231 2.342773 -0.915110 2.084711 
645215195291030106.mp3 :-64.999753 83.752346 6.529347 21.413664 0.169498 5.292733 -6.351348 0.218860 -0.901241 1.774912 -7.750108 0.662143 -5.738264 2.427139 0.138184 3.070644 0.001582 3.570052 -2.244236 0.097005 -5.552717 1.807338 -1.964540 4.919608 -2.474309 2.578252 -4.001924 2.534246 -2.300511 0.300431 -4.494199 4.213923 1.478693 2.059907 -1.654054 -0.079311 -5.646584 0.994241 -3.724595 -3.156778 
6493161920976492758.mp3 :-137.367099 59.490541 1.869944 27.318495 -4.486390 24.967765 -8.008292 12.216980 -8.519144 1.170705 -2.738851 3.520404 -2.262202 1.313000 -5.173120 0.052406 -0.419367 -0.906273 3.281037 -1.929026 -8.511103 -3.322690 -6.457821 5.696813 -8.048575 3.082599 -4.169186 0.269590 -2.385774 -0.729452 -6.556581 -5.879914 -0.404434 0.575010 -2.746364 -2.889132 -3.746588 -0.126105 -8.174090 -0.757028 
6496104888066479670.mp3 :-222.434557 115.777880 8.303267 47.900960 2.157584 9.077707 -1.918597 4.404668 -4.477894 -0.438114 -6.958564 -1.897344 -6.433926 -1.311826 -2.448607 1.062052 -1.241484 3.513730 -1.140871 -1.275016 -5.835912 -2.485471 -2.200429 4.186336 1.648030 3.634020 -3.458967 -0.537003 -2.122699 2.515798 -3.387640 -4.446125 -3.570537 1.892568 -0.601468 1.097619 -1.425366 -0.563310 -6.231202 -2.236959 
6490949732505819128.mp3 :-42.352081 79.792040 12.378839 19.221255 2.960195 9.497610 -2.116944 6.661507 -4.529975 1.979181 0.328358 3.373528 -0.342733 1.597905 1.285334 4.653472 -1.109383 3.483124 -1.907196 0.490055 -3.737872 3.485818 -5.970138 -0.043621 -5.310814 3.153776 -2.739077 1.675828 -4.925415 0.525580 -0.416255 3.167504 -3.210113 0.560057 -2.560784 1.391540 -0.642518 2.195290 -0.671270 3.559673 
6490747188691216949.mp3 :-88.633338 92.005631 -4.112214 30.520205 -1.337027 -3.337530 10.063696 2.127816 -8.517332 9.314141 -7.274215 5.663744 -6.352909 3.470561 1.678544 7.052153 -1.758108 7.469728 -5.841420 0.724033 -3.414530 4.415481 3.410843 3.239053 -7.736081 -1.564746 -8.875258 -3.324452 -4.384851 3.633513 1.745627 2.416587 -3.619205 0.176286 -3.099947 0.350242 -7.394761 -2.006910 -3.127003 0.597925 
6445294451555061308.mp3 :-137.737041 112.060633 0.472696 30.417300 1.506795 8.618422 -5.274533 7.622975 -1.222089 7.433834 -2.177592 1.852323 -4.280468 2.553591 -1.129062 2.577047 -7.467470 -3.379350 -7.110012 3.145173 0.293115 -3.447436 -13.536752 -4.351697 -4.149058 1.433157 -3.151669 1.138665 -0.571058 2.595102 -3.181510 -2.777021 -10.848755 -5.455330 -5.131797 -0.006909 -0.972340 2.789527 -0.225224 2.351443 
6481165899459735110.mp3 :-40.835070 90.875970 -6.184201 24.430047 3.917165 8.687884 -6.343943 5.440415 -9.843212 0.796791 -5.950247 -5.869546 -6.265600 -1.243161 -5.471318 -1.118395 -5.428272 -0.048309 -2.479257 1.430496 -6.810771 -1.036913 -3.625726 0.440866 -3.697327 0.079350 -5.908844 -0.120110 -3.654971 1.921234 -1.984614 1.653013 -1.732495 3.437353 -0.848446 1.059620 -4.151042 -0.933708 -4.855855 0.021734 
6507960520926001829.mp3 :-131.717409 82.522488 13.978330 24.242837 1.324870 6.225229 -1.155335 0.957287 -4.794527 9.514304 -7.165632 -3.457356 -3.085009 -0.455639 -2.551862 0.294490 -0.825448 4.990269 -4.720807 -1.267639 -5.364641 -0.175956 -2.381276 6.476687 -1.386351 0.749986 -6.466787 -0.926868 -2.098346 1.576316 -5.021350 -2.437185 -2.618963 2.766378 -2.017192 -0.086066 -3.500021 -0.493205 -8.586771 -5.148771 
6459885080086414923.mp3 :-216.983648 88.797476 21.427530 37.512621 16.170685 5.873205 -5.422460 -3.087625 -9.604504 -4.276265 -13.893733 -5.663512 -9.364131 -2.728385 -3.073263 -5.454116 -2.249236 0.715624 -5.585604 -5.410186 -4.972537 2.260151 1.203552 3.235338 -6.535642 -0.831055 -5.338939 0.356532 -6.006949 1.094300 -2.605156 2.225371 -0.199248 2.749075 -1.866108 1.096240 -2.068155 -1.428435 -1.591400 0.248451 
6486811085290760133.mp3 :-85.517304 92.915552 19.064258 27.331662 7.216445 7.708649 -0.114516 12.313616 -10.327567 3.893229 -1.050150 5.005860 1.982976 6.198708 0.535796 3.607184 -3.544531 -0.689557 -1.136509 2.003481 -5.019456 2.013255 -3.121477 2.537811 2.571811 6.576109 -1.743265 1.524747 -3.078928 4.166907 -4.451093 -2.720306 -7.443191 1.311768 -4.162237 1.932715 -1.796496 2.001638 -5.934407 -2.996686 
6483544333218489206.mp3 :-105.826818 97.498359 2.548269 24.198051 1.117361 -3.101799 9.949817 5.954184 -12.582941 4.043434 -7.134565 2.607890 -0.801886 1.776960 -1.424273 -1.927162 -5.884975 2.289473 -4.504617 -0.842862 -10.050697 -2.196637 -3.650967 4.115556 0.353046 3.860579 -6.209587 -0.490916 -4.436562 1.135468 -6.659785 -5.192602 -4.989604 5.300201 2.169016 4.279606 0.282114 -1.615070 -7.703392 -3.967294 
6495971812681947742.mp3 :-135.980814 96.403355 16.558644 35.495548 2.272186 4.733497 0.424355 -4.133421 -15.647517 5.183898 -14.995860 0.440055 -11.364726 -7.093626 -9.099516 -4.136754 -11.399628 1.731261 -9.199312 -0.757514 -5.207907 2.518522 -1.672864 2.819595 -6.519106 -0.734296 -7.472705 -4.341330 -9.652256 -1.038278 -0.442813 0.724857 -5.855129 -5.759187 -5.833504 -1.538966 -4.047459 -2.651501 -6.914974 0.821772 
6460986324843948181.mp3 :-123.131877 80.855923 -9.478385 35.829234 15.445800 8.530238 4.632297 10.247200 -3.833155 5.821697 0.706127 5.488724 0.333944 3.054300 1.036738 6.051853 -7.049542 3.849720 0.761127 -1.180615 -6.141415 -0.271889 -3.489629 2.735844 1.987297 4.526408 1.301024 4.454565 -0.155986 2.475063 -6.085631 -1.391881 -1.799427 2.384911 -0.179225 1.904257 -0.438313 0.649076 -1.896008 0.855511 
6458529377105819113.mp3 :-85.520476 84.361800 8.590727 28.059470 7.876786 14.123659 3.252051 11.978436 -2.457734 8.996475 -3.817930 3.206996 -3.150146 3.278265 -4.693182 1.294230 -2.381041 1.216160 -2.516359 2.747938 -0.853794 0.342224 -4.123695 0.939791 -4.398621 0.859141 -4.020583 2.222416 -2.655993 -0.003436 -4.604106 3.691694 -1.809314 0.148125 -3.641102 -2.124398 -5.412958 -0.898151 -2.888468 0.186546 
6504804964113964255.mp3 :-119.243869 110.319303 15.209200 34.386323 8.665026 8.986451 1.941186 4.569699 -8.515815 4.417651 -5.413280 -0.386383 -7.453050 -0.097204 -4.256691 -1.396314 -8.312930 1.885670 -4.845962 -5.865299 -1.548276 0.844335 -2.308363 1.175236 -7.607913 -1.680304 -4.147124 2.881084 -2.634239 -0.316108 -1.203083 5.471863 0.261964 0.230966 -5.868502 -3.255365 -7.526964 -1.942748 -3.390643 2.111791 
6467509709706605534.mp3 :-62.321632 75.961107 11.116607 31.485990 8.211181 13.336723 2.031806 6.750399 -8.482805 2.814565 -4.195365 -0.708328 -3.606917 2.018486 -5.222750 5.875214 -6.953348 1.807388 -4.664993 -2.176969 -3.812698 0.814019 -4.897468 3.054019 -0.955225 1.760941 -4.582050 3.774491 -1.131717 1.216522 -4.826941 -1.310012 -2.942213 4.629843 -0.285425 3.790553 -1.484082 3.103064 -1.082529 -0.161991 
6454161773115521120.mp3 :-130.469791 94.044966 21.536434 19.731226 7.230097 10.861384 1.239442 6.555608 -6.798264 3.981129 0.562684 2.463667 -1.960790 3.848717 -6.429043 1.991758 -4.871255 2.616736 -6.511219 -0.282855 -3.569268 -2.403239 -1.925133 3.548609 0.312185 4.193825 -0.887876 3.159218 -2.874328 2.340544 -1.653727 -2.475031 -4.100443 -2.031932 -4.091606 5.198943 -0.636626 3.557869 -0.889262 0.091191 
6503182015774870036.mp3 :-74.558844 89.653192 7.303326 29.338009 -2.158828 7.541079 1.007940 8.175926 -7.471545 5.933443 -0.264813 1.764631 -0.121935 1.008705 -1.653303 3.279965 -5.995322 -0.457057 -6.381312 -0.720211 -1.832195 3.161457 -3.430257 1.749074 -3.142036 0.386317 -4.216185 3.888195 -1.886979 0.636978 -0.501508 6.908236 0.547908 0.961691 -6.859900 -3.754503 -7.210493 -2.143661 0.380196 5.722796 
6483649510941439150.mp3 :-134.211519 92.196106 8.878251 42.280978 2.692122 3.072390 6.583575 4.673566 -10.961976 6.841039 -5.578754 0.679403 -8.211495 -0.709010 -6.042456 0.619936 -9.014823 -4.065174 -8.744260 -1.478276 -5.550514 0.235948 -9.030658 -0.640668 -8.235398 -5.799973 -3.048571 0.565714 -4.744489 1.942947 -1.374982 3.168061 -1.171069 1.232436 -4.743529 -2.165993 -6.394919 -2.080248 -3.019109 1.397424 
6516425900608975659.mp3 :-491.348653 134.176476 58.091352 29.646087 23.050706 14.194096 7.737712 2.907351 -6.261415 -4.299052 -6.820666 -9.344814 -9.857219 -8.386371 -7.992212 -6.607064 -6.073127 -4.782732 -5.334809 -2.087243 -5.086876 -6.109950 -7.532963 -3.285141 -3.566390 -4.268221 -3.520160 -3.546248 -6.105050 -5.393031 -3.957878 -1.783826 -1.012639 -0.387906 -3.222944 -2.965437 -3.679738 -3.876674 -3.070774 -1.288980 
6477405670092103878.mp3 :-73.936792 90.337720 9.159422 12.349085 7.170527 1.567113 -9.070286 8.385111 -12.970334 4.926675 -10.710869 -7.031322 -8.220932 -4.236026 -10.124464 -2.338918 -10.049285 -3.328201 -6.716828 -0.435110 -2.468335 2.690351 -3.346747 -0.625049 -8.852132 -2.982086 -3.906260 0.765949 0.820530 4.477065 -5.225099 -1.975818 -2.706631 1.013646 -4.916210 -0.176494 -5.284872 -2.861692 -7.172544 0.516411 
6518996065775406160.mp3 :-141.804329 75.434557 22.902089 16.843821 6.891934 14.484097 2.833591 8.157389 -4.120251 6.141044 1.476384 4.696440 -1.643576 4.108250 -4.745919 -0.297765 -7.188527 0.711211 -6.041630 -2.130069 -2.268748 1.306022 -0.402792 4.111870 -3.269902 3.244908 -3.175142 -1.131519 -5.707263 4.041628 -0.487110 1.218322 -4.390487 0.726494 -5.118632 2.896013 -3.219907 1.191505 -4.016862 1.995445 
6487082620971373868.mp3 :-196.718048 111.883636 11.104462 36.290502 5.514982 11.027486 -0.628561 6.480270 -3.302926 0.569070 -3.442963 0.467678 0.420368 3.885045 -4.389653 1.859201 -4.822249 -0.898899 -4.932459 -0.633351 -2.912961 3.634999 -3.558919 1.019510 -3.223833 2.089063 -3.101263 4.244328 -3.124854 -4.632798 -1.740581 3.815137 -0.418188 -1.866931 -7.113979 -6.946773 -9.180650 -3.891327 -2.335374 2.792572 
6482265686593197259.mp3 :-40.899006 95.288297 6.959962 22.272752 -8.715830 1.648816 -5.456556 9.638436 -15.846953 -0.147080 -5.448003 -3.333853 -5.704713 0.090350 -10.049878 -1.272713 -7.220782 -0.265757 -6.168532 0.204354 -7.320507 -0.603513 -3.389781 -0.885299 -2.469908 2.430136 -6.980261 2.155426 -5.674774 4.911571 -1.618189 1.122241 -2.275670 0.871393 -1.390222 3.405157 -2.054908 0.304957 -4.408474 -1.586803 
6480755351588757284.mp3 :-106.212756 81.062770 32.817574 29.645961 4.463859 11.514940 9.006214 -2.586411 -2.778153 3.812478 -10.953251 1.502371 -2.277893 4.352566 -0.962929 0.650377 -4.056188 2.805816 -8.399653 2.000986 -2.726589 2.055359 -2.434975 -0.886648 -1.105961 5.614633 -5.713934 3.005629 -3.329140 1.974204 -0.968431 -0.332145 -7.985506 -0.689449 -4.948735 1.596560 -2.656647 0.297320 -2.616721 1.099284 
64581911070210308.mp3 :-301.760267 169.262505 -16.992095 -3.724270 9.520629 -7.447751 -8.161987 -5.975504 -7.043216 -7.605363 -9.707181 -10.701048 -10.359414 -6.599995 -3.693364 -4.550425 -4.504411 -3.615113 -6.769127 -5.008976 0.556543 -1.352213 -7.665405 -7.948823 -6.458232 -7.526011 -6.301622 1.262700 3.870857 -5.854195 -11.032389 -3.649001 0.455719 0.892769 1.093707 -2.382671 -4.155615 -2.390963 -2.361412 0.553978 
6513292776907667831.mp3 :-278.942358 123.511787 10.715344 43.113170 9.947326 5.643390 -0.492989 3.352041 -2.296521 -2.657466 -4.781246 -2.838619 -9.077704 -4.929371 -5.688811 -3.096622 -4.960265 -3.512236 -2.485309 0.499684 -1.857651 1.568503 -2.743020 -1.784549 -3.795576 -5.137350 -9.083944 -4.668938 -8.158559 -6.241716 5.569772 3.192391 -4.345008 -3.238166 -8.511584 -1.525634 -4.910257 -0.977341 -3.686376 -0.662950 
6482263102861444806.mp3 :-54.508117 101.660429 23.457683 18.028464 8.691190 5.948027 2.527811 3.003243 -0.879799 10.018653 0.479074 7.002758 0.968996 2.698004 -1.442605 -0.050690 -6.825388 0.926815 -5.954077 1.302778 -1.942316 4.072766 0.775620 8.550871 2.708246 9.643405 8.110659 9.933812 1.402918 3.255986 -4.804046 0.248828 -0.270213 3.906723 -2.394639 -0.500093 -4.870455 0.026124 -4.434349 0.377177 
6452733500433497303.mp3 :-119.151326 87.416912 24.603595 22.492114 12.273935 1.086784 -6.088527 8.978163 -7.064657 5.726611 -4.205442 -1.162029 -1.694775 -5.869836 -5.606161 -2.868171 -7.218912 -1.650472 -7.759654 1.549136 -2.390251 0.957408 -4.581660 2.828372 -1.675976 0.567662 -6.260626 1.296456 -3.011035 2.877003 0.364283 5.084758 -2.774333 1.714592 -3.440627 -0.917382 -4.590365 1.183186 0.204717 0.024376 
6511335517557334430.mp3 :-184.612501 126.645289 0.936748 2.692222 5.347795 -9.388560 -7.271101 -4.795644 -11.199377 5.498630 -16.262963 -4.073763 -4.600866 -0.282229 -3.217072 1.323123 -6.300706 6.785984 -6.313000 2.921772 -4.499984 7.990485 4.612493 -0.466666 -2.708804 0.244664 -6.193974 2.697343 -1.744453 3.649618 0.640840 1.511392 -4.475166 -2.711271 -3.224686 -1.043925 -2.857697 -0.942257 -3.843523 -2.533910 
6449243722494465020.mp3 :-128.814575 97.740775 13.967634 17.793406 6.500729 10.185484 -2.312518 6.903033 -8.737453 5.264467 -2.387002 -2.112694 -3.131226 -1.543310 -4.727076 -0.243308 -5.350258 3.381317 -7.229470 -1.365673 -6.197446 0.594581 -1.790334 2.989115 1.130635 0.411057 -2.268266 -1.017638 -3.774785 3.745512 -3.181637 1.762063 -3.978358 2.462313 -3.707408 1.752635 -4.676551 1.775458 -4.918107 -2.189001 
6509965142773175530.mp3 :-136.614232 77.789956 16.467572 10.196546 5.365206 7.044292 -0.313728 5.625201 -4.817522 8.036663 -3.502860 4.208000 -3.314489 5.705923 -2.466059 3.066190 -2.533597 3.748004 -4.355843 2.829948 -6.903036 0.769198 -2.900590 3.252226 -2.147571 5.909705 -2.577744 -1.194723 -2.348778 0.943992 -3.283548 -5.333905 -5.535997 -2.630385 -3.128190 0.498994 -4.049133 -2.798872 -4.226943 -0.308893 
6468758583159012869.mp3 :-146.727190 105.610127 -1.775585 18.791564 -2.872050 3.956866 1.814547 2.407722 -2.828849 9.539874 -6.906525 3.131711 -2.905449 3.361271 -2.209908 2.256799 -2.304528 3.078869 -5.038602 2.062934 -5.916914 -4.109653 -7.274796 0.140078 0.461867 4.138303 -1.159734 2.087493 -4.033140 -2.186000 -2.843821 -0.806257 -3.360150 -0.183384 -2.869704 2.343500 -1.578549 1.617120 0.544912 -0.751214 
6472952872291637537.mp3 :-87.000169 121.646926 -55.631907 33.254435 -14.130196 12.630153 0.424606 -10.727920 -12.491271 -6.668174 -11.360793 2.671889 -7.148554 -4.493016 -4.787377 -3.874203 -3.357976 1.850164 -11.353720 -11.463008 -10.648487 4.848792 2.313281 -0.202273 -9.930030 -9.380132 -8.382732 -6.169654 -6.889373 2.212947 1.697255 0.570330 -2.347440 3.330628 0.380683 -0.830492 -3.478377 -3.610453 -6.692418 -2.849546 
651252698472290843.mp3 :-234.086686 86.030294 -2.555678 23.867891 -12.184059 -13.111803 -0.618102 -4.975135 -17.406836 1.588078 -8.989593 -5.303977 -7.365192 -1.470924 -6.806074 8.200336 4.847548 9.688734 4.030496 -0.280357 -12.330483 3.124288 -3.594937 4.761050 -1.480332 1.277457 -11.204409 -4.435242 -8.927836 0.699613 0.895410 1.405287 -4.749074 0.673289 4.049890 7.010696 -6.974312 -5.164923 -5.765745 0.396170 
650869880612505027.mp3 :-6.706457 69.076772 -13.463371 29.947750 3.249593 6.610547 2.609215 2.799162 -0.607352 3.608304 -8.116246 1.620092 -5.177344 1.793869 -3.947797 2.333683 -3.880438 0.866020 -5.775814 -0.672176 -6.203244 -1.835886 -7.685453 -0.566806 -3.617918 1.382468 -3.494440 1.203127 -3.021682 6.126370 1.325973 1.934741 -4.312278 -1.220108 -4.215311 0.228642 -3.248519 -0.595694 -4.296398 0.765095 
6507948558000999100.mp3 :-105.674592 90.845896 26.530562 40.525864 5.580510 10.728269 -0.663248 9.234755 -10.757060 8.629760 -7.782764 -2.526112 0.024366 -3.497712 -3.540077 -1.453211 -7.629288 -2.150550 -11.664002 -2.122018 -6.670677 0.126753 0.957450 3.335034 -2.984216 -0.769087 -5.471647 2.725931 0.320135 0.518362 -2.928813 1.685786 2.224867 6.520486 -1.022770 0.773339 -5.332468 -1.673598 -6.735505 -4.199846 
6462711908112556161.mp3 :-43.845559 91.891123 4.731204 26.529898 -0.111175 6.883663 -3.074544 7.871842 -12.976198 8.702297 -0.647491 2.936098 -1.161949 3.604616 -2.552642 2.908536 -5.261763 3.066848 -3.300973 3.336442 -2.831103 2.308365 -3.399762 3.941139 -0.520310 2.625797 -0.593166 1.208421 -4.750428 -2.567269 -3.599363 1.029890 -3.303658 0.932612 -4.374564 0.793602 -3.531821 0.407363 -3.853334 0.069778 
6462082297704343489.mp3 :-157.783201 103.522168 -0.892905 17.743815 -8.556168 2.595012 -6.097337 3.724818 -7.424555 2.538025 -7.985610 0.834591 -3.292363 4.452139 -0.489008 4.785296 2.735431 4.396574 0.643686 0.591089 -1.030125 4.957909 4.285028 2.618493 -6.915633 -4.119509 -4.431741 0.659922 -5.804212 -4.086465 1.546696 8.927943 2.391814 -1.414561 -4.346533 -2.675357 -4.735504 0.670504 -0.164574 0.337464 
6493123297873446054.mp3 :-131.458492 102.363875 26.586233 27.109477 9.001012 12.329564 -3.466375 7.080327 -9.017424 7.979064 -4.802258 -2.813754 -5.440336 -2.736498 -2.010515 -2.464438 -4.685646 -0.090741 -4.336563 -0.191529 -8.480247 -1.836515 -3.603599 -1.481826 -1.514958 3.957812 -3.150291 0.146482 -4.132426 0.062756 0.080636 3.343507 -2.174993 0.251002 -3.994597 -0.777293 -4.156488 -1.598032 -4.353445 0.266017 
6452078675534630381.mp3 :-175.730437 114.277745 24.345094 22.299512 8.632175 3.483492 -4.263586 5.402937 -7.726590 0.488561 -4.938451 -3.513011 -4.717678 -2.278139 -7.317729 -3.006696 -7.030718 0.224266 -5.022672 -2.137564 -1.488550 2.561184 -0.833993 0.090137 -2.248954 -2.972590 -10.072731 -2.990627 -6.500832 2.812236 -1.748893 0.257177 -5.341264 0.215131 -1.213998 2.272713 -1.881276 1.612774 -3.010537 -0.546259 
6495534970906826427.mp3 :-57.702314 87.737513 -27.994298 18.571008 -4.735381 -4.412998 3.092452 -2.124300 -17.687134 4.813131 -9.018271 3.121168 -5.124335 -0.394728 -10.635284 -1.108763 -7.216895 2.872557 -1.703944 0.395076 0.858349 -0.959400 -13.022077 -6.006259 -7.341652 -5.520930 -3.680203 1.773523 -4.683764 -2.406782 -6.333584 -0.699403 -3.246207 -2.360542 -6.704739 -2.132924 -6.436287 -1.038687 -2.433946 2.839304 
6477829853384767997.mp3 :-132.314323 100.766632 7.591881 22.823860 3.059566 1.423837 4.196745 0.222775 -8.601660 0.431968 -7.921412 -3.134972 -10.538287 -4.739264 -4.851390 -3.136727 -3.704312 -0.787316 -6.313696 3.559650 -1.435690 3.087305 -3.814638 -2.157635 -9.850430 -1.540594 -4.516071 3.869246 -0.429127 0.525034 -6.547580 0.969187 -2.472754 2.114729 -3.527275 -1.472331 -5.671846 -1.262555 -2.017866 2.539555 
648718014752685829.mp3 :-139.666011 104.886328 -11.081259 25.113829 1.722925 5.350526 4.916464 -4.126584 -5.177385 2.215556 -9.466227 -2.865849 -1.133690 -2.205980 -3.528564 4.050539 -1.718069 7.376456 -4.569893 -3.592793 -7.167451 -0.307002 1.648950 2.708137 -2.420521 -0.608040 -5.735985 0.612584 -4.207086 1.163402 -2.307196 -0.474876 -1.151654 2.268300 -1.092940 -1.154986 -3.429447 -3.409944 -6.073183 -1.769217 
6502430118925367755.mp3 :-63.509281 82.042499 26.754628 28.849549 5.891537 7.141353 2.519509 5.083860 -4.170485 4.812829 -6.866234 -1.888230 -6.695026 -0.935913 -5.036683 0.656233 -2.646293 5.837428 0.435052 4.246230 -1.271612 5.769003 -1.729160 1.272294 -5.698234 2.186744 -4.296154 0.077160 -1.275759 3.004735 -2.144351 1.873987 -2.389543 1.495097 -2.066360 1.760431 -1.722106 1.249514 -0.510054 2.695059 
6479170317539622400.mp3 :-279.631761 157.916211 18.750273 20.395281 8.965690 4.824874 -3.522037 -1.610264 -5.744398 -4.322403 -5.239490 -2.501850 -4.169822 -3.299223 -4.665278 -5.552954 -5.432227 -2.814338 -3.775331 -1.437375 -2.680759 -3.664060 -7.913433 -7.375969 -7.165464 -2.652702 -2.170849 2.001827 2.854004 -0.235110 -6.762300 -5.346223 -3.857820 -0.113369 -0.743618 -1.466851 -3.353663 -2.086432 -3.289852 -2.565110 
6503872812830254871.mp3 :-49.038720 70.595695 15.747467 32.623568 9.271764 16.319261 3.920090 7.432036 -3.122509 8.348345 -0.944854 6.034848 -1.741529 4.416645 -2.204871 1.786354 -3.950478 0.692736 -5.743181 -0.857079 -4.030084 0.473097 -1.396612 5.305442 -0.780800 2.684778 -2.394274 1.178990 -3.546608 -0.165462 -6.124409 -0.692144 -1.896622 3.447350 -1.555277 0.250372 -4.953920 -0.601857 -2.573856 0.370118 
