3177131087482350223.mp3 :-133.772344 94.452328 11.607258 28.114892 3.102690 5.427248 5.607336 0.500888 -4.519391 5.109843 -5.821476 -1.739029 -4.777832 0.819225 -2.500194 5.666120 -1.613024 5.613345 -1.488611 0.365380 -5.001524 1.507482 0.789990 6.908717 1.047053 5.155507 -5.014699 -1.902789 -2.591540 0.889492 -2.669464 -0.339164 -4.226986 2.508572 0.405703 5.087890 -0.609812 1.958320 -6.538454 -2.160675 
314503873656573381.mp3 :-129.604420 80.172827 13.641893 37.040608 -0.696106 5.831376 3.205537 7.180744 -14.341145 1.495812 -9.111315 1.049992 -1.960660 -3.095470 -7.120005 0.624569 -4.627679 2.312015 -5.195601 -3.338867 -5.796193 -0.301477 -5.965933 2.630715 -2.105248 -3.610945 -4.114868 0.484134 -8.947961 2.641491 2.661941 4.499062 -0.859626 0.439647 -4.205781 1.806054 -3.768644 2.753373 -0.961323 1.485695 
3139182141680727766.mp3 :-230.960491 196.279113 -20.634623 0.923146 14.651288 -3.952469 -2.712646 -3.974656 -7.381050 -3.189602 -0.865107 -5.585431 -7.492833 -5.040091 -4.462305 -4.515345 -2.181190 -0.096237 -1.150403 -2.677811 -4.587923 -4.826122 -5.148031 -4.683900 -2.968348 -4.153821 -5.305233 -2.625594 -0.066616 -3.679205 -5.620828 -2.037657 0.868548 -1.650315 -5.193602 -5.370961 -4.282922 -3.276272 -1.861046 -0.131343 
3134837051670228277.mp3 :-211.036511 118.555299 12.803786 29.295098 9.570630 -0.085967 -3.200787 5.842736 -11.013780 -0.659436 -5.082932 1.632088 -3.309008 0.803753 -2.716050 -0.421161 -5.253883 -1.148573 -1.923647 1.824968 0.075806 5.113401 -4.919465 -0.514611 -3.387027 3.122965 0.157069 0.728056 -1.038300 2.268186 2.108758 4.237601 -2.812505 -3.606962 -6.824204 -2.016325 -1.933373 0.189684 -0.497433 2.086668 
3164901946046981722.mp3 :-119.219209 140.063124 1.291200 17.357668 6.151825 -10.861624 -1.514190 1.852676 -17.284880 -2.232616 -5.006736 -5.036577 -3.484811 -4.975334 -0.463556 -1.302049 -7.354442 0.386463 -6.160099 -3.824292 -4.338633 -0.314987 -4.243616 2.609000 -5.773514 -1.278550 -4.651031 -1.525141 -4.354403 1.672371 0.641483 -0.585306 -2.856223 0.735413 -0.479848 4.661936 -0.868163 2.163922 -4.784470 -4.807674 
3151667254274520557.mp3 :-106.908424 90.842133 19.878169 21.886953 11.416496 10.701030 1.338271 0.689103 -1.492313 2.116890 -9.096306 1.750330 -5.442432 2.804216 1.144808 6.069559 -0.888701 6.516637 -5.015623 -0.077291 -2.946390 2.700618 -3.449471 -1.196195 -4.744066 -2.022608 -2.955374 5.071757 -4.164185 1.077285 -3.775262 2.989477 -2.156943 0.486519 -2.796490 -0.774675 -6.119162 -1.747785 -1.834191 0.878463 
3154903753353932779.mp3 :-103.252231 94.440281 32.114852 41.234689 11.152073 12.585851 3.642452 11.626455 -4.655295 7.052837 -5.951310 -2.410889 0.258424 -4.499689 -4.091955 5.061058 -6.921860 2.687207 -3.990602 -1.807140 -2.475807 8.027149 -2.631711 3.481581 -4.659649 -0.266177 -5.467776 2.877899 0.975042 5.420789 -1.217610 -1.025637 -2.546890 1.489504 -2.568513 0.051991 -3.246657 -1.761539 -4.994662 -2.122619 
3159055430796340895.mp3 :-94.645812 96.490254 10.598004 33.151437 1.942560 5.345191 8.637826 2.292769 -0.990461 7.415404 -7.192622 7.309725 -4.800862 0.546664 -3.508012 0.810051 -1.384677 4.176518 -3.496262 6.518541 -0.966375 3.921685 -2.881396 -3.006682 -4.494137 6.229350 -5.197836 3.923968 -4.247268 4.277536 0.635216 -2.409440 -6.597475 0.034092 -3.260178 2.982711 -3.034124 -1.199248 -2.302523 1.099303 
3127823282841733181.mp3 :-110.835306 104.703667 3.289872 21.927668 6.574497 9.553900 5.116879 -2.777265 -6.695940 7.851604 -4.991224 2.168491 -5.817484 -2.943030 -3.296148 -2.515723 -5.556491 -0.368308 -10.016811 -1.415699 -6.891595 -4.608596 -2.486867 1.309893 -5.238022 1.775527 -7.645467 -1.359994 -2.230628 1.974769 -4.902904 -0.512534 -5.085717 1.528100 -0.056466 0.823455 -3.321317 -0.785673 -4.399510 -3.549901 
3131380690387606521.mp3 :-88.723519 87.214448 11.458338 28.787488 10.538606 9.866530 9.300913 3.870641 2.042177 5.907260 -1.392741 3.895815 -2.262703 6.783659 -0.601339 2.122060 -3.754042 0.177305 -1.817983 4.383058 -0.890108 3.915889 -3.873550 2.330587 -1.173696 4.360899 -0.986797 3.243857 -0.407187 4.071886 -2.411901 0.259608 -4.657059 -1.853837 -3.914704 0.898916 -1.480588 1.035315 -2.816463 2.894441 
3172518535627935421.mp3 :-116.908512 76.690478 7.813360 32.720083 -14.104278 -13.921073 -0.494028 0.028957 -12.370130 -12.579377 -1.777689 -7.461625 -3.796183 -4.732912 -3.615254 -0.810971 2.307566 2.655333 -1.999527 -3.035606 -12.124146 -0.486040 -5.014232 7.852574 -2.033988 4.240360 -6.492770 7.384415 -7.955811 2.360222 -6.107509 7.013961 -1.661397 4.124355 -1.558670 2.053047 -2.018939 -2.217708 -3.986634 -1.444600 
3174053498432869018.mp3 :-178.200467 90.465881 -38.559926 21.889271 -4.880471 -5.265232 0.190673 3.975002 -20.631014 4.951785 0.789543 0.984920 -5.546946 8.365563 -10.274023 -1.407414 -5.376821 -3.298213 -7.418829 0.516963 -2.959869 -0.105661 -4.529773 -4.534493 -4.823202 1.569180 0.950159 4.914321 -0.778107 -2.557082 -4.115784 1.300403 -0.514694 -2.430636 -5.902966 -3.486631 -4.447179 -0.190986 -0.420961 6.803548 
3159247338042989109.mp3 :-23.244257 80.949555 13.652522 18.725036 1.611994 6.354129 -6.372140 1.541239 -5.144979 -0.568737 -7.165239 0.064999 -7.803239 -0.748102 -6.321687 -0.806503 -6.365541 -0.835852 -6.261928 1.318651 -4.931192 0.555547 -4.208426 0.241233 -5.544179 -0.452382 -4.551046 0.024726 -4.751613 0.843231 -5.227501 -0.536980 -3.851927 1.666280 -4.163437 1.707705 -4.867970 -0.837913 -4.130997 0.386759 
3165587508970382779.mp3 :-179.600814 110.509679 14.698650 19.266813 -0.128207 3.209015 -2.019413 -1.089825 -8.851964 -2.989579 -11.513697 -8.482511 -9.711856 -4.935210 -7.056000 -3.795736 -5.115034 0.644803 -4.981191 -2.419383 -4.267167 1.138590 -2.451619 1.007503 -4.467728 -1.498463 -4.643634 -1.007426 -5.068845 -2.124988 -5.457975 2.293919 1.309148 2.451773 -2.623881 -1.485227 -4.843429 -0.835523 -2.109044 -0.142631 
3170268354275623734.mp3 :-236.559441 158.723789 -17.088718 32.513124 5.320177 10.365536 2.308964 0.695439 -4.954675 -3.627902 -12.050110 -7.470130 -7.395401 0.150042 -6.136989 -4.627530 -7.250267 -2.242635 -6.200702 -0.300911 -5.318838 -4.039654 -5.710832 -3.664374 -4.909069 0.426764 -4.335772 -2.200864 -1.239475 -2.654874 -9.488353 -4.424968 -3.741201 1.452744 -2.310274 -3.607252 -5.591971 -1.617312 -2.984178 -1.399827 
3185022893739986285.mp3 :-26.913140 85.156470 -3.977853 17.439538 3.465211 9.967417 0.009435 10.382744 -2.917944 8.738905 0.870475 5.068506 -1.815407 3.944147 -1.832654 1.930383 -4.066367 0.905060 -3.610876 1.390052 -4.290319 1.170809 -3.844144 2.920321 -1.595543 1.795607 -1.376890 1.178401 -2.080043 -0.563467 -4.245061 2.356934 -0.865608 2.032908 -3.052101 -0.058241 -3.369931 1.130356 -1.636536 1.272126 
3163858634778144248.mp3 :-332.578231 35.469350 16.687732 4.730782 4.112961 -4.373935 -7.196611 -4.044762 -12.664094 5.223074 -14.216274 -2.367353 -9.396635 -2.057730 -7.283417 6.618524 2.845383 12.362526 1.073270 2.334627 -1.169366 7.034382 5.767183 6.172605 0.941796 2.905685 -6.833656 0.063225 -2.902709 2.746331 0.148108 2.726756 -0.678396 3.125028 0.519986 3.863549 0.342985 1.152572 -4.610288 -2.732650 
3157816503554731485.mp3 :-129.542064 101.635047 17.467391 26.700775 4.397991 6.111269 -2.672608 5.045824 -12.493506 -0.251158 -4.013474 -1.675383 -4.795073 -3.721430 -8.788424 -3.435301 -5.955395 -4.863999 -6.840190 -3.717634 -8.295448 -1.195199 -5.666152 -1.735097 -4.871886 -1.027231 -7.146510 -2.673540 -7.869648 -0.861066 -0.362921 1.795792 -2.961687 -0.769978 -4.904235 -1.719401 -3.868071 -0.213198 -2.282996 1.409825 
3139324353150805033.mp3 :-177.213382 70.003792 -8.587602 32.952883 0.498139 7.412640 1.109211 5.887251 -2.381173 2.867446 -1.976967 4.609013 -2.218250 5.981085 -0.670182 4.746896 0.462658 0.188160 -2.341621 -0.554801 -5.162819 2.124638 -1.795530 4.478116 -3.439053 1.907210 -5.115138 1.152718 -3.400372 -3.439498 -7.757564 -0.151643 -2.029138 1.943565 -3.265238 -1.109752 -4.972778 -0.078015 -3.774746 -1.845188 
3183994327392551054.mp3 :-122.304810 117.378715 -4.002138 27.492321 3.130431 5.756521 3.989436 0.872786 -0.663065 4.910253 -1.957650 6.967192 -1.900652 0.960598 -1.277965 4.784782 -2.663595 1.435233 -3.894319 2.633901 -1.716430 5.043617 1.400661 5.975862 -2.069900 3.303002 -1.239779 5.403555 1.340953 2.327987 -3.035442 0.037770 -4.727701 0.616795 -3.540036 0.359642 -0.730940 3.244891 -2.472179 -0.948498 
3149766999270136224.mp3 :-135.129242 106.609459 33.748988 31.369020 4.456895 10.507475 2.447708 -1.120569 -7.854799 2.235403 -10.381459 1.912439 -4.694616 -0.697523 -3.559089 -1.762260 -6.467286 3.474761 -3.045138 2.703514 -2.473854 3.347991 -0.930494 -2.221229 -6.365800 0.595955 -5.867046 3.086191 -1.220760 0.083388 -3.054455 3.119433 -1.564788 1.139552 -3.055218 -0.135575 -5.125393 -1.552675 -4.951196 0.168163 
3152495934561460873.mp3 :-175.762751 104.409897 7.331602 13.165925 2.516346 9.721117 3.472624 2.416335 -0.944469 6.912507 -7.878421 1.457931 -5.310611 0.846375 -6.962274 3.236442 -3.305242 5.199707 -3.202320 3.950752 -4.417557 2.719522 -5.679868 -2.697496 -4.567241 -0.453682 -3.378354 0.933017 -6.016971 -0.904166 -0.560947 3.778722 -3.656009 -1.072858 -4.427222 0.796622 -1.056748 2.489712 -0.880575 3.011788 
3143127966836027481.mp3 :-131.400928 129.659467 -8.414511 22.695485 2.861767 -5.674342 3.725886 6.411868 -22.358354 12.372887 -7.723147 -1.705615 -1.282635 -2.052651 -10.361714 -0.925886 -5.757913 -0.205412 -1.660893 -3.400304 -5.990436 0.391322 -2.688200 -3.026792 -0.328155 1.116717 -1.939950 2.470183 -0.617592 -1.747931 -4.627686 -4.235207 -4.918812 1.779093 -1.901541 0.746923 -3.094332 -0.864841 -1.985776 1.021335 
3185103844950357096.mp3 :-97.363156 79.087316 -2.603813 21.260264 -2.206190 14.613483 0.683770 9.605211 3.028028 5.347924 -0.126579 2.763087 -0.999313 2.732951 -0.113093 6.822807 -2.255826 3.640099 -4.645594 2.584373 -1.066474 5.290206 -1.235490 3.762850 -4.011187 0.174134 -2.767528 0.508644 -0.267837 5.405780 -1.547261 -1.627357 -5.654464 2.063975 0.145201 2.762631 -1.637351 0.536348 -4.826305 -1.789657 
3163592546870683437.mp3 :-153.219518 97.626196 10.153103 29.723899 4.366267 8.464862 4.422370 5.898396 -3.662592 5.883742 -4.197188 -1.612909 -3.740114 -1.261593 -5.976456 1.043064 -2.262009 6.377871 -1.495606 -2.214314 -7.181068 1.452457 -1.914404 1.674776 -5.831347 1.534938 -4.227750 3.302954 -0.787342 -1.200513 -3.670401 3.196424 2.549762 4.507874 -3.321315 -2.629344 -5.778103 0.054642 -2.408419 0.905011 
3138913515978827258.mp3 :-95.560620 96.937795 6.014634 34.821151 6.626428 11.636386 0.176442 11.701304 -7.391231 3.989858 1.836535 4.355945 -5.014030 5.544359 -4.989428 2.929940 -4.830211 0.866507 -3.596778 3.258279 -2.027057 1.754683 -4.347165 1.658995 -2.574996 0.952775 -1.597018 2.565333 -1.484126 -0.836147 -6.245902 0.686436 -0.442422 2.812230 -2.094171 1.818361 -1.116376 1.246511 -3.726114 2.480762 
3139813914477432213.mp3 :-155.689793 99.790093 6.073893 7.968269 11.675060 -8.915494 -2.105287 1.004289 -17.730726 12.094574 -12.704489 3.786499 2.634686 3.999390 -7.990438 -1.087616 -7.127591 3.177838 0.487447 6.073183 -9.862304 0.518214 1.840589 2.463173 -8.653306 -0.996918 -1.613488 2.730421 -5.411658 -4.274916 -2.124156 3.447544 0.752132 3.401085 -2.299043 -5.523233 -3.027895 2.047484 -4.677720 -0.336551 
315605184286078667.mp3 :-206.849910 105.919769 2.861371 15.644950 1.532981 -4.754440 -11.350250 0.542646 -17.981116 -4.279490 -6.772777 -10.740050 -7.840356 -6.956621 -9.919218 -3.181689 -6.033130 -2.483217 -4.020470 -2.505660 -4.519812 -3.291819 -9.085868 -4.715988 -6.362575 -0.429294 -3.984307 0.405548 -0.874009 4.389322 -2.745444 -2.693351 -2.087723 2.724392 -0.948132 2.170118 -1.584739 0.271253 -4.408199 -0.886808 
313651620902609782.mp3 :-179.837815 108.565289 45.642750 33.318775 15.373592 8.269132 5.283684 -0.775597 -2.115695 2.469457 -9.660775 -5.012308 -8.870116 -0.109541 -4.074369 4.220378 -0.646163 3.114157 -2.428847 2.519983 -2.616392 0.803960 -1.805484 -0.060738 -4.293057 -1.634671 -3.882270 1.260031 -2.386175 1.690736 -2.883295 -0.582211 -1.558469 2.822209 -3.599848 -0.462179 -3.612265 -1.927356 -6.498907 -1.843040 
3145113560428155365.mp3 :-75.281447 60.052288 3.535774 25.280859 7.372800 27.887727 4.452406 12.453199 3.115589 8.945609 0.603482 5.986946 1.063924 1.842327 0.645941 6.002437 -0.527074 3.926462 -5.350918 2.938630 -2.238582 6.299142 -2.922904 0.775893 -6.077759 0.708393 -5.032938 -1.729395 -0.871048 4.323191 -3.403704 0.547690 -3.010336 2.171639 -2.147405 -0.007508 -3.269910 1.620156 -3.054602 -0.153599 
3180709744352743947.mp3 :-71.655201 92.121783 13.267664 26.531898 12.368294 1.481886 11.876441 5.170140 -0.651283 5.006295 -7.246426 4.721636 -2.540499 5.530824 -7.185206 0.085174 -5.592468 1.055049 -5.720851 1.495728 -3.560641 5.985875 -3.817859 3.829722 -0.069992 6.472129 -0.867600 3.228621 -2.667932 3.191949 1.518737 3.775344 -4.780173 -4.121508 -7.792216 -0.530864 -2.099923 5.280384 -2.397278 0.821328 
3167408485887943093.mp3 :-105.223661 112.042674 -1.995789 14.958243 3.147839 11.091626 -7.574345 7.838292 -13.493644 -2.714666 -2.796462 -7.149486 -1.568174 -4.828896 -6.521534 -1.242874 -11.744962 -1.406132 -6.636477 -4.068878 -8.713929 -0.730876 -9.311663 -2.206617 -5.933958 0.674435 -5.639816 3.062048 -4.595335 -3.970928 -8.412425 -4.354963 -2.182644 2.424172 -3.155494 0.621962 -3.944991 0.379396 -1.395982 0.156085 
3165213825442918187.mp3 :-91.914053 93.551277 26.311876 33.461313 16.002898 11.486771 -1.756271 17.190941 -6.468300 2.402937 -4.292785 -2.900969 0.612572 0.075245 -3.503842 4.597845 -7.779942 -0.799113 0.311510 -1.498509 -9.970055 -1.737365 -5.902169 2.972069 -5.327868 1.880073 -5.739251 -0.164459 -1.880478 -0.077131 -2.268896 -3.713424 0.415110 5.406742 1.790880 6.040557 -0.421588 2.660440 -4.340880 1.924280 
3143172482895777474.mp3 :-90.985789 57.751747 4.376331 19.124162 6.462148 10.380282 5.549633 7.304772 4.251685 6.762350 -2.086091 7.818229 1.122420 5.971971 -1.252169 4.315633 -2.739224 1.250400 -3.834575 3.668146 -3.016369 -0.470597 -4.911643 0.621403 -4.640752 1.089746 -4.311125 1.691030 -1.644890 1.458253 -7.549099 -2.956175 -3.853242 1.210816 -2.700565 0.571592 -1.797319 1.977046 -2.739788 -1.533290 
3153837559927057826.mp3 :-95.064591 108.374296 14.623247 20.375508 0.428348 2.685274 -5.748481 3.181783 -14.094866 0.148495 -9.023486 -3.255824 -8.862401 -5.259440 -11.329304 -1.076204 -5.861503 -0.425304 -4.656283 -1.413135 -2.291612 9.457469 2.012586 1.569156 -3.318337 -1.074621 -8.542797 -2.750142 -8.506172 0.692791 1.354061 1.815601 -8.102402 -2.496871 -5.594010 -3.317365 -6.355037 -1.055716 -5.716585 -0.497836 
3145540795690524873.mp3 :-109.615053 95.257510 23.505167 17.705808 1.129608 7.752480 -5.235812 8.879584 -10.579972 7.080538 -1.555999 1.799718 -0.901264 1.738410 -4.921695 1.509573 -4.808797 -2.976760 -6.183352 -2.518684 0.437816 2.059255 -5.318297 1.079027 -5.537493 2.149611 -2.929476 0.461346 -2.619170 2.314665 1.352529 7.307847 -0.391094 -0.911701 -5.708809 -4.417029 -8.497823 -2.283282 -3.976632 1.660972 
3146031872979118847.mp3 :-46.309279 85.563804 -2.080756 21.328839 2.553720 12.450457 0.001917 11.222964 -1.826777 8.147628 0.565457 6.058623 -1.627129 4.713983 -1.128726 3.288388 -2.671977 1.719763 -2.794565 2.074685 -3.585229 1.683853 -3.556357 2.317875 -1.998598 1.282899 -2.170124 1.094113 -2.666310 -1.247862 -4.734184 2.174148 -1.229941 1.366981 -3.514883 -0.341016 -3.414186 1.213981 -1.310869 1.437098 
3158614758564859825.mp3 :-472.866474 189.650135 62.339384 7.228632 7.686363 1.897612 -9.380498 -9.756088 -8.109170 -10.414491 -10.071066 -5.267733 -0.164707 1.361180 -3.067177 -9.765171 -11.273267 -7.092208 -3.022249 -2.989537 -6.528434 -8.892054 -6.473319 -3.928775 -6.938367 -10.882372 -8.664117 -3.602515 -2.388719 -3.267060 -2.011219 -0.571789 -0.718202 0.003935 0.605842 -1.660342 -3.557401 -2.263618 -0.725950 -0.415669 
3184795920781196600.mp3 :-10.585083 82.355436 5.674150 16.299424 5.769516 5.140354 -3.782031 2.734236 -9.667922 0.959956 -4.115937 2.941659 -3.385909 3.023652 -3.530763 3.165215 -4.157819 2.156808 -1.084485 3.077176 -2.159819 3.892395 -3.698888 1.327090 -3.700496 0.304974 -4.999701 1.231900 -2.620436 2.815807 -1.110383 0.469827 -4.476916 0.500327 -1.705628 1.926383 -1.471874 2.368060 -2.448452 0.605344 
3149493985090281906.mp3 :-72.814200 90.867310 12.712052 24.832345 0.708196 7.856272 -3.658201 2.113607 -7.841832 -2.600543 -3.331869 -3.183046 -2.698127 -3.163730 -5.287197 0.642679 -9.448825 2.260913 -5.039305 2.402822 -3.488523 -0.386425 -9.869996 4.080957 -2.774012 6.503915 -2.137174 -0.505228 -6.843136 0.470340 -3.605007 -2.314986 -3.741889 -0.928949 -4.441634 1.809433 -0.906452 5.582643 0.239748 -2.152916 
3139533897930449409.mp3 :-119.219637 113.242935 -12.692193 14.354937 1.518433 -2.883809 5.139085 -10.082911 -9.994239 8.351878 -18.199215 3.975920 -7.363825 3.852267 2.964894 -5.245854 -12.744493 -7.348484 -5.354379 2.007270 -8.872184 -11.919767 -6.875561 0.048473 -0.603333 3.462039 -5.275738 1.899189 -7.909598 -2.763810 -4.019339 -2.048695 -7.996041 -4.343294 -6.383263 -0.786880 -1.997188 5.141471 -2.417488 -1.957179 
3183501479261569933.mp3 :-120.335209 104.428753 7.667529 16.956237 7.821931 14.049287 1.568019 5.976557 -1.355711 -0.039680 -0.806913 -1.343703 -3.424587 -1.262900 -5.221905 -3.055468 -14.223416 -5.541490 -10.248163 -5.601909 -8.529737 0.037854 -5.002636 0.790030 -3.137862 -0.622973 -6.883617 -3.626400 -9.936277 -4.782727 -6.940960 1.838157 0.979264 3.290421 -1.534443 1.925887 -2.962174 0.699694 -6.615323 -2.939554 
3145990796259866840.mp3 :-140.481446 114.051154 0.810736 25.608113 5.921948 2.815299 -2.581858 6.645218 -20.440720 5.073647 -6.831879 -2.464800 -5.674377 -4.638361 -14.122820 -3.126907 -13.275903 -3.026435 -8.296784 -6.196120 -8.744866 1.872525 -6.227230 -0.510188 -2.433464 -6.359397 -10.774540 -2.268029 -9.662452 0.541141 1.084275 0.462305 -4.649507 -2.672296 -4.762728 -2.492344 -5.364269 -2.221739 -4.730927 -0.903894 
3170636400240014450.mp3 :-68.244875 65.878801 7.912208 33.604383 4.884520 10.733135 -0.365912 8.549028 -12.089884 6.099795 -9.114806 -1.972631 -1.431985 -3.162110 -4.205089 -0.244564 -7.440664 -2.517449 -7.973753 0.023203 -8.214496 -5.002973 -10.868153 -0.790181 -2.589166 3.127721 0.204529 5.289173 -2.903975 2.764792 -2.229044 -0.420924 -6.173977 -0.379314 -4.362677 3.156897 0.103901 4.892913 -0.729526 0.519459 
3158814826919197551.mp3 :-58.007304 95.132544 15.432847 25.996744 5.558368 6.402607 -2.512486 2.344393 -12.122982 3.997943 -4.128754 -0.464154 -2.925973 -0.510943 -3.735675 -2.454617 -3.518355 1.620309 -2.006192 1.789769 -3.271048 -3.247392 -6.166236 -0.944758 -3.457846 2.928420 -1.594020 3.960928 -2.522946 -1.715187 -7.583007 -0.177819 0.326273 4.147531 -2.522181 -0.467024 -2.376050 0.421438 -1.600555 0.860628 
3177194419264055363.mp3 :-74.239508 106.762208 19.169792 26.903615 7.982328 3.462259 8.610335 4.179608 -7.982541 10.040890 -7.998867 1.836950 -2.199735 0.700732 -3.498101 4.105058 -5.736442 1.986035 -1.688774 1.375470 -3.242668 2.764515 -2.105855 0.201121 -4.929211 2.385478 -0.718421 0.231462 -1.137327 2.447813 -3.232217 3.149901 -3.437418 -2.243258 -6.390495 -2.091804 -3.658116 2.035360 -1.719535 0.592380 
3178802612616423307.mp3 :-103.191478 102.544953 1.408819 19.914140 15.717114 -1.322857 1.982484 10.160615 -11.667080 5.199599 -4.002270 -2.228535 0.508801 -1.367252 -0.203915 6.247749 -4.810903 -2.018914 -4.453560 -2.236126 -3.610112 0.981738 -6.869104 -1.250891 -5.300308 -0.943694 -2.953969 3.299082 -0.970287 2.243380 -2.419367 5.998291 1.431854 -0.139042 -7.010120 -3.718037 -9.550775 -4.432763 -3.621071 2.240236 
3165609436010519476.mp3 :-103.833283 134.837316 4.171258 24.453280 9.827865 -3.898697 -2.152837 3.403867 -12.051559 3.184958 -7.995348 0.227361 -1.072372 -4.977634 -6.217318 -3.359523 -5.278435 -0.768228 -0.516797 1.342660 -3.598054 3.089632 -2.347623 -0.101448 -2.354843 -0.758984 -2.962834 -0.460434 -1.301084 2.004928 4.110054 5.977480 -0.920393 -0.212447 -4.972782 -1.185509 -2.715753 1.190470 1.128716 2.723334 
315355144517081828.mp3 :-61.570668 90.246560 5.088312 33.283285 2.138717 14.251323 -1.819549 9.317073 -6.714422 1.767924 -4.518121 0.113931 -0.571177 -1.682288 -1.924642 3.893570 -1.281545 2.018553 -2.042901 1.082448 -5.768668 -0.603650 -5.573261 0.794081 -2.382660 2.010489 -5.166616 2.568859 -1.461544 4.338215 -1.653602 0.552300 -3.613927 3.612752 0.288120 3.270195 -0.139313 1.554534 -2.830373 -2.573915 
3125112240602109789.mp3 :-135.153614 92.704942 21.646443 20.559544 5.501177 13.775050 -4.018421 4.958335 -4.595633 -3.673978 -5.816311 -0.919975 -5.838958 -1.785000 0.604036 2.798041 -1.413483 2.104224 -4.923865 0.087320 0.316542 5.322853 -2.522469 -0.885774 -5.231829 -0.350442 -4.602499 -1.424352 -2.928490 5.338039 0.936555 -0.003067 -8.156640 -2.883562 -4.402810 -1.968571 -3.973825 1.102834 -2.975926 -1.202856 
