6602324029194955589.mp3 :-198.588348 119.135931 2.552379 27.086025 3.935380 4.009812 -0.557389 2.567039 -13.958837 5.392079 -16.033592 -3.265018 -5.180200 -5.852100 -8.855805 -1.264187 -7.400915 0.690979 -3.488680 1.617381 -3.069346 -3.830925 -4.794180 -2.698545 -4.032287 -0.659276 -3.121391 0.815792 -0.499412 -1.556164 -8.409325 -2.623809 -0.522698 0.272545 -1.946777 0.417346 -2.566994 -1.202434 -4.692697 0.010363 
6609703936196887589.mp3 :-44.519262 56.498577 -16.785241 25.108905 -4.081632 2.769425 -0.979924 2.919263 -0.523019 0.865342 -0.198094 3.059751 -0.970368 2.926737 -4.911876 3.160737 -3.162752 1.307124 -1.830756 3.012210 -3.872877 -0.172906 -5.390977 1.533220 -2.314038 2.347038 -3.793688 4.015305 -1.649185 -2.680064 -7.855112 3.251812 -2.066838 -0.239054 -4.961027 -1.615070 -4.845880 1.467883 -1.962380 2.387559 
6681455290135144485.mp3 :-109.487288 92.672052 10.365488 28.699887 4.210076 10.465231 4.571957 6.959066 -5.117923 11.076235 -10.096215 -0.751167 -8.429115 1.212622 -1.231942 1.844544 -1.485719 2.673958 -1.520389 -3.309490 -5.541506 3.928542 1.145428 4.619627 -2.345603 1.413807 -7.153041 -0.939014 -7.796596 2.022110 3.851669 2.592301 -2.761460 2.014691 -2.645964 1.037692 -4.211964 1.749408 -3.840539 -1.926275 
6631867011635583701.mp3 :-112.595372 98.937778 16.933986 18.607132 3.546506 -2.884535 -7.044828 0.596768 -8.135339 7.211632 -5.979846 2.782970 -4.158629 -0.060058 -2.420256 0.296440 -2.891131 3.054139 -4.012785 3.116213 -4.971847 2.046609 -2.070028 0.317044 0.353537 0.768966 -3.550131 1.397055 -1.949798 -3.365443 -5.833806 1.106823 -0.936889 2.358851 -3.402500 -0.165499 -3.419768 -0.702156 -2.105139 -1.126670 
6615462652673391160.mp3 :-223.388148 92.156173 29.754527 21.097660 14.551941 10.409855 2.512719 4.524304 0.129270 0.787074 1.110972 2.193834 -4.677634 3.286337 -3.135660 1.057357 -3.564457 1.309059 -10.000310 5.455113 -4.606683 4.389058 1.675845 0.960100 -5.682257 -0.140110 -4.164865 5.868336 2.514939 1.756241 -5.343268 2.868567 -1.471547 4.138602 -2.346684 -1.006368 -5.053178 -2.408194 -6.915395 0.744348 
6626299674692100602.mp3 :-142.935027 91.078752 34.144716 25.201980 -0.630877 7.742311 -4.530732 5.987985 -8.295274 7.193720 -3.312083 0.097810 -6.710996 -3.037834 -1.314532 1.811028 -4.219844 7.130765 -5.675509 2.752360 -1.822670 -0.093236 -5.993071 3.716246 -2.694194 3.521488 0.492868 1.954517 -3.218353 1.686441 -0.287421 4.275570 -3.976969 -1.241744 -4.768538 1.247078 -3.095546 2.164415 -0.040118 1.519913 
6687098487010506542.mp3 :-105.788699 87.688320 21.746549 31.667231 3.612653 4.219339 3.893794 -0.228482 -4.279233 0.160922 -9.031254 -3.875862 -2.761959 -3.187287 -4.658175 -1.189285 -2.242997 3.773640 -2.127210 3.521360 -4.906364 1.558702 1.316526 3.071856 -2.808821 0.379839 -5.654911 -1.397683 -3.834238 -2.660204 -1.843193 4.519156 -2.888999 -0.336754 -4.774594 -0.255857 -4.480740 -1.768806 -3.634876 0.372753 
6662768263285023478.mp3 :-152.684669 102.518352 -7.412725 23.665002 1.259618 2.388768 -4.624957 6.085310 -16.497369 -0.831947 -1.921751 -6.466800 -5.475835 -1.935708 -7.259560 -1.119036 -6.256219 -1.642501 -5.945883 -2.557730 -5.326852 -0.480798 -6.641458 -1.900266 -6.287248 -1.861061 -5.231161 0.160232 -0.249488 3.482993 -3.059274 -1.326259 -3.204794 0.811754 -2.290546 -0.082940 -3.472535 -2.341098 -7.323206 -2.292898 
6666204684659538337.mp3 :-86.299062 97.290160 13.437398 20.051244 4.836078 1.439561 4.840885 -0.523647 -1.573977 2.455682 -11.342963 -1.051249 -8.263696 -3.316201 -0.946293 3.280215 0.704535 7.393125 -1.490471 2.603491 -8.604131 0.292709 -3.452059 3.612918 -0.364258 1.635738 -4.696999 -1.105148 -2.240175 3.221029 -0.982032 0.155841 -3.110705 1.081771 0.860958 3.675639 -0.679375 0.491115 -4.584829 -1.531530 
6688995448623942249.mp3 :-95.137204 78.630746 4.428010 31.362195 0.928613 8.145595 -1.834138 5.942687 -3.913057 4.994733 -8.520502 -2.409116 -9.321864 -0.503780 -4.868886 1.275350 -4.607847 1.790061 -3.180321 3.661795 -5.156428 -0.543910 -6.422217 -2.954218 -6.187158 3.316085 -1.310680 6.373695 -1.567986 -0.497998 -0.489693 4.995712 -1.163462 -0.758469 -4.751383 2.145536 -1.643204 1.571828 2.457365 5.071757 
6621831221557293266.mp3 :-128.529637 92.535576 20.338425 29.000354 8.004473 11.019661 -2.649788 7.632545 -10.234725 2.523520 -2.525535 -1.768513 -3.624026 -0.735989 -3.892862 -0.735522 -5.175202 1.236964 -3.621741 -0.490392 -6.081871 -3.315475 -6.014252 1.852575 -1.266443 0.770283 -1.802242 0.435456 -1.837027 6.902196 1.060935 2.585777 -0.725637 2.870850 1.305196 7.553084 1.748746 3.241422 -2.786955 0.733254 
6600934048436489187.mp3 :-208.909066 100.108435 3.968331 17.809111 2.435193 -2.771485 1.004162 -8.244454 -8.316441 0.745730 -7.116916 1.577097 1.655940 -0.700852 -0.984001 1.129448 -6.182995 -3.069512 -7.544789 -2.819002 -0.886333 1.883556 -2.047008 -1.301548 -5.055789 0.019832 -1.845834 0.081483 -3.878961 1.078542 3.997717 3.920433 -7.239485 -5.454256 -6.022654 -2.156898 -2.392382 1.590695 -2.041341 -1.883775 
6649542693982736167.mp3 :-194.859237 115.373717 35.217615 24.844193 17.656878 -1.494822 4.153592 4.732642 -3.069460 1.371468 -6.399501 -5.876561 -2.610609 -2.959224 -2.953950 4.141119 -4.575066 2.226931 -1.842804 -3.569771 -5.579657 -2.465014 -7.504712 2.423509 -1.153845 3.729841 -5.475931 1.231528 -7.138934 -1.322199 0.805227 2.848820 -4.563434 -0.395913 -3.665353 0.108090 0.014164 2.309389 -1.583033 -0.655845 
666679732981467479.mp3 :-156.078552 63.194520 1.091602 29.562120 6.256873 -0.910780 7.123201 -5.561240 -6.261332 1.467737 -11.299839 -3.141319 -14.394112 -4.485882 -10.668679 -5.576235 -10.386609 -1.701868 -7.138597 -3.028408 -10.954297 -2.291109 -4.948551 0.363162 -3.845521 2.539176 -9.359966 0.199048 -2.001481 0.103543 -9.525980 -3.502188 -4.580066 4.003968 -1.459823 2.992651 -4.441192 -1.397249 -4.006959 -0.118998 
6625887522835111142.mp3 :-110.732819 116.583476 0.791531 14.799227 7.323409 -3.843863 -0.000327 5.270236 -14.507415 6.589631 -4.861548 -0.984274 -4.075220 -3.640514 -6.786762 0.974886 -5.629054 -2.653848 -4.261291 -1.539474 -7.107982 0.007777 -4.253967 1.894043 2.122240 1.750045 -0.968455 2.247458 -2.421970 -2.303728 -8.394579 -0.363641 -2.886106 1.338474 -0.724130 1.396823 -1.705438 0.635939 -2.965316 2.734218 
6657272138993219733.mp3 :-114.866949 99.172424 14.354591 27.663470 4.782849 11.663150 7.876833 3.469968 -8.416600 1.952454 -11.572057 0.180584 -4.475804 -2.169955 -4.531046 -0.172218 -2.217746 8.344598 2.208157 7.270431 -2.248792 -4.081982 -6.061097 -0.828442 -1.986503 4.996243 -1.638606 4.571207 -6.780353 -6.220147 -4.926392 -0.554891 -4.301870 -1.699230 -4.976122 0.500810 -2.346840 3.734841 0.453652 1.081437 
6640101751563381688.mp3 :-197.987806 103.680311 -9.416445 13.032099 -2.705957 -6.504079 9.827166 -7.935119 -9.030600 2.519003 -18.616034 -3.267688 -10.924473 -7.013344 -5.681568 2.230059 -4.642097 6.599230 1.060902 1.158322 -4.106280 -1.322829 -2.716251 2.681886 -4.540690 0.993886 -1.817623 3.554798 -1.488316 -1.330833 -5.072436 1.510473 -0.024530 3.680017 2.135069 3.472828 -1.720816 0.390459 -4.213356 0.116777 
6646353462195489388.mp3 :-87.793972 110.569023 2.787249 28.256259 4.781375 21.978714 3.597174 7.120591 -0.948242 5.920460 -2.796763 1.652180 -2.664308 4.584563 0.355681 6.301146 -0.492582 4.039350 -2.324756 0.136079 -3.039105 4.198532 -0.191663 6.170126 0.475483 3.434565 -4.169821 4.016131 0.682167 4.828862 -1.314004 3.455920 1.285569 6.203491 1.538051 3.328708 -2.913496 0.755071 -3.597194 2.035042 
6606684203933186447.mp3 :-256.454502 124.368181 -11.528523 24.142280 8.285658 0.931299 4.417073 -3.613109 -4.763714 1.109751 -9.511343 1.996312 -8.185427 -2.755672 -6.484573 -3.831623 -8.810491 -2.745019 -5.461352 2.892313 -4.188051 3.159325 0.849776 0.858370 -3.642540 -2.978964 -9.493938 -3.733085 -6.698179 7.131462 2.375429 -0.066757 -3.553824 -0.967035 -0.102225 2.712259 -1.704636 -0.505649 -8.028441 2.476606 
6642853603723945108.mp3 :-15.293824 70.749844 0.134044 5.269915 0.257667 6.437813 -4.476927 6.106069 -6.794957 6.471650 -3.600144 0.885479 -0.882755 1.901641 -8.556205 1.815741 -4.424792 1.180549 -3.802554 3.024087 -4.186311 0.780526 -2.901183 1.770611 -2.797602 1.167813 -5.433810 1.075665 -2.197237 1.686508 -2.856951 1.512126 -2.264131 2.278236 -3.953176 2.302230 -0.515127 2.246810 -1.812097 1.376525 
6682076558387103783.mp3 :-86.049939 91.588026 6.289030 28.210357 8.341037 9.659522 0.616751 8.219474 -4.974420 8.034566 -2.714205 2.150725 -6.072957 -1.187558 -3.014127 1.942882 -1.349045 5.604289 -0.176944 2.607389 -1.009178 -0.661019 -5.542570 2.564859 -1.833662 1.452173 -3.748635 1.548904 -1.958890 1.856831 -4.466540 -1.260661 -4.537263 2.795080 -0.282552 3.273762 -1.734755 3.276434 -1.634423 -0.277889 
6683608163154220164.mp3 :-132.412484 98.998020 17.665144 30.341905 7.788482 5.433887 5.731169 4.919407 -6.380252 7.731507 -13.273166 0.768398 -9.133281 -0.772687 -0.621991 0.217210 -5.937351 -0.478720 0.782159 2.144800 -7.163541 -6.682450 -7.504555 -0.640045 -4.275015 7.597979 -3.394804 -0.233633 -8.569675 -4.125478 -1.085256 -1.747501 -3.669057 -2.678813 -4.409939 2.084790 -1.619596 3.646498 0.397337 1.416180 
6686812301096447651.mp3 :-181.108464 118.055529 -0.000493 26.627751 4.760134 1.610357 1.832847 -2.867478 -1.411950 4.169808 -5.377821 1.867751 -4.052530 -2.904049 -6.189291 -2.570001 -3.024959 0.560680 0.459617 3.267448 -0.641660 1.132835 -3.170787 1.980329 -1.256441 3.940850 0.361656 3.034824 -3.620688 3.591834 -3.435132 -3.601102 -7.293046 -1.811134 -2.794336 2.603613 1.644156 2.529127 0.298247 0.107788 
6646814413334896165.mp3 :-48.542979 68.726002 11.673150 28.888290 5.504063 6.114908 0.465440 9.208474 -10.093974 7.135744 -2.200844 -3.323685 -1.104283 1.811179 -5.174814 2.319671 -4.740522 0.114403 -5.180912 -1.006999 -5.045109 -1.455880 -5.946544 -0.629099 -6.282866 -0.026461 -3.013354 3.469272 0.190346 4.839716 -3.254649 0.797826 -2.930778 3.339560 -0.638651 1.525446 -4.117176 -1.183908 -5.192090 0.002310 
6609034504702907960.mp3 :-92.047638 90.373121 17.564560 38.290141 5.238074 6.168446 2.717878 2.847536 -0.764409 3.892019 -7.400444 4.136755 -1.564249 4.622634 0.817384 4.153439 -4.055701 1.500562 -6.271599 2.298764 -0.658909 5.234533 -0.921892 -2.611187 -4.085597 0.969633 -3.718437 5.629084 0.336825 4.280727 -0.479855 -1.731452 -1.443637 1.901066 -3.129589 0.159855 -5.655128 -1.151261 -5.834593 1.638467 
6615229447543033747.mp3 :-140.040534 86.587950 7.731093 24.616533 0.231920 4.579040 -1.149644 5.831471 -15.871239 7.870873 -3.221176 -2.229575 0.470106 -2.478345 -4.662650 0.124463 -5.815763 -2.176313 -6.484373 -1.643532 -4.539052 2.467580 -5.138716 0.847720 -6.175645 -3.433594 -0.851278 4.259313 -1.434628 1.928589 0.675412 6.645402 1.394173 2.172811 -6.122879 -3.172549 -8.595141 -2.435556 -3.328231 1.686192 
6626266373004364261.mp3 :-166.918312 111.387955 8.121309 39.223859 15.132290 2.956698 3.014174 11.216401 -14.228847 2.449034 3.676574 -6.893854 -2.396342 -0.369807 -7.210369 2.123937 -0.623563 0.560634 -4.640479 -1.300264 -9.069360 0.580137 -6.440465 -1.026598 -5.083666 0.273567 -7.930115 -2.487331 -1.927716 3.567919 -1.009328 -1.502980 -4.889577 0.569053 -0.470015 5.417725 -0.577356 1.793136 -6.528002 -6.233090 
6642021964856914486.mp3 :-119.876719 100.147038 18.333397 29.024071 1.081911 11.158903 -12.514690 8.978115 -11.046789 -1.520650 -3.411370 -3.829763 -3.946901 0.203662 -0.957489 -2.007593 -6.797858 -0.140549 -6.784739 -4.004088 -8.553984 -4.589914 -9.048578 -0.763428 -2.881411 1.000846 -7.226299 -0.295249 -6.636478 1.037944 -5.994695 -0.433566 -3.233411 2.033748 2.268068 5.367459 -0.753963 3.784651 -5.022942 -6.192695 
6671778010924851523.mp3 :-303.881360 173.140667 42.851276 14.780574 -3.819763 -4.823962 -1.778851 -11.461797 -12.653115 -9.247533 -12.311200 -10.268235 -10.097156 -10.247123 -10.988625 -9.441618 -9.764123 -8.699377 -7.324255 -5.830210 -5.181563 -6.667301 -7.850369 -5.054375 -5.702320 -2.183262 -4.483980 -3.925988 -8.171240 -4.127134 -0.965957 2.060310 -0.599502 -4.956632 -6.868207 -4.801801 -5.298535 -3.467796 -2.067974 1.118536 
666169323404960921.mp3 :-113.285169 94.081727 -13.959901 16.199670 -8.080310 4.707996 -1.474855 -9.424921 -0.192577 -10.491618 -4.310617 -6.396861 -7.461865 -1.126025 -7.308786 2.818424 -9.537623 1.823952 -6.923506 2.737708 0.283254 2.984244 -2.040684 1.952200 -0.964756 0.723768 -3.563983 2.801050 -0.894025 1.670894 -5.926719 -3.409668 -5.535786 -0.527423 -4.164719 -3.560718 -5.467797 -1.784261 -4.912868 -2.365911 
6618998933035306368.mp3 :-146.320567 88.796407 4.178264 41.357072 6.517433 0.132506 -5.050838 11.449174 -17.690800 4.255759 -2.842522 -3.564107 -3.326978 -0.670023 -6.714476 -1.459091 -8.972099 -1.631276 -7.867450 -3.416039 -8.982977 -1.094398 -13.968008 -1.433629 -3.619585 -3.925823 0.220646 3.054059 -7.820637 -3.925322 -7.657321 0.798154 -1.816673 3.191184 -5.193934 -2.740544 -4.747952 -1.182097 -2.337553 3.006691 
66851037563935266.mp3 :-150.594737 80.897211 25.663278 25.034888 14.653748 6.567340 10.261556 0.764824 -5.629737 2.253307 -5.716091 1.494284 -7.320217 -0.500053 -2.338337 -0.545896 -0.223749 2.202439 -2.256585 2.848791 -6.331879 -0.033132 -0.014444 4.274864 2.903506 5.630342 -5.295971 -0.177016 -6.793819 2.154041 -1.002164 1.878344 -5.032861 2.948208 0.469418 4.400067 -1.165060 3.076448 -3.265176 -1.279715 
6677170142350424044.mp3 :-193.247973 95.424714 26.032229 24.834596 -3.353252 16.243361 0.368006 -3.773236 -6.320961 -6.116263 -5.097447 -3.741612 -2.210145 -6.247359 -3.563892 -3.917104 -7.491972 -0.495641 -6.610665 -4.763833 -10.126195 0.805729 -5.876197 -1.153474 -6.764299 -2.545715 -9.648459 0.716411 -1.579053 5.208414 -1.010055 1.301623 -1.528887 2.358858 -1.493816 2.979775 -0.260767 1.158026 -5.879389 -3.328059 
6681304910815405762.mp3 :-112.053135 104.853920 33.010347 21.816463 -2.430523 10.044954 3.263680 -3.067807 1.175671 3.426309 -6.436358 0.620269 -7.363893 1.469474 -6.463557 2.608101 -3.112264 3.756385 -1.492828 0.215781 -5.060372 -1.820155 -3.376973 3.895909 0.790520 2.287243 -3.986005 -0.128249 -2.032606 3.341972 -3.100518 -2.454532 -4.768994 4.075188 1.399950 5.473055 0.976602 1.530948 -6.581312 -2.477179 
661530208001287566.mp3 :-9.500382 62.419681 4.941225 18.582646 7.888680 16.677983 -0.741668 8.930759 -0.336927 7.041191 -3.240575 2.780642 -5.226255 0.824172 -6.387637 3.057100 -2.515525 3.209522 -4.052351 2.167257 -3.260215 0.870118 -4.372800 2.582996 -4.241599 0.794510 -2.592237 0.927741 -3.262344 1.096501 -4.215686 3.067039 -1.817406 2.848885 -1.525695 0.277476 -2.511367 3.283199 -2.133950 3.478497 
6634464117198490054.mp3 :-101.111062 57.997116 5.736407 8.221112 0.187644 20.613517 -3.865299 8.136692 -0.647521 4.299716 -1.682672 0.512431 -0.859545 2.733803 2.313979 5.566928 -2.849957 5.038863 -0.197192 6.937512 -2.126143 3.072925 -5.695446 0.728541 0.422813 5.167985 1.506093 -0.226168 -3.771027 1.713170 -1.100340 0.210762 -4.294892 0.737634 -2.806065 3.569737 -0.578646 3.663139 -0.418152 4.686303 
6618045347556231631.mp3 :-91.677718 87.871243 16.209053 37.168425 5.867004 7.844647 7.132509 9.102958 -2.648763 6.967928 -2.834604 0.388722 -2.744297 0.514793 -6.736310 -0.146958 -7.218385 -0.993490 -4.173057 0.328660 -2.987701 0.163560 -5.465037 1.142895 -2.516546 2.801754 -0.236631 1.549511 -1.372401 2.232381 -1.799895 -0.461474 -6.186156 -1.097675 -3.540415 1.914864 -3.134389 1.788535 -2.164914 0.988483 
6665711341692649018.mp3 :-1.008107 85.668405 6.595069 12.962459 4.783161 13.152282 -0.976767 5.517958 -5.040434 7.121993 -3.566575 2.722649 -3.937447 1.663506 -1.448312 2.325954 -4.622866 2.180196 -2.649790 1.917656 -2.213207 1.651237 -4.590546 0.914963 -3.341796 -0.105423 -2.252256 2.874797 -5.088397 0.108582 -3.269042 2.332653 -1.784557 1.618535 -3.555177 0.954328 -2.209079 1.197527 -3.163632 2.446297 
6681790022761786053.mp3 :-190.904856 101.901314 2.133540 23.094120 0.733224 7.010941 -5.148898 3.769223 -7.781849 3.879185 -2.654822 0.146405 -3.287922 1.503863 -1.737803 1.664673 -4.257654 0.730990 -4.979961 0.057692 -1.196085 2.010742 -2.506501 2.688962 -3.253998 0.046544 -4.248985 1.655630 -3.927408 -0.146331 -3.873034 1.985586 0.549976 4.186383 -1.047238 0.379969 -3.147788 -1.281739 -3.391613 -0.330740 
667171677811625557.mp3 :-166.721072 101.892154 24.738143 11.252312 6.786804 2.960311 5.873612 -1.573432 -3.605954 6.351842 -12.067728 -1.457273 -6.207508 -1.194521 -4.692981 0.031045 -5.752626 5.182790 -4.954109 0.037213 -5.760646 0.473705 -1.920463 1.319322 -2.692407 0.910702 -6.610367 -2.179586 -3.016009 -0.561040 -3.824696 -1.634962 -3.978530 2.128937 -0.495388 2.752887 -2.778025 -0.224096 -4.878153 -0.894368 
6675230992922803826.mp3 :-167.869959 106.271665 -33.611758 31.847076 4.307596 0.105274 1.350983 4.845414 -13.785332 5.902079 -7.968972 -3.893007 -2.422753 -2.975146 -6.670664 -0.217622 -7.165932 -2.649941 -4.226970 -6.111672 -6.975974 2.027846 -2.699686 -1.526806 -2.900395 -3.550637 -4.090070 1.741047 0.280776 3.609982 1.489392 -0.020718 -3.939556 -1.109091 -4.841739 -1.323471 -2.782367 -0.933245 -5.958868 -0.619236 
6672549537856182911.mp3 :-144.597011 96.517619 34.731223 39.079005 14.334189 13.010839 -6.819779 3.855230 -6.177353 0.450739 -11.123907 -1.298500 -7.400977 -0.248084 -4.894386 2.684954 -1.999103 0.450222 -1.236529 2.951913 2.410150 2.428730 -4.727820 0.371238 -3.296742 -0.900716 -9.232821 -3.699345 -6.399854 1.472628 -0.374995 0.123507 -5.555599 -2.841842 -5.031010 -2.908765 -6.958701 -1.959341 -4.389625 -1.390685 
6683326721520890360.mp3 :-170.086443 102.716335 22.768632 29.487800 5.745613 9.738306 1.989070 8.249037 -2.576246 5.445982 0.494357 -0.027558 -0.962069 2.144989 -3.903637 2.438252 -2.499307 4.978350 -3.584390 2.656228 -0.001312 1.568717 -2.277081 3.110979 -5.453096 -0.235579 -4.576685 3.466979 0.242041 4.885494 -1.775258 1.096377 -2.826629 2.012631 -2.930408 3.245144 -1.934406 -1.422642 -7.017958 -0.857474 
6653119227326650107.mp3 :-98.588848 108.583274 2.531271 18.145690 -14.377287 0.330549 -12.730776 4.312721 -15.248775 -1.799920 0.560734 -1.385515 -2.426380 -0.017172 -6.006211 0.970147 -5.779880 0.110583 -5.799366 -1.401631 -6.502733 1.838911 -3.990692 0.078928 -2.290645 -1.186862 -3.788876 1.637104 -2.904794 0.763664 -1.589511 4.874928 0.458091 2.044064 -4.063984 -3.217985 -4.761575 -1.562510 -2.874739 -0.121440 
6608243070199292559.mp3 :-55.912620 85.247230 3.673388 23.769810 3.521435 6.574047 0.489166 11.206388 -7.010177 6.729498 -2.923512 4.124616 -2.023305 3.582380 -1.357153 4.032309 -3.134918 3.463344 -4.148225 1.704290 -3.667108 1.379243 -2.746175 3.380518 -1.921553 1.060144 -2.278331 2.200662 -1.807149 0.494545 -2.791114 2.337168 -0.386939 3.851795 -0.539668 1.926521 -3.269606 -0.881613 -3.448427 0.707699 
6621699262307196232.mp3 :-90.812727 124.034075 -8.096559 43.447138 -3.432014 2.451503 -9.444764 9.577251 -14.099715 -2.141819 -7.795511 -3.432385 -7.527080 -4.018339 -10.233178 -5.199952 -3.633145 -4.537654 -6.031050 -1.601113 -10.088587 -6.128574 -7.476482 -3.786849 -4.800517 1.971511 -6.828704 -1.936360 -4.959432 0.427741 -5.908727 -1.397231 -7.909737 -1.348862 -3.523093 2.964327 -1.324534 3.111440 -3.335763 -3.011121 
6633689116982030798.mp3 :-116.554920 61.826248 -3.541771 25.287418 13.122524 6.198745 0.865623 7.705930 -9.215999 1.476924 -2.352809 0.972571 -5.654561 -0.996423 -7.515153 1.499192 -6.969038 -0.366101 -7.034083 -0.810808 -5.327771 -0.134091 -7.779939 0.182123 -1.816739 -0.507978 -1.641604 4.168809 -2.175183 2.626632 1.303893 3.319940 -2.757519 0.499209 -3.920389 1.410008 -2.778981 3.804494 -1.786631 1.172646 
6691321947738273980.mp3 :-136.379419 103.234292 27.076902 28.865056 0.882730 3.199536 7.715840 -3.650779 -3.923110 6.846606 -10.766795 4.012150 -6.388337 0.987359 -2.956416 1.515735 -3.345548 1.214479 -5.257452 1.848430 -4.533582 0.584510 -3.151986 -0.559645 -4.069898 2.558323 -5.938456 0.745409 -2.833950 1.674282 -2.807202 -1.084819 -7.103266 -2.456782 -5.544061 0.648766 -3.997781 0.764126 -2.303074 3.282098 
6611072696716774474.mp3 :-155.781153 98.982481 20.780082 16.713944 -2.196447 2.837695 3.114064 2.898310 -11.402140 0.582206 -11.652782 -2.222052 -4.576127 2.195200 -5.438896 -1.479839 -12.031225 -1.127707 -7.852669 -1.816827 -2.924519 2.405611 -1.847665 2.018092 1.292390 7.409580 -0.393687 8.428636 -3.389207 4.397506 1.746616 -2.582231 -5.121455 -5.728888 -8.660305 -1.395571 -6.278301 1.875830 -1.671258 4.913477 
6686158185495513009.mp3 :-179.455845 139.659134 18.742329 18.537628 10.176603 8.766580 2.710714 6.059565 -8.456316 0.541663 -7.130447 -4.852384 -3.679819 -4.161908 -7.234982 -3.292854 -8.210563 -2.437594 -3.798830 0.338133 -3.267447 3.508463 -1.007521 -0.609827 -6.206706 -3.307867 -6.524107 -4.675071 -7.409581 -1.800505 2.735254 3.024039 -2.580074 -2.070300 -5.526978 -1.674674 -2.989280 -2.501098 -5.076487 -0.365598 
