1033144136432980407.mp3 :-19.721330 54.904153 -9.706370 16.515094 -5.058224 15.552162 -7.456454 4.577632 -1.969627 3.201705 -1.660084 1.749635 -3.611179 1.977995 -4.125748 3.775669 -2.104165 4.081468 -1.252740 3.235629 -0.689995 3.014749 -3.568336 3.084039 -1.682735 2.859731 -1.697829 1.876057 -3.297094 4.515462 1.824895 3.312263 -2.444665 1.008041 -2.203906 3.709101 -0.331759 2.414455 -2.837647 2.444742 
1041370303636665148.mp3 :-122.891627 88.399896 7.016514 30.271547 10.371707 4.425713 -2.941582 8.680205 -13.455115 2.009272 -3.691449 -4.017638 -1.428607 -3.463284 -4.731665 3.077883 -5.739406 -2.104498 -1.647667 0.409935 -4.365987 4.463144 -4.854920 -0.927922 -5.405769 0.508393 -6.473677 1.318312 -2.972687 0.064914 -5.515744 -0.391849 -3.764200 0.722326 -4.499305 -0.052088 -3.672754 -0.911788 -3.455161 -1.705111 
1104056712690579839.mp3 :-120.636664 80.420716 -1.837226 35.883737 11.399238 14.559301 5.860722 10.284746 2.674450 4.203962 -7.347627 4.452874 -3.460376 -1.475001 -6.338086 3.241998 -2.754081 1.959759 -6.699811 -1.489625 -4.407698 3.326396 -0.057520 3.679225 -2.129056 -3.447035 -4.702460 2.660765 -3.256914 -0.045525 -2.421482 3.774149 -0.195910 1.647043 -3.623398 -0.228539 -6.109339 -2.914306 -4.244606 0.706340 
1045102023242703108.mp3 :-137.415692 101.702098 7.201820 26.574664 4.175548 1.467921 6.484397 -10.297731 1.166726 -2.562408 -11.463727 2.613957 -11.986553 2.763442 -10.117993 1.213784 -2.861428 0.926697 -2.588413 0.543610 -4.643893 4.257785 0.151450 1.354962 -4.921370 -2.036742 -8.602345 -1.364387 -2.891986 3.761377 -3.994016 -5.487071 -3.428407 1.361319 -4.075746 -1.164946 -4.692239 -3.962675 -7.272024 -2.210118 
1024146325844559413.mp3 :-176.175123 109.471113 7.035290 31.900972 11.693145 7.509448 10.356962 0.594486 -3.662657 11.711506 -9.112696 1.071840 0.724235 1.868838 -0.043847 -0.371056 -3.410410 3.049106 1.957892 3.194307 -2.332136 -3.514678 -1.727816 2.591779 0.016882 5.604044 -5.157995 -0.909610 -3.545334 0.238650 -4.927009 -3.147685 -4.358212 3.429806 2.197270 4.178921 4.055007 2.855960 -2.079577 0.785347 
1029264152990322219.mp3 :-105.859647 116.242118 -7.375465 17.982597 -4.269135 -5.044434 -1.024160 -4.574834 -3.975249 -3.739936 -10.326634 -4.870219 -2.315018 1.004715 -0.471904 2.704435 -2.428700 1.205753 -1.539637 0.244523 -4.914700 -0.074077 -3.175777 1.221753 -2.514821 5.870071 -1.012988 2.863238 -5.469451 -0.430854 3.140148 4.910955 -3.928976 -0.352988 -2.272934 1.632756 -2.651836 2.494436 0.325901 2.295185 
1069565587955999995.mp3 :-241.500232 117.765826 -14.176702 15.051537 13.263964 3.446824 0.628594 1.631605 -11.133145 1.953187 -6.350072 -1.815316 -2.496771 -5.428641 -4.623546 -4.225083 -7.240054 -2.087909 -6.284616 -3.948781 -1.568376 1.781754 -5.863266 0.056332 -5.623879 -2.842243 -1.649184 1.723432 -3.423260 -3.451316 -0.812174 5.087486 2.113724 -0.246326 -5.722744 -3.596382 -5.268299 -3.786924 -1.853875 2.043738 
1107101493334848348.mp3 :-158.270917 125.056217 0.602014 13.787841 -1.599065 9.099848 -5.363789 -0.763257 -6.773125 0.316325 -2.117302 -2.306423 -0.997806 -2.538903 -4.285794 -3.053072 -5.399179 -2.744156 -3.417748 -2.606031 0.802320 3.497405 -1.094014 0.200327 -4.786986 -2.547237 -5.243462 0.048661 -3.799043 -3.976614 -4.403880 0.148510 -3.638615 -2.452580 -6.240565 -4.263664 -5.038219 -1.020419 -3.273988 2.938881 
1043584467124316947.mp3 :-97.637211 96.162622 19.684424 20.763579 2.431115 12.828187 -3.978445 -3.056307 -9.297273 -0.814672 -6.614569 -2.040328 -6.877447 0.162696 -6.745368 -2.490334 -5.321577 -2.602922 -3.156521 -2.081798 -8.477253 -1.670867 -3.368350 3.738497 -2.386666 3.468566 -3.116601 0.763317 -4.801327 5.013321 -0.082771 -1.176200 -6.647903 -0.013027 -1.591263 2.621189 -2.108811 0.067031 -4.419627 -0.575840 
110617215535698921.mp3 :-111.904067 105.590028 21.709957 10.518057 1.874330 4.575474 -7.079641 -1.969930 -7.705720 -1.514775 -4.468920 1.071257 -1.088066 0.994006 0.902076 4.615707 -1.948563 2.400546 -1.564862 0.732717 -1.605559 2.065943 -2.031548 2.403190 -2.219664 3.195861 -0.707366 1.333829 -2.606726 4.011880 0.826884 -0.126148 -3.821755 -0.961299 -2.881235 0.131276 -2.279845 2.382021 -0.569881 -0.009570 
1051582512548708492.mp3 :-179.732542 116.230768 40.848790 18.057180 9.012821 -2.728200 -4.104554 1.557590 -14.018677 0.687180 -6.357587 -4.940113 -6.738297 -4.386391 -9.673405 -5.969618 -8.670704 -5.203593 -8.138470 -7.641109 -7.923633 -6.507184 -11.331003 -3.675276 -5.166161 3.248617 -3.111680 2.712794 -5.532370 -0.787467 -8.279738 -0.301972 -3.901036 2.653402 -2.209390 -0.363528 -3.190934 -0.767494 -3.945576 1.144316 
1061293420234917678.mp3 :-316.861350 99.466224 12.917991 17.643613 2.813341 12.927206 1.373517 2.209058 -0.753994 3.781627 -11.199010 0.942905 -5.423623 -2.170229 -4.529434 -0.835626 -1.561250 2.126292 -4.077315 -0.449388 -2.559683 3.195034 -1.647396 -1.311279 -5.816635 0.056165 -3.184542 1.190874 2.346360 6.683179 -3.738068 -1.013005 -2.664493 2.877049 -0.728671 0.578714 -1.551957 -0.123210 -4.185871 -1.485332 
1014929727811186294.mp3 :-124.058715 97.543278 24.612793 32.346155 5.781600 8.778511 6.313923 10.854939 -10.300246 0.807373 -2.508016 0.780549 -2.685110 -0.131025 -1.875561 2.572605 -5.520584 0.365875 -2.072210 1.184111 0.429711 -0.259083 -7.962538 -1.182801 -4.754363 0.679412 -2.045452 2.892930 -3.884509 1.612649 1.229163 2.859297 -4.590862 -3.747829 -6.959235 -1.483060 -3.178715 3.105746 0.332973 3.103297 
1049820649853515207.mp3 :-279.456539 100.747549 -8.491378 29.989735 -2.398440 -3.097365 7.853429 -9.471026 -10.074060 0.431439 -12.661411 -2.670129 -12.846796 -7.013617 -6.184242 -4.152466 -5.187350 1.486300 -4.216730 6.247739 -2.940574 -1.534621 -1.504671 -0.111641 -2.563828 5.391588 -5.324305 2.502408 -3.377335 -4.002032 -6.091513 0.135001 -2.020792 1.387256 -3.189091 0.867704 -1.483176 3.039657 -1.340374 0.645545 
1039729312861927394.mp3 :-176.987352 131.241311 2.253470 24.827247 -6.828404 -2.654171 -4.188209 -2.687131 -7.555199 0.474171 -1.487035 -4.012022 -8.210607 -3.377198 -6.854280 -3.720307 -7.800115 1.650676 -6.998397 -5.741092 -1.555760 6.914506 0.601406 7.673180 1.776409 0.759682 -2.254768 -0.956371 -7.694512 -1.148058 1.740505 0.913767 -1.164810 -3.576846 -6.589754 -1.663835 -3.585667 -2.500389 -2.088992 -0.531954 
1040341033679410052.mp3 :-78.290587 63.919964 18.256800 28.672100 4.233224 15.563657 3.593291 13.631622 -1.771120 6.108375 4.685558 0.348973 2.423527 1.433276 -6.730893 6.689582 -5.891983 -0.350714 -6.838586 6.209675 -9.963321 3.600085 -3.406597 3.551765 -8.540773 3.937945 -8.735859 -0.407922 -7.162838 2.998559 2.441569 3.567733 -2.907776 2.290943 -3.212449 0.101933 -1.910550 0.774351 -3.846816 -3.407486 
104185445737176022.mp3 :-134.651643 123.436817 18.283182 24.777128 5.420707 13.373684 -0.097382 6.450812 -1.000635 4.024801 -4.130632 3.545163 -0.698920 4.043684 -2.917693 4.802203 0.799363 3.945621 1.524599 2.909247 -0.757663 -2.379760 -6.919183 -2.361591 -3.591838 -1.275436 -3.601025 1.759446 -4.522288 -4.709950 -7.437015 1.862788 -0.325136 -1.418482 -3.773232 -1.933341 -2.418509 0.558900 -0.795170 4.505382 
1061209829307500333.mp3 :-223.537894 111.878587 14.672270 28.438815 15.876509 11.023337 8.247072 12.027028 2.778190 7.978568 -7.520616 0.080753 -0.757239 3.934297 0.690603 0.006087 -2.102123 2.682698 -3.623965 -2.325392 -1.335926 3.725183 0.113512 -0.564615 -3.716903 1.307717 -1.772298 -0.405691 -7.398885 0.698128 1.430807 2.775073 -5.665744 -6.844759 -8.519000 -2.980445 -2.900606 1.208252 -2.383958 0.107683 
1027173258189106324.mp3 :-94.726706 79.473855 3.723375 27.007582 -1.497860 3.854202 3.429879 6.449079 -13.284101 2.522632 0.397598 2.180509 -2.226881 2.887981 -5.493113 3.633682 -2.619573 -2.025246 -2.766566 1.252792 -2.265878 7.563125 -0.997410 0.131385 -5.364100 2.881661 -5.514534 2.628409 -2.374753 -1.532661 -0.780042 6.349843 1.487421 0.373758 -4.176792 -3.382042 -4.219985 1.312268 -1.170274 2.541035 
1088881789947808805.mp3 :-71.581363 78.859627 28.458379 20.191974 12.501439 11.150441 2.867601 8.638976 -7.412631 4.594330 -6.001284 -1.789124 -1.194799 3.085797 -1.637647 2.849638 -3.566809 2.863884 -3.626646 0.991068 -0.451600 0.348122 -7.073763 -0.105616 -3.875959 2.752540 -0.724889 3.411756 -5.658676 -0.919820 -3.622883 3.352570 -4.692862 -0.424302 -6.091996 -0.320030 -2.297414 2.307507 1.673248 4.789202 
1038603695851752938.mp3 :-90.455671 103.664052 3.352091 22.153198 5.075400 1.174210 -5.694296 6.609818 -6.520862 1.771353 -2.136297 1.001426 -5.179975 2.985885 -0.563239 3.691838 -5.760753 -0.703846 -5.404568 1.279566 -3.957695 -0.736842 -6.831105 -0.873595 -8.490837 1.155399 -3.748213 1.469163 -2.502412 6.313498 -3.190494 -1.159127 -5.350389 -1.015723 -3.854044 1.850939 -4.072916 -0.591001 -2.443779 1.860435 
1098851930750466424.mp3 :-86.369676 86.626275 23.876088 25.124326 3.118036 1.210881 0.849005 -3.905472 -7.686401 2.113731 -8.227468 0.649196 -6.392655 0.881614 -1.513054 -1.376680 -3.199191 -0.483741 -6.707663 4.998367 -1.440495 1.806723 -4.676038 -2.510069 -5.697560 2.740831 -1.847671 4.103507 -3.152432 -1.879981 -5.799280 0.808401 -2.776845 1.380035 -6.247406 -1.900635 -8.501984 -1.756622 -4.148518 4.159479 
1035040638171135408.mp3 :-58.951875 94.192000 6.345982 37.516037 7.567805 14.135098 8.014555 2.209238 0.013700 2.238801 -6.161796 1.742901 -5.964743 -0.857165 -3.497449 1.279972 -6.378039 4.155601 -3.463155 -2.049885 -4.537010 -1.891157 -5.061913 1.744224 -5.059271 0.662909 -6.125467 0.970523 -2.795877 2.576908 -0.304234 1.583702 -2.707023 2.061271 -2.585573 1.594200 -1.395546 1.703506 -3.622484 -2.895791 
1032163695701952591.mp3 :-71.072997 88.065919 18.767905 26.560273 4.331839 13.046823 0.598560 3.074532 -7.462488 8.433444 -3.819802 -0.066879 -5.591541 -3.435198 -4.156157 -2.315668 -6.981546 -3.442160 -6.970655 0.244827 -0.784168 3.276472 -1.813911 -4.386118 -10.000818 -4.268104 -1.647369 6.894380 1.455693 -0.044519 -8.179128 -2.116401 -2.759878 3.602753 -1.837757 -2.140191 -6.498986 -0.537675 -6.186160 2.340803 
109976971783035190.mp3 :-153.370926 81.522089 18.606318 18.508088 0.502777 3.116508 -0.673250 -1.782035 -4.464208 1.616483 -9.385354 1.000001 -6.928999 -2.238616 -7.730372 -0.282497 -6.656786 2.300678 -5.760441 -2.439879 -8.619979 2.732536 0.805333 8.294982 -0.230425 3.210462 -3.481101 -2.750197 -7.054470 2.007697 -0.534809 2.321125 -3.111337 -0.014689 -3.324537 0.029703 -4.622458 -2.447267 -2.466915 4.068472 
1060944138795219523.mp3 :-118.987575 111.759689 18.854093 24.029763 4.161792 0.671224 3.036298 1.295629 -10.042688 -0.148912 -14.888149 -1.679068 -14.555119 -5.920910 -8.909286 -0.251739 -3.428579 2.299330 -3.967771 2.481241 -0.709773 2.409594 -4.817134 -2.778420 -8.276529 0.300932 -0.686898 3.592734 1.370084 2.173420 -4.846776 -0.743914 -3.289246 1.932094 -2.585452 1.774650 -2.521559 1.120584 -2.560315 -1.430931 
1034509099970371693.mp3 :-119.876719 100.147038 18.333397 29.024071 1.081911 11.158903 -12.514690 8.978115 -11.046789 -1.520650 -3.411370 -3.829763 -3.946901 0.203662 -0.957489 -2.007593 -6.797858 -0.140549 -6.784739 -4.004088 -8.553984 -4.589914 -9.048578 -0.763428 -2.881411 1.000846 -7.226299 -0.295249 -6.636478 1.037944 -5.994695 -0.433566 -3.233411 2.033748 2.268068 5.367459 -0.753963 3.784651 -5.022942 -6.192695 
1001684131607489553.mp3 :-169.906621 76.712537 -14.040449 32.771533 7.620923 3.864558 1.645986 7.175875 -8.131925 6.967312 -0.155938 2.464957 -2.257603 1.029251 -7.986426 0.987544 -5.158238 -2.150697 -4.247813 -0.412787 -2.615200 2.006451 -3.802283 -1.616165 -2.865682 1.478891 -3.346186 3.172568 -1.888306 -0.567956 -2.988242 3.715671 -2.606472 -3.545893 -7.384716 -4.726451 -6.985751 -1.905246 -3.401646 2.393305 
1039945500025120836.mp3 :-103.362551 72.723357 7.998526 22.010617 -9.323763 5.938548 3.019906 -5.032363 -6.496993 6.215583 -12.688494 -0.275269 -9.509177 -6.611068 -5.667767 2.476065 -6.484753 1.598119 -7.288447 -2.371366 -3.134788 -0.625874 -3.802730 -5.752015 -12.128279 -1.722745 -7.384600 3.117268 -3.445472 -0.793087 -4.041232 1.712402 -1.753494 0.033737 -2.776897 0.609669 -4.405838 1.598963 -3.257566 1.594839 
1109881714271208514.mp3 :-43.096771 66.536885 1.975071 12.764981 3.932160 11.043514 0.581028 9.146441 -3.690228 7.722897 0.612057 5.063530 -1.845364 4.094269 -2.151328 2.014933 -3.046689 1.763253 -2.672720 2.324049 -3.396776 1.511721 -4.649022 1.104888 -4.173284 1.130904 -4.287925 1.659769 -0.586980 3.918299 -3.689558 -0.533959 -2.637504 2.782340 -1.611753 1.462937 -2.285401 1.240907 -2.632561 0.354001 
1038880100179569959.mp3 :-124.709583 87.208399 19.906562 25.265311 11.278529 1.876339 5.043548 2.158893 -7.031840 1.735305 -14.774554 -3.677279 -9.468754 -1.166289 -6.260078 -0.374344 -4.597673 2.140831 -6.499680 -1.207917 -9.436940 -5.589412 -7.242658 -4.884753 -6.536001 -0.024188 -4.542610 4.573265 -5.801855 -1.490403 -3.205199 3.014211 -1.186826 -0.167694 -4.419748 -2.235842 -3.427692 2.636398 -2.263425 0.897585 
1083479320654251852.mp3 :-149.092563 105.944053 12.689208 25.213581 -2.363278 4.390875 8.457306 -4.183047 -6.701225 -1.156661 -16.988040 -2.822397 -7.994445 -5.975459 -7.896450 4.570317 -1.876046 8.397134 -0.899027 -1.556176 -6.406857 0.524622 2.907361 4.159045 -3.115042 1.879743 -5.888051 -0.013309 -5.774318 2.250963 3.303371 3.638891 -1.095263 -1.567227 -1.807134 1.612698 -4.675201 -1.238409 -1.548368 1.485168 
1096860257119406846.mp3 :-30.328036 65.061633 -6.256991 9.494477 0.218723 8.352289 -4.984231 5.116660 -6.177109 0.386327 -3.072545 2.779235 -4.804722 -0.238985 -7.188073 -3.012889 -8.148203 -0.218237 -3.952602 -0.148997 -5.520460 3.193777 -2.356323 2.453814 -4.411651 1.256085 -3.999198 -0.976497 -6.528260 1.956551 -0.430715 -0.010026 -3.984460 0.235052 -3.479005 0.487952 -2.590061 -1.258288 -4.233658 2.619212 
1048872335005369790.mp3 :-73.969957 99.745663 7.891687 28.213243 7.593930 17.976334 -4.297753 1.826025 -5.803816 -1.516335 -0.857148 -3.574010 -6.459512 0.109989 -9.507854 1.220245 -6.691605 -2.050658 -0.907819 3.966314 -7.943893 -2.385586 -7.634760 -0.184611 -4.594619 4.332850 -2.550772 3.373149 -3.634347 -3.595015 -4.089004 2.544357 -1.456803 2.486628 -1.965510 4.148722 0.322469 4.520731 -1.524732 2.540228 
1109861123536280090.mp3 :-117.729613 107.458279 -4.416877 42.577115 -1.138163 20.060831 0.572588 9.636714 -5.576496 10.157620 -4.007586 6.177076 -7.671922 2.742011 -4.675763 1.888740 -4.651825 2.316965 -4.346022 1.269852 -2.613477 1.890105 -0.043549 0.551915 -3.877300 -2.317069 -5.010409 -0.513572 -2.479400 5.034542 -1.831689 -1.516637 -1.059411 0.188215 -0.649898 0.636223 -1.269760 -1.606725 -4.947799 1.729255 
1042853731961486164.mp3 :-73.821608 81.045042 14.488547 33.490672 -4.033244 2.716313 5.937703 -0.036104 -5.014526 2.248419 -7.708051 1.776948 -7.135946 -0.668895 -4.752966 -0.664658 -5.284464 1.092998 -6.136873 0.166472 -6.712261 -2.669570 -7.005123 -1.386387 -5.033968 0.249366 -5.379142 0.071639 -5.052767 0.744420 -1.735104 2.531274 -4.335106 -0.575886 -3.308538 -0.145056 -1.831858 1.190382 -2.560695 -0.717365 
1070355740785706886.mp3 :-144.039621 99.994735 30.869221 31.949063 5.020483 4.187153 6.690128 7.749549 -6.723664 1.791021 -5.866945 -2.330825 -4.511672 -2.605372 -6.452104 2.119342 -7.716667 -0.605554 -2.702957 -0.705950 -2.189896 2.863500 -9.143827 -1.343478 -4.577712 0.706489 -3.150500 5.282559 -4.554822 -3.354856 -0.371495 1.654737 -4.933092 -2.494566 -5.447131 -1.848676 -1.901250 0.575562 -0.067987 3.856651 
1032800108626650425.mp3 :-203.753025 132.312631 -1.516349 -8.033681 24.620773 -6.615794 0.290940 3.160071 -13.534436 5.765682 -11.478116 -1.021473 -5.027900 -1.368430 -6.541880 -2.589362 -4.921494 -0.326838 -3.369044 -0.181055 -11.065152 -3.122013 -4.769964 0.575608 -0.814844 2.656139 -2.973673 0.776444 -4.726581 -2.757271 -7.519996 -1.861592 -2.974275 2.615461 -1.105907 0.525287 -2.417777 -0.576301 -4.730938 -0.579505 
1103097839383113776.mp3 :-122.174408 97.423638 19.830763 25.109313 3.910143 5.302174 3.722966 6.018259 -11.102020 8.306858 -12.241800 4.359242 -4.658805 2.858082 -2.078473 3.136285 -2.230465 7.502532 -2.606876 2.720185 -0.395497 3.053774 -1.608314 1.467999 -2.951893 0.712174 -4.079210 -0.882395 -1.232278 2.020903 1.055167 0.124418 -5.089874 -2.020033 -2.791323 0.918028 -1.928168 1.034662 -3.853626 -0.262569 
1074072825690907234.mp3 :-77.689898 109.153657 -11.115987 46.420446 4.258332 -0.168232 0.179669 17.384040 -10.534517 -7.200734 -1.623997 -1.166473 -1.608772 6.156348 -3.090995 2.503886 -2.995739 1.251983 0.585707 -0.305019 -8.683243 -0.208303 -2.342662 0.969001 -5.436326 7.240511 -4.872068 0.980163 -2.573578 -4.035947 0.009578 4.155654 -1.090538 1.514903 -6.546860 -1.162736 -3.064985 2.295373 -0.888810 0.398093 
1044835149902176401.mp3 :-206.849910 105.919769 2.861371 15.644950 1.532981 -4.754440 -11.350250 0.542646 -17.981116 -4.279490 -6.772777 -10.740050 -7.840356 -6.956621 -9.919218 -3.181689 -6.033130 -2.483217 -4.020470 -2.505660 -4.519812 -3.291819 -9.085868 -4.715988 -6.362575 -0.429294 -3.984307 0.405548 -0.874009 4.389322 -2.745444 -2.693351 -2.087723 2.724392 -0.948132 2.170118 -1.584739 0.271253 -4.408199 -0.886808 
1107716537866126916.mp3 :-149.844967 102.099980 -0.341427 16.794861 2.509759 3.839647 9.189833 -1.184190 -2.224376 3.654470 -7.426460 1.621141 -6.306344 0.454664 -5.592116 -2.795691 -5.118435 0.773891 -7.827382 1.961600 -2.881494 -4.148337 -5.333013 -1.494058 -2.029435 5.165083 -3.945225 3.365777 -0.092796 2.561013 -4.335278 -4.861526 -7.528079 -1.300033 -4.410847 1.089562 -2.300927 2.901067 -2.776598 -1.020502 
1088596391371200271.mp3 :-125.985707 81.753229 9.900857 27.383974 0.084855 2.131882 0.063700 1.508029 -12.929856 5.104683 -12.199020 -1.704238 -4.962450 0.052386 -1.259187 4.484409 -5.523685 -1.382785 -4.342952 -0.788948 -1.156525 5.247172 -1.455451 -0.460175 -6.558733 -1.153092 -2.505504 4.000799 0.135198 0.033168 -2.711707 5.045777 1.250116 -0.260333 -8.607252 -6.301338 -8.153515 -1.331040 -4.951961 0.714889 
1105303335356890028.mp3 :-49.615127 75.603421 5.856918 20.148937 10.140544 18.459572 3.371100 10.570987 -0.541688 10.888961 2.281559 6.981272 1.996572 7.177623 1.485514 6.929974 -0.619803 3.559335 -3.537463 0.903824 -2.587752 2.394148 -3.095214 1.500979 -2.960869 1.682105 -2.594530 3.166856 -3.098765 2.348412 -0.664621 3.891857 -0.493344 2.676661 -2.934201 -0.557896 -3.478669 0.431112 -2.273848 1.125081 
1046931672829483070.mp3 :-67.806718 84.123251 10.665703 26.216657 0.159640 11.082420 4.350434 10.792213 -6.508524 7.906902 -0.319110 -0.007929 -0.152747 3.249568 -1.657442 1.690162 -7.465998 -2.421028 -4.492738 1.830562 -4.109719 -1.748265 -2.238395 4.266516 -1.181492 5.898560 -0.199019 5.390490 -0.615918 -0.128933 -7.366489 0.220940 -1.119825 3.517374 -1.339341 1.678757 -2.298837 1.169388 -3.112410 0.081645 
1005290758554877158.mp3 :-203.106858 119.507099 13.997583 29.876917 3.569098 1.095694 -4.114244 4.835305 -1.052854 2.232447 -1.119853 -0.979109 -6.233704 -5.290004 -7.716934 -1.245019 -3.847636 -1.345499 -2.085365 1.574585 -0.691247 0.020908 -6.715385 -5.663994 -5.081229 -1.866880 -2.629748 1.524303 2.278815 0.330682 -8.267045 -4.996454 -0.419641 0.666946 -0.309346 -0.221225 -3.841966 -0.508858 -4.936244 0.858655 
1052542186139332453.mp3 :-133.136784 88.248626 21.393148 26.028469 8.003877 9.385719 -0.489886 10.113474 -3.458072 2.894290 -0.637523 0.013275 -4.689666 -1.421990 -5.440743 -1.107602 -8.722774 1.672512 -7.665342 -3.370250 -4.144783 -4.850146 -6.536763 1.261417 -6.779101 0.501414 -0.637588 3.737746 -2.611914 4.827378 -3.997973 3.564229 1.179950 2.765644 -3.934255 -0.907638 -6.618398 -0.472055 -2.949728 2.031362 
1045804577041634063.mp3 :-120.129465 66.885042 0.665484 7.747968 27.542478 -4.347028 11.711897 1.573963 -11.986157 8.516461 -9.846710 3.464659 -6.812189 -3.379903 -4.490616 -0.644147 -4.575982 3.338220 -1.668714 -2.775471 -8.106762 2.829926 0.450540 4.233233 -5.412267 -2.329291 -8.685519 -1.414494 -2.694426 -0.337507 -7.856057 -1.245860 -5.357781 3.714234 -0.805727 1.057460 -5.519218 -2.737612 -9.623283 -5.227499 
1096722530190441955.mp3 :-243.748688 115.229607 5.872797 29.812718 2.525460 1.142231 -2.344101 -0.546020 -14.771247 6.813399 -10.533928 -0.609834 -8.263067 -4.280549 -9.513593 -2.764640 -6.971373 -0.224081 -6.036353 -1.951401 -4.935470 0.556261 -0.248448 1.433546 -6.258419 -1.481764 -2.801462 -2.793891 -6.091856 1.063123 6.538130 9.671992 1.118184 -2.162277 -3.600362 -2.631050 -3.860624 -0.281078 -4.384220 1.830961 
1039808532458280623.mp3 :-151.545440 88.881113 -18.878609 17.192495 11.041821 -5.348499 8.247523 5.988583 -7.835686 -1.818193 6.351489 -1.659232 -5.307383 5.320564 -7.985607 -0.797836 -6.152557 1.535965 -5.577346 -6.288357 -9.630814 -1.991812 -3.478157 2.028469 1.206147 0.867445 -3.656498 0.019008 -1.591843 4.220686 -3.713257 -0.809092 -3.185161 3.097069 0.873049 2.011440 -4.810226 0.457695 -6.954978 -1.238531 
