3493477110068263216.mp3 :-201.356317 100.574432 16.891098 33.218994 -1.779719 -3.825346 3.258329 -8.953338 -8.840388 -4.377386 -16.872213 -2.435043 -11.698927 -4.472443 -7.823722 -0.728854 -4.159631 1.614773 -4.195513 2.664989 -7.055609 -1.878324 1.418093 3.413917 -0.524351 3.718085 -2.677961 4.803203 -5.656235 -8.514420 -4.820693 4.571294 2.251180 2.889955 -1.068591 1.846733 -3.137684 -1.610258 -3.827679 -0.416131 
3460313960200576802.mp3 :-110.178787 105.431620 5.559709 27.588009 3.358618 1.600281 6.833560 -5.125745 -7.329905 1.420076 -11.392328 4.214789 -6.439807 1.812599 -4.175504 3.067349 -1.051442 6.630663 -0.670906 2.195300 -6.354941 -0.946722 -3.106658 2.659077 -2.398878 5.203115 -3.219659 -0.003646 -4.491545 0.228313 0.384800 4.560044 -1.899665 -0.476351 -3.641708 -0.534904 -3.882428 0.797214 -1.854076 0.242712 
3445265385692397405.mp3 :-87.459286 87.291706 15.938021 30.259109 7.949377 10.315957 -4.925654 3.879735 -8.753434 1.325259 -3.718829 -3.409904 -5.806047 -0.554276 -0.979014 -1.351767 -0.188957 -0.976890 -6.256163 -0.587502 -3.083979 1.761024 -5.163688 -0.685556 -6.298003 2.490336 -6.444396 4.798473 0.943456 3.439659 -3.244797 -0.151051 -0.867413 3.535776 -1.385934 0.652684 -4.876060 0.751527 -4.708412 1.516584 
3491059420054853760.mp3 :-81.300825 69.040640 10.741118 23.359747 10.368163 11.261331 0.626018 9.371565 -2.992500 5.695457 0.338169 5.949502 -0.802296 3.662118 -2.538704 4.860592 -3.753304 3.383580 -1.277499 1.494152 -1.497552 4.757518 -2.819722 1.787044 -1.542372 1.476589 -3.069129 1.149292 -4.151576 2.415129 -0.512531 3.133814 -2.919714 0.579074 -4.459680 1.061539 -2.478158 0.955852 -2.396477 1.686117 
3476753740100670011.mp3 :-214.510726 88.655026 -2.933971 10.150284 1.047060 25.006762 2.762480 14.779119 13.168105 7.417195 4.986326 13.751052 4.467260 10.176018 6.327035 5.329021 -1.269044 4.579570 -4.330876 1.810518 -2.672191 1.733133 -3.310329 2.591087 -3.127933 2.391678 -0.746660 2.368472 -0.444972 3.142566 -0.905672 0.054762 -2.404640 0.140694 -1.083936 2.376170 -0.957398 0.540421 -2.237001 0.811085 
3412734449601000105.mp3 :-75.726983 71.937111 29.853130 23.253531 4.274218 6.923757 7.989247 2.499786 -6.720519 3.566361 -8.154474 0.579351 -6.559140 -1.675025 -5.179249 -0.046771 -3.321639 4.408369 -4.824926 3.977221 -2.170054 -2.752059 -6.211203 -0.570477 -4.051968 7.906521 -5.370538 0.619060 -6.725882 -3.699209 -1.919069 0.683784 -2.357452 -0.576633 -4.240622 2.228805 -4.667694 3.498431 -4.247511 0.054677 
3482566880182961462.mp3 :-89.584971 109.391396 -4.241981 47.677800 3.432550 10.552760 3.683088 16.628847 -1.873849 7.627105 2.417160 2.353837 1.550402 -2.393296 -4.439145 5.092588 -5.662272 2.711240 -2.553735 -0.258052 -5.908357 5.639722 -0.201943 5.016864 -1.162109 1.944084 -4.542634 -1.548958 -5.921579 -4.952826 -3.837523 4.320645 2.480080 2.290449 -3.065379 -2.154895 -5.190882 -2.815438 -1.982564 -1.049381 
3451567895594122820.mp3 :-47.939888 76.732716 -2.985475 14.815864 -3.519289 8.566574 -0.426288 -0.097691 -6.128320 4.866979 -7.019660 2.972644 -3.494050 -2.559889 -4.394110 0.302881 -5.459358 -0.863630 -1.247469 2.883445 -0.401959 5.451316 -4.791860 0.057905 -3.865461 0.170420 -2.384721 4.070776 -1.940951 -0.937716 -6.320112 -0.908978 -2.243648 0.827311 -5.127488 -0.496817 -3.319974 -1.166112 -4.237773 1.583824 
351061098495792586.mp3 :-138.554090 92.939290 -8.484776 36.521407 6.443396 9.441163 1.775091 11.431515 -10.112925 11.722487 -9.847033 2.517463 0.754053 -0.577388 -2.707364 2.926845 -4.508032 3.379881 -7.347482 -1.969431 -4.662284 -3.216687 -6.405806 -1.858531 -5.172805 -0.143795 -2.901030 0.676284 -1.528452 2.848365 -2.881032 0.485182 -3.727857 -1.429778 -6.558931 -5.248778 -6.130114 -2.686325 -2.768395 0.145737 
3498203570884375818.mp3 :-163.333495 97.272014 -13.579540 15.780501 -4.901044 -11.466543 -3.158637 -2.416758 -10.085876 2.469572 -14.520677 -4.012922 -11.557626 -9.881694 -6.544800 -2.916416 -2.882658 3.018872 -5.783425 -2.860484 -5.319019 2.214048 1.467535 3.499497 -6.414873 -0.607725 -3.523027 -4.236495 -4.858648 -1.205736 1.464719 1.744853 -1.984544 1.141266 -1.930536 1.285187 -2.293114 -0.130926 -3.870708 -1.649235 
3438086098995474937.mp3 :-93.163478 98.154973 -6.825097 28.356139 6.447943 0.952901 0.761310 6.806895 -14.034538 3.638098 -4.868198 -3.665517 -2.911704 -2.235077 -7.843367 1.574635 -5.338687 -2.779889 -8.010114 -3.131133 -8.385238 2.157705 -2.146849 2.823509 0.935071 2.257373 -3.320117 -0.274607 -2.457903 6.009732 -0.283878 -0.400837 -5.752156 1.622032 -0.436674 2.020692 -2.030884 0.347811 -6.388007 -4.370734 
3480441304440370895.mp3 :-182.432261 94.448354 8.772068 24.217226 4.552680 5.923268 4.751856 4.149983 -5.608018 1.497589 -8.859373 -1.984855 -2.613358 1.241134 -2.608268 1.531030 -3.754118 -0.582226 -2.938029 1.284925 -2.032880 -0.672689 -9.290867 -2.842445 -5.544804 5.215482 1.243383 6.654124 -1.065561 0.911120 -1.870838 1.153267 -5.196222 -3.498806 -6.300732 -2.454957 -1.710001 0.964907 -1.305493 4.008001 
3423725439173519219.mp3 :-63.829896 88.973476 10.695051 25.670327 8.331112 15.438734 1.247122 8.537183 -3.328489 3.347088 -0.198742 4.916791 -0.662728 3.330797 -3.605943 0.821127 -4.240357 1.003006 -3.878266 2.001772 -2.517396 2.484941 -3.355887 2.527458 -2.230885 2.386891 -1.869629 1.698305 -4.813741 -1.481392 -3.807188 1.018088 -2.527418 1.857987 -2.113948 1.554460 -1.904606 2.804536 -1.023221 0.189485 
3423173382047952334.mp3 :-148.186518 78.807487 7.321015 11.236016 -2.965271 -4.972371 -3.941588 -3.871382 -16.095512 2.352913 -7.700022 -0.719980 -3.336763 -5.009243 -6.989770 -3.320715 -9.275471 -3.316532 -7.530578 0.653650 -1.418935 -0.787104 -8.008523 -2.311182 -4.365524 0.370258 -1.013816 1.948307 -5.599605 -0.715090 -0.178526 2.847336 -5.763769 -6.120353 -6.683145 -0.923494 -1.848074 3.430356 1.033874 3.898942 
349772275951804248.mp3 :-44.851228 84.230090 7.326856 17.629920 1.814385 9.303772 -0.058830 -0.210027 -3.511685 5.156639 -7.625085 -0.146673 -4.007076 2.158873 -2.281302 3.397457 -3.494459 3.996465 -4.003908 0.828727 -1.216149 3.563754 -0.537211 2.211203 -2.561551 3.404798 -1.119909 4.074699 -1.665579 -0.164859 -1.494030 5.033046 -1.269128 1.644779 -3.170773 0.552458 -3.654824 0.106456 -2.723073 2.035814 
3449791923229973855.mp3 :-156.816342 98.856989 -8.211839 27.068989 -9.761109 4.468514 2.007443 -12.014528 -13.142089 -7.928199 -15.955392 -2.725823 -11.018024 -2.954650 -8.253053 -3.388744 -8.851934 -0.353721 -7.268705 2.298909 -1.424490 3.576829 -3.621378 -3.888050 -2.089331 3.500491 1.105335 10.562449 2.595476 3.669521 0.536050 1.540442 -0.197090 1.516601 -2.905790 1.217600 -1.006428 1.898583 -2.538419 1.893328 
3427906337912829040.mp3 :-180.719033 99.639877 -5.131576 34.662156 3.226275 -0.088795 10.890943 -6.016229 -5.362980 4.347020 -8.304849 1.372732 2.261711 1.441353 -0.721486 3.676336 -4.893140 -0.698498 -9.585302 -0.427033 -1.453968 4.637623 -3.984191 -2.832439 -4.532390 0.694125 -2.751124 4.869642 -2.670458 -0.947999 2.444906 9.190972 -3.113593 -3.831337 -5.593181 -3.521908 -3.953212 4.129023 -2.414119 0.313212 
346890543551294139.mp3 :-181.205481 101.574442 18.997004 25.566310 4.194011 7.898725 -1.023796 -0.802517 -3.481790 6.042221 -9.093009 -6.098605 -6.822241 -1.224491 -3.625547 -2.575853 -10.445483 -4.071801 -4.394910 3.478260 1.270280 3.355540 -0.406121 0.703525 -2.378843 -0.242575 -5.064170 4.312032 -0.853915 -1.379665 -6.005937 1.982854 -0.826828 -1.289769 -6.791368 -3.795956 -4.401036 -3.724226 -5.606230 3.045368 
3474369421191059611.mp3 :-210.963777 95.841238 9.625690 17.496474 9.641835 0.812038 -3.953759 2.796620 -6.036319 -2.741322 -5.392061 -5.633547 -8.479563 -4.109721 -4.366214 0.096942 -7.396097 -0.860407 -5.599290 -3.059207 -4.337612 -0.762761 -7.548466 -1.289016 -8.830964 -4.761992 -6.347828 -3.429452 -5.583888 -1.730309 -5.551219 -1.239790 -2.488480 0.182942 -1.442790 1.756737 -2.465501 -0.263743 -6.315510 1.232202 
3432258719549764523.mp3 :-307.320647 115.579914 34.135096 30.878029 17.514658 2.433173 -4.706279 1.710056 -18.061557 -5.213059 -1.842089 -8.824047 -3.559278 -7.694879 -3.320669 -1.699579 -8.981935 -9.125953 -4.764032 -1.857652 0.587333 4.091233 -1.586404 -4.228413 -5.795349 -2.896907 -1.272553 6.964973 1.803155 -5.129712 -7.317585 -4.403696 -1.977631 -3.220957 -8.818621 -8.068203 -9.319783 -4.627934 -3.940581 2.664844 
3423341152393633802.mp3 :-179.255438 137.183830 -0.262530 14.421763 0.886212 -4.694871 -4.671253 6.815968 -12.818334 -6.965997 -5.281187 -11.108973 -5.448163 -2.675508 -4.729801 2.199289 -4.870167 -2.558935 -7.799852 -0.470319 -4.543837 -0.392178 -3.521414 -2.726249 -6.558870 -1.660410 -4.865153 -2.110016 -2.685706 -0.333633 2.049156 1.033052 -4.834852 -4.830844 -5.135191 -3.260877 -3.994568 0.817006 -2.097444 -0.973703 
3426465364865611127.mp3 :-80.251716 106.025634 4.812528 18.829336 -6.262851 -7.764893 -10.336856 0.865155 -20.160385 6.339592 -5.327227 -1.154620 -0.272904 -2.872639 -4.306707 0.228439 -5.423648 1.666263 -2.893598 2.480330 -1.615938 5.715449 -4.220343 3.344703 -5.507216 -3.059099 -4.712557 0.335168 -2.740505 7.166727 -0.049930 -0.217892 -6.280688 -0.297480 -3.843910 1.843686 -1.064981 1.318218 -3.021429 -1.409735 
3455489061892302538.mp3 :-191.552703 72.886398 3.769846 29.961941 -0.511270 6.987154 1.848224 -0.886259 -3.874450 4.026876 -9.748457 0.664450 -5.171014 -6.171143 -3.773729 3.053854 -0.682275 3.592671 -3.692115 3.717786 -2.990178 4.673736 0.149484 3.288593 -7.298258 -1.011964 -9.947789 -2.431055 -5.004590 4.819251 -1.417504 1.132968 -6.930662 -1.310677 -2.340715 -0.330589 -4.014624 3.642447 -2.599379 -1.819959 
3497204259321804238.mp3 :-170.740841 84.456152 29.003515 39.263264 6.106484 11.179972 0.991305 10.647348 -4.151298 7.808325 -5.511856 0.506165 -3.610197 -1.347030 -4.972561 1.779668 -4.717580 0.383888 -4.278516 -0.550443 -5.232774 -2.583639 -8.206537 1.010841 -8.372568 -1.068268 -3.199656 0.693483 -3.839217 1.863786 -5.197369 -1.284295 -5.231190 2.184065 -4.372253 2.119354 -1.827630 2.648885 -0.779964 -0.705854 
3425261906513991890.mp3 :-156.855608 107.758936 19.461035 31.887682 3.149932 3.440671 -1.502966 8.218124 -11.203587 2.052564 -1.482383 0.140227 4.577890 6.287997 -1.612208 10.782687 -1.917265 1.442407 -0.850736 1.057988 -2.044091 2.677232 -3.381626 -1.482561 -1.163720 2.044773 -4.334647 3.251978 -3.176879 0.297301 2.328035 2.542912 -3.041519 -4.064628 -5.819691 -0.402061 -3.482119 3.547476 1.262527 3.819133 
340768301534244917.mp3 :-129.644408 128.276883 28.022884 28.280410 -1.817072 7.858926 0.027499 -1.103371 -6.185492 4.341471 -9.090975 -1.690033 -4.614886 -2.858822 -6.692789 -0.720152 -4.561818 -0.792958 -3.464851 -0.093833 -4.464029 1.852219 -4.351586 2.500119 -5.796255 4.859429 -4.359458 4.843012 -2.790513 1.728731 -2.898415 2.009471 -0.190645 -0.470302 -3.950851 -1.890229 -5.536040 -0.819536 -3.100098 1.108157 
3482680477102874711.mp3 :-90.714689 75.746519 22.512742 34.045400 13.474827 11.550211 1.917871 7.413255 0.601773 6.136249 -4.387946 -0.960854 -4.107214 -0.069323 -5.918234 -0.056221 -1.311531 4.614665 -2.643391 2.595601 -3.830365 0.487514 -2.971200 3.620706 -2.339080 3.529677 -7.559251 -0.298164 -1.085003 2.550910 -0.965469 -0.559471 -4.364878 2.632681 -1.534836 3.048714 -2.149572 0.944990 -3.941645 -0.639557 
3449571106569169273.mp3 :-212.782213 108.353889 9.329631 26.884360 -10.041429 6.116818 6.279847 6.935909 -13.659533 9.390440 -15.156696 1.906595 -5.664622 -3.446116 -7.040083 -1.066828 -4.548755 1.047866 -13.471936 5.490221 1.997232 2.552158 2.871999 -2.371071 -2.990514 -1.814449 -6.312562 -4.173067 -0.631623 9.856625 8.860185 0.275160 -10.031081 -6.634858 -6.552962 -2.548326 -4.035437 0.615172 -6.226393 1.089303 
3440796549549097468.mp3 :-342.452336 182.129525 7.886642 -5.931684 -2.237698 -3.687051 -5.391096 -8.258767 -9.264344 -9.948632 -10.338731 -8.494542 -6.216913 -2.497055 -1.879234 -3.982404 -5.230179 -5.369276 -2.627096 2.694440 1.361283 -2.771385 -4.036614 -3.946347 -2.778481 -2.294127 -4.827083 -1.227009 2.776676 -6.022954 -11.371220 -5.191686 -0.881738 0.732949 -0.447312 -3.287953 -4.382192 -2.108661 0.845581 -0.669343 
3441935625285981404.mp3 :-95.652496 124.819261 -0.530328 25.366957 8.247643 4.957348 -6.036548 -0.195846 -15.744588 4.066810 -7.375379 -1.655565 -4.650774 -2.194620 -6.722747 -0.582409 -3.760659 -2.097297 -5.734337 -2.062233 -3.870343 2.693834 -0.223135 0.536928 -5.504992 -1.981891 -6.787909 -2.593192 -0.554108 4.918729 -2.403346 -2.883922 -4.563457 0.877934 -0.990879 -1.125990 -3.487182 -2.799465 -4.179866 -2.586844 
3448464400894536281.mp3 :-116.837224 122.463007 -7.417226 19.641260 10.573666 3.969190 -5.130655 3.546073 -11.324106 5.174056 -5.151554 -0.711099 -0.206381 -1.341563 -7.036323 2.970706 -8.076002 -7.160897 -5.454523 -6.489433 -3.076790 0.401511 -2.158887 -4.170257 -4.268489 -0.827633 -4.935876 4.382560 0.214221 -0.458439 -5.398486 0.362056 -3.532463 0.226396 -4.586040 -2.208373 -5.906130 -2.248377 -4.270456 1.227797 
3432521113244385083.mp3 :-160.063014 117.178964 9.359053 15.595612 2.663752 -1.029956 -5.829517 -0.820147 -7.408697 0.023471 -6.363362 -4.834406 -3.063774 -2.970670 -7.922720 4.150632 -5.712055 -2.099521 -0.577255 -3.928731 -7.079843 2.433040 -0.127992 -3.323975 -2.456093 -2.642071 -3.788510 4.784667 -0.203800 2.815270 -1.650866 -1.113687 -2.285297 4.427769 -1.924892 1.031409 -2.757230 -1.235155 -5.373420 -1.968020 
3470986636414290271.mp3 :-160.581198 64.773238 18.036076 33.207304 8.725739 6.088838 0.959803 5.303741 -5.630468 2.550452 -8.412353 2.449898 -5.546126 1.585196 -2.708156 4.833825 -4.514958 2.348336 -6.360969 0.804359 -7.831991 -1.813003 -8.502099 -3.509411 -8.354010 -3.397063 -2.120607 5.454069 0.674024 3.302737 -3.743636 -1.046987 -5.981493 1.258454 -3.134134 -0.105924 -6.171736 0.167898 -2.931471 -0.866292 
343657394431557199.mp3 :-75.815295 74.880350 12.561624 18.017601 3.435500 9.591222 1.212047 8.611796 -1.302596 10.272934 -4.272204 4.246586 -0.020173 6.758869 -0.077460 -1.547466 -6.143268 -1.569709 -5.851336 0.843707 -2.222731 0.743178 -1.436833 4.990057 1.149210 7.461098 3.370783 2.064232 -3.891022 2.004382 -2.103086 0.690023 -6.937301 -6.421537 -8.647724 -1.950827 -2.406572 1.164274 -5.157856 -2.851747 
3464775721602397219.mp3 :-72.161742 86.523974 20.146656 27.297631 4.002641 3.418982 -6.680277 -2.052175 -15.082603 4.080864 -5.462769 -2.106831 -2.379858 5.597907 -1.497406 2.946392 -4.121266 -0.535183 -7.367925 -0.492756 -5.340933 1.469026 -4.294979 -1.831176 -3.494830 2.068929 -0.590341 4.266713 -3.168667 3.554337 -2.403702 3.937139 -2.697295 -1.412963 -5.292278 -0.475799 -3.549669 2.143654 -1.852285 0.855147 
3440964909815505871.mp3 :-71.937421 104.027192 20.730729 21.915904 6.530105 6.096480 -3.124220 -1.408990 -12.651537 5.969969 -11.507247 0.404166 -7.741523 0.391112 -5.868800 -0.221101 -4.613053 6.102520 -6.542760 0.523360 -3.568158 -2.723890 0.964063 3.952170 -1.490389 2.763623 -4.497504 -3.265002 -2.122831 4.974543 -0.558317 0.053992 -4.387109 3.806251 -0.538135 3.321132 -1.438630 0.461265 -4.946766 -3.032168 
3489263403679402862.mp3 :-38.737418 75.961733 6.093090 19.287549 2.041504 13.392022 1.651095 8.962953 2.575701 5.858416 2.249688 2.442139 0.687804 3.619818 -1.135129 1.203070 -3.365191 2.254114 -4.053896 2.108414 -3.913441 2.286897 -2.605315 4.465796 -2.080350 1.635650 -2.260872 -0.022721 -1.213471 0.903146 -0.828958 1.208459 -0.112203 2.594903 -2.771499 1.499571 -2.770014 0.431701 -1.431888 0.582270 
3467249958168565874.mp3 :-124.997052 61.661742 8.420942 23.509189 -4.957586 10.814772 4.916465 2.235964 -0.290807 -0.942922 -6.507520 4.389397 -2.355382 4.969946 -2.183147 2.994930 0.423649 3.731847 0.816934 -0.003203 -6.955970 -4.216343 -4.132340 4.290724 -3.691354 -0.106048 -4.090700 1.393441 -4.924432 1.656846 -5.674643 -2.506795 -3.054226 3.170434 -1.966744 1.729773 -2.596519 -2.332062 -5.504398 -1.947003 
3497655047571653019.mp3 :-265.034840 125.243310 -1.681299 -3.406417 -4.574337 -8.996434 -0.051908 -11.144457 -11.450927 -5.689852 -14.101242 0.205093 -2.554314 0.508904 -7.256662 0.264269 -3.075919 2.295956 -4.630769 -8.539354 -7.069123 -1.907776 0.302955 -0.804509 -8.192575 -2.427055 -6.084791 -6.458070 -6.840501 -6.484678 -1.581530 4.664062 -0.563182 -1.356177 -7.556434 -4.597736 -5.278125 -2.067462 -4.760608 -2.612851 
3411834802225522206.mp3 :-191.799307 92.053008 19.134839 16.374837 6.707305 4.464408 5.627666 0.928961 -7.159998 9.830698 -2.930119 1.697780 -2.383786 2.329107 -2.345328 1.012948 -2.960147 1.767635 -4.323490 4.441631 -1.360991 3.698915 4.195135 8.223571 -3.340765 2.468586 -5.768979 2.325584 -3.129871 -0.427391 -3.706391 5.968855 -0.002618 -0.060846 -5.384180 -2.709469 -5.877896 -3.569004 -5.680541 -1.668755 
3460374927662870837.mp3 :-115.903014 57.732009 19.702187 43.226608 12.988962 14.059360 2.082648 10.024527 -11.340857 2.883942 -4.499276 0.719303 -0.726826 2.556896 -3.518244 3.550060 -2.058077 -1.330434 -5.179779 -3.795878 -8.708803 -2.866369 -6.030907 0.413869 -5.571020 0.606720 -4.373006 1.127795 -3.249040 -1.835833 -5.546057 -0.108387 -1.880499 4.342265 -3.535445 -0.536210 -4.512288 -1.600258 -4.828959 -1.449062 
3433584568121463783.mp3 :-249.125270 94.959698 -4.125432 34.891567 2.758804 -5.919179 2.342214 -7.484129 -17.117816 -8.201352 -19.550717 -3.411283 -8.491138 -5.171876 -4.802280 -2.368947 -5.465175 -0.006029 -4.354214 2.371531 4.718845 0.561808 -5.160779 -4.858601 -7.001467 -4.506810 -3.057335 4.466756 3.677079 2.359675 -1.165893 -1.007511 -2.368396 -1.026615 -3.222357 -0.298915 -2.063295 -1.788202 -1.040196 -0.362454 
350159187814641572.mp3 :-74.151028 74.383701 9.497190 28.377391 4.626874 11.884377 0.241727 11.160077 -3.302357 4.867889 1.240517 3.135470 -0.984757 0.919795 -0.304769 6.759656 -5.015232 7.506237 -1.023681 -0.625152 -4.503625 3.473097 -2.536117 2.316304 -2.567065 2.497204 -5.096493 -0.582727 -6.214869 2.936251 0.453833 1.997842 -1.911326 1.641324 -0.237734 5.651375 -0.298067 1.660810 -0.034639 0.287614 
3409625532060775836.mp3 :-229.229117 128.768473 25.039516 28.461836 8.140713 7.607160 -4.529307 2.952753 -7.941447 -7.603286 -5.020438 -4.709122 -5.085361 1.295835 -5.724269 -3.480611 -8.604404 0.126070 -4.175348 -5.815520 -10.383637 -5.840318 -1.754449 3.367813 -0.275767 -0.997142 -4.811046 -3.981733 -5.901371 2.692691 -0.913233 -1.867303 -2.959007 2.265103 0.781897 2.932496 -1.031619 -0.611506 -4.548670 -5.472303 
344047954868579110.mp3 :-73.167069 61.752765 9.394394 38.359719 -0.793226 12.035914 6.601720 0.838082 0.018537 5.243064 -6.477116 3.543216 -7.901172 1.927916 -6.687085 -0.225927 -3.726854 2.650925 -5.769883 3.154931 -3.448363 3.653359 -5.421442 -1.606619 -4.285720 0.678110 -2.278344 0.505486 -2.147801 3.938307 0.994209 0.877236 -5.903325 -1.168549 -3.400598 1.921470 -3.108000 2.028010 -3.294374 -0.767279 
3442932615228147382.mp3 :-478.544794 47.799333 0.218459 9.888654 -1.403344 -7.632331 -2.544696 -8.480983 -8.474002 -0.150210 -6.542963 -0.474688 -2.040214 -0.751554 -7.066044 -3.451885 -4.843493 2.526196 2.118575 3.119834 -3.226464 -1.837521 0.540063 4.217000 1.234228 -0.619765 -0.953061 1.198896 -4.883093 -2.334994 3.650631 2.929115 -2.099784 -1.004267 0.225909 1.917003 3.125415 4.186656 0.483963 0.171458 
3449563994502872214.mp3 :-158.876960 48.261311 29.040183 32.454972 22.597466 4.142779 16.811637 3.957780 -5.769202 10.720580 -8.711072 4.990389 -3.766900 0.855634 -4.981853 0.788177 -7.115873 0.495044 -6.297151 1.340872 0.447908 5.236506 -2.156496 0.126201 -5.897368 5.940571 -2.606717 -0.387049 -5.800654 3.515225 2.187663 2.303929 -8.257095 -3.473223 -4.867274 -0.230605 -2.168186 1.478192 -2.915200 4.286542 
3454705641663120363.mp3 :-88.904222 79.437531 -4.369536 24.512794 3.499104 13.804480 0.228441 7.341668 1.054660 0.806594 -1.247096 3.784226 -2.638967 2.292970 -3.955250 3.418012 -2.922524 0.995367 -2.429617 2.322371 0.141135 4.330719 -3.716043 0.943195 -5.209115 0.689712 -3.037968 -0.454559 -5.811651 4.212844 2.270437 3.450380 -6.167734 -2.001133 -3.634896 0.030623 -2.556785 2.921198 0.533526 0.668692 
3446928302971624764.mp3 :-94.055575 73.938585 3.867213 20.292763 -9.441773 3.323258 -9.714212 0.445384 -16.132945 2.701741 -7.451950 -2.501430 -1.352813 -0.982681 -6.763495 1.570165 -2.764642 1.772280 -6.057232 -0.959860 -3.400971 3.330194 -5.444903 1.618968 -5.320141 -1.786677 -6.042532 -3.422308 -7.355834 3.770677 -1.380712 5.041961 -1.283476 0.749317 -3.323819 1.292308 -3.466162 -0.499577 -5.139266 -0.676697 
349962697230127453.mp3 :-288.431801 147.367774 39.679946 32.085267 4.330797 -1.527921 -1.036924 -12.186917 -15.296883 -11.853704 -11.605037 -5.944170 -5.800394 -9.523843 -13.027508 -10.644768 -9.633655 -5.937896 -4.742975 -6.007682 -2.980634 -1.713037 -4.190562 -0.163443 -1.035423 -4.680282 -7.704552 -2.086934 -6.382209 -7.383967 -10.459304 -9.962785 -3.045223 3.158124 1.774010 1.061567 -1.400048 -4.650294 -3.423329 -1.089945 
