2881672115686945297.mp3 :-130.617890 80.808949 8.029198 20.140381 -2.743923 -5.984087 -3.481328 -4.467681 -10.748309 3.468951 -19.635088 -7.102017 -11.065446 -5.436507 -5.342492 -4.193478 -7.279851 2.967132 -3.954101 3.478167 -2.589973 6.383456 4.632141 0.980505 -1.787324 1.911517 -9.096380 -1.320033 -7.927232 3.519632 0.490223 -0.746349 -4.961615 -3.114611 -4.855917 -2.163928 -6.983086 -3.469131 -4.319334 0.675550 
2863952454718784635.mp3 :-223.573215 74.389447 11.407209 33.299581 -0.517213 5.809009 7.723024 -2.222007 -2.993146 3.076649 -15.398624 0.496742 -8.479248 0.765472 -4.969271 -0.185904 -6.290659 1.711709 -3.761690 4.604923 -3.016614 0.914172 -3.141490 -0.132640 -2.874140 3.240174 -1.336586 5.735204 -0.099744 1.397624 -2.962939 1.142616 -0.736845 4.425815 -2.102154 1.289103 -4.173243 0.002993 -4.585314 -0.386259 
2850146117518383107.mp3 :-50.863879 73.471608 -11.326969 28.753391 -1.124822 13.641636 2.768621 8.889384 4.302953 0.353780 1.443398 5.315466 2.914133 4.379509 -0.970015 4.116913 0.928077 9.679689 2.964323 3.499526 -8.860908 -6.119956 -4.412802 4.920563 -0.020650 -0.051529 -7.462130 -4.209279 -4.325301 0.575850 -8.954217 -5.589869 -3.588718 5.123518 1.866036 4.385048 -1.767055 -0.934580 -6.550738 -2.168790 
2876347178903778147.mp3 :-222.795388 91.080541 1.994464 19.631718 -10.606413 -5.416334 1.684790 2.473194 -13.637073 6.115976 -8.845820 -1.378988 1.324992 -1.577407 -1.369617 -0.413394 -6.834823 0.678651 -6.108021 -0.559621 -4.854854 2.311478 -2.338799 2.129515 -4.155778 -0.960611 -5.083806 -6.757817 -8.818283 1.973354 3.823372 7.720292 0.447596 2.789342 -0.016286 3.959579 -2.185495 -0.802065 -2.228805 0.082454 
2825705697400798912.mp3 :-291.641902 130.869180 10.472824 16.349125 -2.814342 -4.097990 -0.565191 2.546742 -1.124306 -0.462371 -7.364355 -6.776934 -7.130563 -1.277035 -0.734945 0.113012 -4.628774 -1.275521 -1.641306 -3.798041 -9.274846 -8.399311 -4.610928 -1.959418 -1.219747 2.047721 -1.750468 -2.020068 1.562089 4.623895 -0.807826 -3.485002 -1.261921 5.140727 1.481528 2.366795 0.719431 -2.598144 -8.136208 -7.104179 
2828041683834587077.mp3 :-118.629010 91.965367 9.088324 27.573346 3.234870 0.492952 2.643119 -1.591288 -8.279447 2.699362 -11.849552 0.785202 -8.534213 1.055850 -7.526158 -2.394526 -6.176602 -0.842492 -7.044768 2.017413 -4.756904 -1.704349 -3.453745 0.375737 -5.547394 1.542488 -5.140606 0.685319 -2.951860 -4.411279 -6.316301 -1.256739 -2.027747 1.077621 -2.817330 1.799411 -5.185397 0.660782 -3.053431 -0.706400 
2831862840576012809.mp3 :-144.453259 108.314702 -14.497670 29.753294 7.790877 -7.310386 0.680959 5.006015 -16.107885 -4.701281 3.201208 -0.709111 -7.946400 7.616438 -9.029291 -5.814881 -2.622225 -0.036244 -4.357598 1.757164 -3.691331 0.394495 -3.912598 0.271720 -0.569586 4.025489 1.125575 1.992377 -0.449851 6.215624 -3.235107 -6.757313 -10.630008 -5.341543 -0.420787 4.127386 -0.647416 2.656945 -2.871248 -0.752322 
2820917102631572000.mp3 :-16.259395 63.835138 -0.612381 19.545213 6.486416 5.776004 -3.271223 3.193250 -2.530853 6.519301 -3.105439 5.522733 -1.696257 1.887223 -6.526676 0.126689 -5.572505 0.544415 -6.321227 1.752983 -1.556231 4.765678 -0.443262 3.977095 -2.913570 1.929832 -3.888212 2.470976 -1.814612 2.679193 -3.448203 0.387413 -3.447934 1.548448 -3.229532 0.656878 -3.781026 0.593680 -2.853136 -0.397751 
2858419962768341151.mp3 :-72.928787 66.947138 2.951047 23.210073 -7.999583 0.873708 1.574295 -1.783839 -12.084100 4.595233 -6.477681 2.901180 -5.445344 3.227663 -3.392588 -2.649132 -7.767961 2.049640 -9.323894 -0.828291 -8.208342 -3.683832 -4.613514 -2.308164 -8.426844 -1.734574 -7.754935 2.216687 -4.156067 -4.795852 -7.969333 0.380349 -1.508119 0.756410 -5.000317 -1.592521 -7.512843 -3.055462 -5.098816 0.816789 
286783050448804575.mp3 :-108.383368 86.257876 12.072008 31.523660 5.400805 3.804225 -4.765952 2.738401 -12.610462 -0.852249 -9.487290 -6.907066 -6.356944 -5.143765 -6.768839 -0.129562 -9.890999 -2.464481 -3.241589 -1.023321 -4.074107 -2.151525 -6.488076 0.760100 -3.308314 4.048795 -3.589301 3.431392 -2.212382 5.809247 -1.538390 -4.856434 -7.137348 0.175038 -2.828001 2.676446 0.431895 0.808256 -2.822963 0.046445 
2827479555392861613.mp3 :-142.479176 69.347568 -16.582993 2.303379 -19.361636 -5.105162 -14.781062 -0.817403 -13.553688 5.510659 -12.633558 -3.453550 -8.495972 -3.140418 -3.399370 -0.317721 -6.989658 -2.297118 -13.582562 2.053095 -1.000204 -3.970433 -10.633743 -7.181887 -7.198149 0.076367 -4.072539 3.936854 -3.319413 -3.502431 0.711312 6.979989 -5.642263 -5.585990 -8.600184 -3.068952 -4.992355 4.033708 4.682517 3.536370 
2879594853973205415.mp3 :-55.663315 73.452818 24.313919 30.326346 6.153059 12.558584 0.957859 9.263100 -6.664815 10.607391 -1.541175 1.044619 0.201332 5.539553 -2.547642 4.812739 -3.708946 0.355795 -5.249634 0.830203 -3.816302 1.333611 -3.018128 2.297771 -5.937030 0.760754 -5.854517 0.634892 -3.726834 0.238323 -4.004268 1.569433 -1.240228 2.752895 -1.750445 1.332436 -2.890402 -0.007433 -4.844513 -0.429462 
2835105228547594964.mp3 :-27.547281 67.680115 20.026728 33.366838 7.163515 8.500679 -1.248299 9.032339 -2.145348 6.608381 -1.333598 2.948445 -3.499490 1.817140 -3.987359 1.030586 -4.851123 1.074655 -2.191208 2.667859 -3.558742 1.007029 -4.288395 2.680211 -0.701650 2.940538 -2.935639 2.420862 -4.009636 2.688224 -0.449339 1.471540 -4.519134 1.035451 -1.208835 4.302111 0.208342 4.841451 -1.718499 0.466005 
2830370539901741937.mp3 :-143.518843 111.517986 7.381882 25.715506 10.504146 2.290405 -8.371248 8.035152 -12.446688 0.399471 -7.996841 -5.180632 -1.560153 -8.995223 -11.510333 1.659772 -6.503966 -6.674512 -2.090765 -2.207103 -2.819046 0.920203 -4.264642 -3.198394 -2.449456 -2.880284 -8.891658 -0.106360 -2.606551 -0.379984 -1.789269 -0.372873 -3.892519 3.626121 -2.160782 -0.660830 -5.008357 -0.702692 -7.043595 -1.591310 
2876382797470243998.mp3 :-89.979955 85.991819 4.915871 32.716177 5.230230 9.017270 -3.238591 6.161534 -9.623125 1.359421 -4.432982 -1.453540 -7.647109 -1.352914 -7.579034 -0.077178 -6.363451 -1.727087 -1.798852 -2.218428 -6.674682 -1.046517 -10.739184 -4.000243 -6.753328 0.022386 -3.403790 0.664507 -6.121907 -2.413841 -1.559606 4.846905 -2.482192 -0.363119 -5.748935 -1.236905 -2.694752 2.771951 0.666549 4.595634 
2810839514653173468.mp3 :-202.551326 118.457453 32.428763 20.245658 -0.011498 -17.136873 -0.009540 -14.737283 -8.099478 -5.479843 -11.731851 -9.607441 -20.060102 -1.713498 -15.435200 -1.219410 -7.135099 -3.040434 -4.296669 4.903426 3.461038 6.095726 -3.511510 -3.598319 -8.466730 -1.357332 -4.975728 5.234855 2.608991 1.357535 -5.150814 0.477847 1.001175 1.441213 -4.259720 -0.739206 -4.645348 1.481504 -2.061321 4.308391 
2868844730805721636.mp3 :-101.979016 87.627264 17.161600 37.711832 13.490928 14.619842 1.163294 8.961972 -3.306702 1.698836 2.114355 1.823098 -1.389553 2.386353 -4.053669 1.800277 -7.339645 3.112496 -5.752085 -0.520397 -2.252076 -3.200713 -8.350851 0.002665 -5.126612 2.708359 0.125963 3.613002 -5.439269 1.603032 -0.804274 1.132824 -3.254965 -2.636773 -6.494096 -0.103375 -3.276156 2.228642 0.119004 4.078544 
2878533775994135251.mp3 :-132.834425 96.151157 10.381498 33.439629 -4.241798 3.990140 -4.788990 5.966336 -7.251029 1.867779 -1.370947 2.284662 -0.409579 2.077248 -5.345340 3.223393 -4.181485 2.560030 -3.149432 -1.835970 -4.204291 0.774337 -4.107059 0.558839 -5.512026 1.414704 -3.144998 -0.526837 -5.175433 0.934607 1.956535 2.984500 -2.235773 0.023771 -3.717541 -0.432346 -3.448980 -0.179309 -1.734777 1.092197 
2835519882231524080.mp3 :-178.879642 94.800967 11.770883 21.574386 1.629774 5.420586 -2.569479 -2.341898 -9.354918 -1.205253 -9.723652 -2.886699 -10.775406 -3.638061 -5.125217 -0.307349 -10.138412 -2.486850 -7.651451 1.344068 -2.224747 1.684652 -6.431430 -2.922814 -7.172942 0.663169 -3.505183 2.477204 -0.155614 5.343727 -1.248120 -1.377432 -5.947083 -1.833044 -4.253701 2.808917 0.270352 2.462812 -2.158631 1.107410 
2877857756295072189.mp3 :-433.109876 198.357922 64.904677 0.440398 1.712793 5.075980 -1.479400 -2.546419 -1.324884 -4.116262 -5.533147 -1.379175 4.637009 6.680398 1.160175 -8.689941 -12.887180 -6.667337 2.020170 2.492562 -5.038067 -9.673564 -5.893068 -3.191367 -8.909264 -12.854163 -6.683979 -1.086567 -4.527013 -7.577792 -4.147055 -2.589154 -6.318736 -7.976076 -5.334159 -2.967379 -1.643771 0.174090 0.977856 -0.382053 
2821913473516266354.mp3 :-115.382925 75.752386 25.472836 26.004253 4.755432 14.156112 2.714097 6.605046 -7.399563 3.162461 1.370341 -0.337253 -5.258057 2.122298 -5.956228 3.493746 -2.814193 -0.053217 -3.697512 1.736015 -3.459310 1.872953 -2.938350 1.498882 -4.766939 -0.117127 -5.899363 -1.703140 -5.483450 -0.342996 2.810094 7.379045 -0.359434 2.700664 -2.359020 -1.589676 -3.922447 0.362579 -3.772975 -0.080692 
2856144245940301696.mp3 :-119.874522 121.553831 11.504519 28.864209 8.124654 6.429328 -2.171122 3.785440 -18.775628 2.695944 -6.464556 -4.500765 -2.135654 -4.826882 -5.550504 -2.096789 -7.625536 -0.886898 -3.364647 -1.290654 -5.774674 1.102549 -3.794461 -0.366206 -2.663967 -1.280383 -7.214001 -3.213281 -4.980172 -0.092799 -9.372148 -4.729567 -3.077535 1.578781 -3.603641 -0.534895 -5.665129 -2.592499 -3.398674 -1.472039 
2867465540526631347.mp3 :-98.001819 75.635809 17.400089 29.170811 2.558212 5.105929 -1.262656 9.155715 -9.015345 6.989049 -2.692999 -0.029499 -0.373598 0.892011 -1.414716 3.371805 -4.186568 3.087497 -4.569306 1.292677 -5.354927 3.886006 -3.041673 6.295411 0.179365 2.197116 -4.036531 4.738108 -3.717132 0.979183 -7.320550 -6.676848 -1.591900 4.381034 -0.040837 4.727027 -0.081155 1.388261 -2.037424 0.136897 
28130501816954873.mp3 :-116.319745 113.608258 21.663182 23.384379 3.499103 12.879639 -3.677232 10.212279 -9.275900 -1.978473 -2.947120 -1.790507 -1.830115 -2.195846 -2.612960 0.402096 -8.414343 -0.114588 -5.603267 -1.245211 -10.070416 -1.616850 -8.379611 -1.581207 -4.352282 2.793591 -4.258617 -0.587427 -6.223461 -0.956429 -0.461530 2.542678 -1.720995 0.757143 -2.477117 2.270680 -1.548093 1.669624 -1.552470 1.335302 
2840399418698533640.mp3 :-151.585573 109.312631 -5.378345 18.754333 1.037180 3.797945 6.730910 -4.647203 -5.148678 4.108163 -14.133538 -1.657574 -3.860805 2.007081 -4.008233 1.783203 -6.146893 4.425805 -2.783298 0.207939 -9.413234 -5.290627 -0.258900 2.690909 -2.340118 0.563380 -5.446176 -3.077377 -2.174642 1.208626 -3.951614 -3.472853 -3.245765 3.500958 0.244278 3.360168 -0.936892 0.655498 -5.491470 -5.800133 
2845777301289677622.mp3 :-102.406874 93.336138 15.249415 29.479594 2.212390 0.297885 -0.756054 1.259623 -5.654896 6.053099 -9.202945 -3.031231 -8.617906 -2.842846 -6.514148 -0.000332 -5.768017 1.508863 -2.767752 0.500148 -2.449614 4.684624 1.024946 4.257392 -4.567899 -1.475523 -6.754270 0.062560 -4.757574 -3.159881 -7.597270 3.396852 1.119566 3.794676 -2.858697 -0.505200 -4.847990 -1.551516 -3.943932 -0.212908 
2820939815934877185.mp3 :-155.269236 101.853709 0.629072 25.396596 6.469219 3.323345 1.256248 4.053368 -6.142067 1.143308 -11.722067 -2.542110 -6.847062 -4.908602 -6.594718 2.777900 -5.335354 -2.718064 -7.926052 0.402619 -2.926505 2.309900 -2.190978 0.862946 -6.797593 -1.113441 -3.337713 1.810654 -3.752471 -0.201067 -2.057893 6.665463 -1.780990 -0.710869 -4.433789 -1.686713 -6.830465 -2.379160 -1.075770 2.901692 
2829290712635744863.mp3 :-61.872978 81.544915 18.718966 36.047510 16.429114 6.742147 -3.575790 7.563756 -11.332202 7.616886 -4.030670 1.185971 -1.129128 -2.408641 -2.291223 -5.191552 -5.466406 0.391857 -3.599949 -0.928996 -7.747408 -3.371312 -5.679838 -5.114967 -4.674117 -1.101176 -5.165328 -2.421016 -8.403309 0.091750 -1.800584 3.926073 -1.550184 -2.334508 -6.908400 -1.484577 -3.718296 -1.453667 -2.799626 0.086639 
2810269868339451931.mp3 :-59.197717 74.046599 19.334558 28.590677 9.184016 8.110261 6.254118 1.295162 -1.863489 2.292707 -6.672684 -3.883723 -10.749455 -5.677350 -6.487775 1.363270 -2.088783 3.454909 -3.642170 1.773429 -7.537555 4.204649 3.689170 5.069456 -5.629187 1.126321 -8.369413 -2.412679 -6.066729 0.310675 2.654354 6.250108 -3.335680 -0.899629 -4.752979 -0.414991 -4.408078 -0.699148 -4.615101 -1.342323 
2824114538871799998.mp3 :-150.396256 74.157301 10.178449 26.354607 -4.208900 7.889046 5.214607 4.369398 -5.329404 10.104396 -1.758170 6.679171 0.974106 1.905596 -0.412989 4.544710 -3.993566 2.696838 -4.958175 2.984074 -1.907948 4.899795 -2.616491 5.921580 -3.487566 -0.614012 -2.036381 2.181787 -2.591618 1.018514 0.147630 6.990797 4.608613 3.648626 -1.422074 -0.495964 -3.103359 1.507761 1.159975 1.705252 
2814507720600870849.mp3 :-189.912241 156.194503 -3.739929 28.323739 7.768321 -0.403063 -6.517636 -6.978500 -4.874646 -0.687639 -11.342931 -3.157310 -5.203098 -8.804722 -4.161140 1.854886 0.849590 0.354810 -7.827071 -5.915898 -7.214500 -5.856382 1.424129 4.883216 -2.187690 0.664087 -5.444148 -7.629203 -4.832875 0.921858 4.248994 -1.849440 -9.824220 -2.668316 -0.347515 -1.644840 -2.107272 1.854346 -3.640328 -7.771683 
2848341196539624671.mp3 :-150.658794 92.315252 7.274241 20.032694 -2.326775 -5.279389 6.403685 3.469647 -11.339332 10.204702 -8.576309 3.440152 -2.268510 -0.134104 -3.078420 -1.294218 -8.240782 3.653329 -9.067968 -1.223778 -2.939391 -1.826749 -0.430999 3.748785 -1.166975 -0.686665 -2.275977 0.644297 0.111417 4.512756 -7.789147 -1.031008 -0.384701 3.524061 1.191621 2.018721 -3.823364 1.642097 -0.489921 -1.396806 
2874839322866759059.mp3 :-182.788384 114.930621 17.051877 17.725922 12.029496 5.729625 -0.151374 3.074711 -5.868492 -0.441795 -6.879216 1.788050 -2.726167 5.451938 -0.719231 -0.022430 -2.719094 1.194163 -3.179009 1.218492 -3.420951 7.214707 3.966872 1.141379 -5.798738 -0.599266 -1.652173 2.292148 -5.338882 -5.067726 -1.664945 6.983535 2.541418 1.841060 -5.101282 -3.701496 -4.733223 -3.078276 -3.303971 0.861988 
281557123078893205.mp3 :-179.477657 105.060759 1.782226 1.130056 -0.042146 0.754918 0.398718 -5.777892 -11.052552 0.616131 -13.461108 1.587967 -10.955847 0.509486 -8.052581 -3.756393 -7.691992 -2.752056 -5.249213 -3.032329 -6.209989 -2.511519 -2.851680 0.072314 -6.705058 -1.286630 -6.681855 -0.882189 -4.929879 -1.604190 -4.533800 0.961984 -0.895565 0.833182 -3.925592 -0.739632 -4.081823 1.152731 -4.915125 -0.628596 
2818764541828803628.mp3 :-114.774444 113.135818 5.603067 30.890241 6.949108 13.070135 -2.516742 6.612920 -5.703638 -1.287705 -2.344656 -2.589943 -4.410155 -4.808568 -3.627980 -2.582014 -4.597266 1.826966 -2.182753 0.977022 -1.707179 -1.452074 -4.614344 -1.531819 -5.102745 2.430238 -1.099137 2.054257 -1.831770 -2.374904 -3.897198 -0.013041 0.599636 2.481812 -2.186776 0.794026 -2.306470 1.705322 0.146224 3.826811 
2815974173333882945.mp3 :-347.723373 141.707473 -0.223257 -7.722739 1.115981 -14.863126 -16.240349 -11.901796 -13.799615 -15.335577 -10.665932 -5.532345 -3.476192 -2.680236 -3.347991 -3.377612 -1.731962 -1.536761 -3.511252 -4.224638 -1.120130 2.873083 2.783385 1.240424 1.502948 -1.136908 -4.435466 -2.184924 -0.281207 -1.893663 0.545708 4.547284 0.951499 -4.049088 -4.166368 -5.266415 -7.059345 -5.472865 -2.073876 1.075301 
2887106058154141638.mp3 :-76.937301 88.901833 19.334873 23.093674 15.713561 5.646143 0.757541 5.709561 -6.475544 7.517248 -2.680028 2.874017 -4.732941 0.942643 -2.766117 1.287013 -6.365585 1.395620 -6.516801 1.849855 -3.775987 1.741650 -5.989731 1.306840 -3.726647 -1.790109 -6.623551 -1.937111 -2.363389 2.056004 2.223338 2.393270 -5.798128 -0.599354 -5.643576 -1.782414 -2.955870 1.007449 -4.081420 -2.275582 
2843011908635177146.mp3 :-176.187650 100.934485 15.958691 22.545817 7.700134 -2.299772 7.228067 -15.539122 -0.887157 -5.399020 -8.423405 2.518194 -11.015293 1.869646 -7.715866 -1.913475 -8.382633 1.440666 -1.504555 5.604251 -4.946229 1.956886 -1.094419 2.561916 5.844021 3.436603 -3.663386 1.329808 -4.904461 -3.218951 -10.201807 -1.514970 0.069500 1.856865 -1.243550 -0.885422 -0.147212 -2.063004 -0.689753 -1.019520 
2822504021100854968.mp3 :-144.469801 109.436825 13.414361 29.579546 6.022290 16.411283 6.649529 9.101925 5.161688 6.061394 -8.938521 1.004016 -2.981102 5.418809 2.512828 3.657643 -6.051080 1.911156 -5.847956 1.724933 -1.866246 1.555913 -3.255790 -0.052397 -3.979954 -2.118497 -5.143348 2.083092 -4.569491 -0.257616 -0.982219 1.892705 -1.137542 0.493484 -3.911503 -2.433396 -5.187161 -0.333784 -1.319180 1.968360 
2822085276241824732.mp3 :-143.040829 96.543306 13.206773 12.316473 3.598801 3.259367 6.980935 -12.668093 2.472042 3.163543 -6.517164 -0.876103 -5.332917 2.034118 -3.321298 2.851294 -3.072952 4.133870 0.439755 2.249872 -4.511340 -2.480159 -8.924629 2.206577 0.800561 5.958641 -1.126356 4.179350 -4.120594 0.939041 -5.034554 1.209460 -4.115255 -1.425262 -3.212342 1.701481 -0.314864 3.321472 -1.203237 1.187284 
2811091586613069829.mp3 :-116.110812 89.211758 15.516266 33.507537 7.217965 9.465492 -0.534051 9.998016 -7.617795 2.088928 -2.048922 -3.573045 -1.397113 -0.864754 -2.933474 1.650609 -6.096267 0.015740 -4.512142 1.485922 -1.346237 1.185942 -4.985768 -0.758445 -7.287143 1.224532 -3.415345 0.754567 -4.200778 -4.270043 -1.431140 0.641128 -5.985121 -2.082108 -6.621185 0.124241 -4.286296 2.401273 -2.274386 -0.340420 
2852495914357638197.mp3 :-163.730127 63.209974 13.777842 23.994652 15.135218 9.781142 5.547738 15.807657 4.097338 9.818732 0.339829 10.603491 4.063032 9.669835 2.456206 7.501840 1.325288 5.055034 -2.287548 3.443435 1.838091 9.371693 2.529737 4.381436 -1.191056 2.204453 -1.534351 2.999898 1.747901 6.691021 -0.649852 0.617043 -3.047657 3.155406 -1.096448 3.172577 -2.482484 2.612452 -2.467207 -0.258827 
2841046544320840625.mp3 :-243.880589 95.165900 33.701540 69.634218 -24.400350 13.633313 0.912335 9.045395 -24.807701 17.849685 -8.911972 3.378152 -9.547846 -4.268877 -3.395117 -5.547064 -2.443583 -5.041438 -2.620264 -2.458812 -0.480313 -1.705027 -4.950549 -3.035024 -4.490113 -7.243639 -2.129491 2.030900 2.598744 3.953264 -2.520856 -2.450617 -0.098073 3.126770 -0.659597 -1.503535 -4.077881 -2.843535 -2.523064 0.650251 
2871882930449484752.mp3 :-45.099472 78.048378 2.822448 34.227896 8.435095 9.504328 -1.976434 5.398771 -11.768839 2.011532 -1.936421 -2.266383 1.723534 4.071051 -5.416176 4.225207 -2.860343 2.953400 -2.655390 2.061806 -6.357635 2.057285 -3.543037 0.681374 -3.841297 3.147253 -2.324291 2.819159 -2.029157 3.694488 3.680903 8.397781 1.912719 3.710124 -0.197740 1.556966 -3.426287 1.539862 -2.669632 1.168741 
2869766798629626795.mp3 :-120.241160 86.704799 14.780076 16.282767 -2.160912 9.278120 -8.172575 3.719749 -6.720149 -0.499105 -5.772368 1.318841 -6.852062 -0.950670 -3.221556 0.309965 -6.220331 -0.166746 -5.710841 -3.036744 -6.356939 0.904577 -3.085040 1.944125 -2.433478 1.240923 -6.568683 -1.032289 -5.714810 -3.007471 -5.420399 2.963510 2.193056 4.442390 -0.028848 0.498026 -3.521879 -1.754639 -2.343436 -0.020518 
2889318161317204935.mp3 :-63.070302 71.633266 -2.598456 47.192312 1.335871 -0.958336 2.578123 10.683786 -0.104175 2.696573 -8.775541 5.895444 -6.566767 -3.218924 -7.924584 -3.269976 -2.924037 -3.083516 -10.248690 6.840367 -6.048197 -1.599522 -3.437212 -0.991453 -2.810080 1.227934 -4.486447 3.365182 -5.508723 -2.205795 -6.599378 0.122910 -0.613561 2.907038 -4.053971 0.515083 -2.674687 -1.999963 -3.588024 1.689769 
2845834475867421268.mp3 :-166.500588 93.865334 -17.368343 28.647633 -5.776738 5.865292 -8.221369 0.979000 -9.536081 -0.550478 -9.707286 -0.290748 -11.524389 -4.962598 -10.203653 -3.603803 -4.036573 -1.114430 -1.414575 0.895209 -0.305457 0.499536 -2.917891 1.656627 -0.908597 1.673019 -0.779857 4.722734 -2.369187 -7.045323 -16.019649 -6.442047 -3.746396 4.217098 0.702649 -0.112975 -3.821864 -0.301263 -3.499056 -1.933735 
2863289177686352960.mp3 :-148.309565 95.591349 15.948642 24.072612 8.968567 13.124448 -0.910255 7.862520 -4.965647 6.443005 2.427564 1.250826 -2.117233 1.878834 -4.930346 -0.570588 -4.896656 2.014082 -4.694552 1.965585 0.748856 3.520745 -2.548199 0.093519 -6.231119 -1.654721 -2.590310 3.596749 0.361693 3.228098 -3.514621 1.343638 -2.896925 1.656285 -3.156975 0.656011 -3.704008 0.579008 -2.470192 3.591631 
2826831272549074205.mp3 :-72.966043 124.470748 -7.431270 18.398357 9.426085 -5.516918 2.406747 -5.466207 0.969975 -0.793590 -10.350398 3.257863 -5.525167 -2.799312 -5.135169 -0.940227 -2.412977 0.955116 -7.539720 1.318962 -9.994206 -2.983967 0.941067 3.900149 0.404454 3.147934 -5.111381 -1.167628 -4.220252 0.964285 -1.963272 -0.774568 -3.264770 3.202312 -0.945476 3.092509 -2.386499 -0.761147 -3.204774 -0.914514 
2850850852877104682.mp3 :-67.301311 107.689212 29.558761 18.069720 8.726274 1.784971 -3.405488 6.208316 -10.912172 -7.129426 -4.306889 -3.158713 -4.606055 -3.252289 -5.564247 -1.975947 -3.637627 0.849684 -5.732620 5.975168 -9.332857 1.619286 -5.961595 7.136333 -1.464774 1.316387 -1.532827 -0.062083 -4.371295 -0.917004 -6.020859 1.438135 -1.250775 4.196124 -0.361739 0.960812 -3.406670 1.076190 -0.803581 1.371800 
