5583204581031557559.mp3 :-183.793520 116.348540 21.683622 13.263040 18.083450 3.314350 2.277991 2.195641 -7.476369 9.689672 -13.435660 -2.061819 -4.708207 -0.354680 -6.771756 1.803017 -6.064538 7.477983 -2.013667 8.033338 -4.754122 0.801111 -1.611604 -0.232789 -3.280669 0.082711 -8.764479 -0.820842 -3.855548 -0.831284 -5.909029 -3.592835 -2.579955 -0.030382 -1.627362 0.917648 -1.773082 -1.281424 -5.411004 -2.936788 
5600701169329204911.mp3 :-77.778849 97.978738 -0.512289 34.406220 0.438712 17.901024 8.263874 7.628202 0.662121 1.379946 -2.854737 3.986537 0.173263 3.348537 -0.648065 0.606980 -5.417239 2.813691 -1.365393 3.885036 -6.894172 -3.152093 -5.758298 2.970866 -0.766858 0.885449 -4.172453 4.242150 -0.432838 -3.681809 -11.718394 -1.228420 -0.421553 3.241477 -3.576917 1.044062 -4.220820 -0.303111 -3.941846 0.897678 
5561940961059391659.mp3 :-170.037020 106.443218 19.767011 5.510709 6.974521 4.195146 -10.022761 5.564658 -1.902115 0.846980 -9.670840 -1.724448 -6.377122 -0.758711 -2.430210 -0.880694 -6.897811 -2.155965 -1.934609 3.368296 -0.253682 -0.661443 -8.857526 -4.892708 -4.735552 5.168259 3.352697 4.622533 -2.434319 -0.780960 -3.794367 0.635153 -7.019404 -4.990448 -9.751217 -3.535099 -4.776931 -1.837696 0.153773 7.319649 
5588787157443159486.mp3 :-170.763304 107.019520 -2.358129 19.157608 -2.161245 -5.156688 1.384945 -4.233423 -9.642307 1.889467 -12.332995 -0.929806 -10.271184 -2.833528 -4.926320 -5.000458 -5.933849 -0.013482 -3.641301 1.704799 -1.527813 2.744824 -2.565000 2.018030 -5.565773 1.465591 -2.656949 0.635208 -4.194249 -0.258242 -1.372486 2.954247 -2.927855 -0.636849 -1.698207 3.123764 -1.073185 3.331500 0.971171 0.285895 
5600982230226367476.mp3 :-91.186812 102.482387 5.447121 23.041168 1.033246 15.893084 -4.792077 5.584093 -13.386687 2.299623 -5.419715 -7.022686 -6.618402 -4.506365 -3.474339 -2.018652 -4.178257 -1.267124 -5.932173 -0.615476 -5.490603 -0.282876 -6.850984 -0.453856 -6.939469 -1.570824 -5.600454 -0.209969 -3.476952 -0.010020 -3.751732 -2.461280 -3.391064 0.215908 -2.159921 0.889850 -1.727413 0.607291 -2.945545 0.838122 
5556197993206623917.mp3 :-333.252010 166.399378 35.135446 26.073061 18.962041 6.601480 -7.070647 -0.917789 -0.866654 -9.301600 -12.841296 -9.553633 -3.256189 0.902040 -5.643722 -6.082166 -1.349520 -0.297586 -5.048097 -6.320780 -1.638617 -1.174409 -4.313944 -5.657705 -5.056596 4.823853 5.897784 0.995889 -1.846842 -4.312369 -4.432700 -0.924724 1.413964 2.896931 3.995560 9.821440 7.321354 -0.234822 1.402475 4.260557 
5557617432339879907.mp3 :-111.943002 93.384657 -10.119396 28.273116 2.419504 28.923451 2.165306 10.833349 -0.199591 3.454302 -0.892925 3.498308 -0.316979 1.152726 2.957035 6.463279 2.217636 5.688086 -1.902894 -1.575396 -7.425548 0.388168 -2.114088 1.888958 -5.689350 -1.636304 -6.096555 -2.433503 -4.024703 2.573130 -3.258619 -0.244707 -0.741200 4.468235 -1.812867 1.091188 -4.968377 -2.259426 -3.424264 -0.160489 
5564006271808972755.mp3 :-134.024240 132.428354 0.933839 35.843816 4.914135 9.368109 -2.497033 3.170102 -8.436744 -3.573989 -9.961660 -6.823145 -8.016216 -1.872476 -9.028727 -4.531174 -8.083451 -1.315988 -6.022701 -1.881178 -5.024256 -0.726379 -3.325901 0.667628 -0.481482 -1.899043 -4.160035 -3.980274 -6.754929 0.601469 -0.459180 3.524841 -1.152714 -0.249824 -3.557495 0.434046 -4.289073 -3.104073 -3.635120 -1.281170 
5581427843155026773.mp3 :-83.097300 73.802148 22.723921 25.390189 10.792599 8.049933 -0.412899 0.021991 -9.347508 7.300567 -12.602190 0.401141 -3.867038 -0.291988 -3.665983 -7.836627 -3.506911 1.345634 -0.609439 1.537384 -5.340639 1.546069 -2.047220 3.063715 -2.526258 4.528886 -6.354079 1.495481 -3.728387 -0.200308 -6.874406 -5.133669 -7.289931 -1.520246 -3.606033 -0.150743 -4.209920 0.163146 -3.365143 -1.082071 
556881694882968712.mp3 :-85.888430 99.911308 -23.127121 9.637751 2.648403 5.715418 -2.621235 12.290463 -3.281405 8.549862 -2.213605 6.875541 3.897772 6.918025 3.468892 5.506736 1.476715 8.767253 1.134327 8.754005 -0.205300 5.986165 1.227104 5.083358 -0.332228 4.390635 -0.512199 2.391198 -2.772782 0.621807 0.492511 1.106552 -2.353257 -0.652940 -3.572348 -0.459935 -3.426038 -1.043818 -3.133238 -0.061130 
5598915359816559895.mp3 :-144.389348 103.661110 6.286996 20.732526 -1.650301 17.232004 -10.346935 -1.638507 -4.932048 -1.596485 -2.376146 -1.519745 -2.833844 -3.744671 -5.623366 -2.499138 -11.090627 -1.608979 -3.136236 4.978071 1.329281 -0.967429 -5.598041 0.908439 -1.407982 3.871996 1.026542 1.017584 -1.044839 4.687595 0.612201 -4.672584 -6.789510 -2.491863 -2.149487 2.550875 -0.879791 2.495987 -1.808304 0.176064 
5619822059189134175.mp3 :-104.829772 107.474881 -2.866224 30.176345 6.680686 2.916090 5.716882 12.086438 -7.028269 11.332633 2.568016 -2.724447 2.041114 -2.493767 -4.193894 0.470751 -3.685093 3.164468 1.769308 1.088178 -1.172638 7.312643 -5.075003 4.477739 -0.886470 -0.276099 -3.673608 0.184885 -3.899365 -1.656911 3.126463 0.920297 -1.756896 -0.560020 -2.951280 0.591812 -0.871654 -0.127650 -2.201247 2.059218 
5620273484938516341.mp3 :-202.576444 78.364863 -5.105087 10.979203 8.165103 10.261955 5.969872 9.209805 4.027158 1.658648 2.671630 5.284718 -1.556108 2.116028 2.480786 4.397055 2.068730 0.985608 -4.451997 1.845840 -0.430824 3.535842 -2.144391 -2.048011 -1.453063 0.483467 -3.256593 2.532512 -6.286960 1.904595 -3.317437 2.284836 -4.341887 -0.508504 -7.555245 -1.479556 -7.168440 -2.454165 -5.323151 0.902995 
5609754100160890703.mp3 :-153.785237 104.829000 14.589013 32.176519 16.658894 -2.853847 -6.104893 5.057539 -5.702623 -0.031913 -9.925794 -6.793694 -1.381273 -3.787999 -9.438848 4.287485 -9.031290 -4.227282 -3.193697 -1.881425 -3.227686 1.391606 -3.388314 4.432660 -0.164907 5.021033 -2.992409 5.583152 -2.452385 -2.525519 -6.202777 -1.693297 -3.152019 3.079604 -1.358962 -0.591870 -2.068361 1.008051 -2.842410 -0.922254 
5589093723041599271.mp3 :-169.622399 54.713075 4.565529 26.747505 -6.527741 17.341290 -4.303897 8.188702 -3.639720 1.364340 -8.233151 0.172814 -5.705346 3.915450 -0.766655 4.822502 -4.100766 -0.988512 -8.000263 -2.128616 -0.976260 -0.319678 -5.148591 -2.260442 -6.970372 0.518144 -2.667134 3.786781 -4.351478 0.235158 3.097521 4.224875 -3.155198 -2.619824 -7.077432 0.487808 -4.595646 3.080893 -4.448860 1.412064 
5578408801917069631.mp3 :-94.601190 74.740516 33.640063 29.101914 1.591910 5.735273 -3.593644 -0.526528 -14.319417 -2.850449 -6.920835 -7.505051 -4.149191 0.165411 -4.167289 2.889295 -7.970492 -2.268305 -8.592432 -0.537673 -3.612129 0.112721 -6.720841 0.054102 -8.284980 0.902084 -6.604780 5.473337 -3.770799 1.283829 -3.259994 0.705950 -0.462587 0.575262 -8.267486 -4.226787 -8.638878 -4.316955 -4.185628 2.947576 
5619470337873245521.mp3 :-82.499098 97.865004 -3.045200 19.055876 -7.023605 6.035647 10.485063 0.585955 -1.116297 6.105981 -6.265727 6.101046 -0.258723 6.103688 -0.811212 1.012626 -5.038750 1.492611 -4.653993 5.043323 -0.776576 1.541989 -3.736271 1.044893 -3.984775 5.003513 -1.780770 2.520035 1.750226 7.634258 -2.446046 -2.367207 -5.633012 0.836005 -0.187956 3.599450 -1.318215 -0.933238 -2.074823 3.233314 
5600794641987391411.mp3 :-103.367357 93.907924 -6.621539 26.300308 4.011190 -2.411303 12.609517 -7.722122 -5.392360 5.907625 -5.713758 -2.239802 -3.021988 -4.362958 -4.488499 1.536867 -1.818869 2.153061 -3.840496 -0.853429 -10.973804 -1.835284 -4.990262 5.507848 -1.813953 1.088740 -5.186387 -3.601920 -3.952513 1.553286 0.143492 -1.441947 -5.099234 2.713989 -0.089981 -0.199675 -1.802722 1.647541 -5.382373 -2.916230 
5614267409754659891.mp3 :-88.598782 116.161387 14.192806 17.386833 1.284698 6.672230 6.271038 -0.979937 0.477829 6.046766 -7.033469 1.510026 -5.616920 -2.472412 -0.996328 -0.495701 -1.683666 3.616581 -3.345759 3.645142 -3.267211 5.301892 -4.914865 -1.015828 -7.740785 -0.507767 -4.021142 6.044404 1.854833 3.612287 -4.272035 -3.667682 -4.014851 1.517087 -2.096860 -0.868309 -2.914371 -0.363228 -6.301125 -1.203585 
5602876951457549445.mp3 :-100.825821 57.807906 2.574797 36.379565 16.307988 3.598123 7.776632 15.091148 -13.431756 5.656094 -3.484696 1.556943 -2.517424 2.810602 -4.193424 -0.036573 -7.445552 -2.039569 -2.141846 0.780523 -5.071564 -0.350593 -6.360189 -1.899514 -2.949455 1.427608 -5.290115 3.904179 -5.456906 -5.129904 -5.579019 2.405445 -4.820101 -1.246632 -5.452176 -1.478433 -3.564020 -0.701560 -3.811919 2.134413 
5594763956201856810.mp3 :-138.503369 96.768034 10.221655 21.570862 1.499091 1.598514 -4.362386 5.025306 -9.725908 5.684829 -5.030937 1.361287 0.879045 4.451818 0.290875 1.988257 -4.754798 -1.684174 -8.731708 -1.222665 -3.723255 -3.775101 -8.559163 -1.259916 -4.632091 3.074334 3.298664 4.982448 0.610089 -0.133757 -2.851354 4.750008 1.012979 1.760576 -4.580348 -3.537933 -5.353795 -0.492050 0.647096 1.395906 
5590618153001733973.mp3 :-80.610093 91.985703 6.715890 29.422067 7.445906 20.035809 6.896337 2.849812 1.739481 8.079115 0.532819 3.460439 2.655327 3.260701 0.949125 4.317814 -1.698284 2.594577 -5.202439 3.004417 -1.102491 2.454078 -5.645762 -1.022778 -3.633974 -0.518062 -3.025135 0.343297 -0.175813 1.588964 -6.918621 -1.628070 -2.807163 2.188408 -2.848568 0.582308 -6.102392 -0.112351 -2.091760 0.116735 
5572845983052201518.mp3 :-101.651145 111.300742 14.870843 20.929480 6.113699 4.697655 -3.227808 3.435981 -6.812805 -0.396333 -4.753465 -1.333040 -5.600089 -1.276112 -4.338737 -1.075284 -9.282772 0.044635 -6.469935 -0.392268 -4.890436 1.438251 -2.856294 1.490928 -1.815334 4.013840 -2.414583 2.739450 -3.703697 1.276443 -1.836561 3.276341 -2.218829 0.621017 -4.148641 -1.372843 -4.696561 0.253066 -2.611518 0.778468 
5574009163326295890.mp3 :-165.840362 116.717739 29.558309 35.927417 7.306132 11.975812 -0.856486 -2.578128 -11.281270 4.248369 -2.422248 2.185588 -1.626104 2.322435 0.167127 3.301337 -0.875028 2.685885 -2.628292 6.777592 -0.591571 0.692724 -4.296005 0.747504 -1.600428 4.312262 -1.696148 2.679360 0.311859 2.762518 -3.568503 -5.622274 -7.670338 -1.979990 -4.216883 0.039835 -2.857962 0.851715 -1.818427 -2.215948 
5569781847796164071.mp3 :-132.428496 116.080432 27.534916 7.773236 15.700236 -5.182972 0.936619 1.723471 -7.369451 5.240122 -5.027803 -0.143257 -6.472479 -0.865204 -4.355473 -1.392535 -6.262016 -0.248364 -4.874494 -1.066077 -4.724560 -1.216060 -4.514832 2.222193 -4.193206 -1.139970 -1.547495 1.911199 -1.727134 0.937046 -5.926618 -0.576667 -3.051382 2.043198 0.442814 1.830493 -2.352457 -0.935337 -2.535626 1.748112 
5612876693573439822.mp3 :-136.500765 123.273149 -10.100094 32.047424 11.057178 5.253865 8.148055 3.370208 -15.932361 3.234088 -7.184131 -4.567476 -10.152851 -9.426852 -9.339655 -2.086369 -11.767768 -8.373770 -9.407368 -6.937553 -7.660220 2.791844 -2.472826 4.349213 -4.920153 -3.900673 -4.718218 3.032013 5.075279 7.829682 -1.345074 0.812282 -4.764125 -2.073394 -4.431266 -3.295714 -8.230426 -0.644196 -5.545880 -5.132002 
5592247331359094244.mp3 :-98.402925 99.007073 7.103835 15.745810 6.551670 2.541420 3.060416 7.253785 -2.619258 6.986649 -11.206133 -1.422339 -9.437914 3.243436 -1.924993 6.910879 -3.256658 4.702745 -2.143414 1.045789 -2.384607 1.760868 -2.833391 -2.158556 -4.762485 -3.316574 -6.429794 -0.794793 0.089467 2.042934 -7.561797 -1.613225 -2.429341 1.183010 -4.987571 0.798533 -2.435701 -0.224095 -4.196229 1.422520 
5618685730376215214.mp3 :-102.501794 92.363399 21.320072 22.660498 5.118366 4.581464 3.434099 4.486129 -1.200487 4.225491 -4.054062 1.328154 -5.029265 -1.155299 -3.883297 -0.056681 -3.946643 3.183706 -1.638404 3.076343 -6.983185 -3.066653 -3.229616 2.418452 -1.145537 3.482598 -4.800092 -1.085588 -3.606256 2.211944 -1.600311 -0.908129 -6.010933 0.006495 -1.529851 3.652301 -1.157980 1.899948 -3.292218 0.989789 
5606522733934678252.mp3 :-94.230339 62.688772 27.974427 21.286214 16.543441 7.817220 5.241933 6.120134 -1.500250 12.304893 -1.907218 0.760025 -0.096602 -0.459890 -6.589434 3.672980 -5.511597 0.759510 -1.158606 1.071754 -1.881462 0.438382 -5.639885 3.126530 -0.737488 4.780806 -2.531031 4.704624 -1.971726 -1.265519 -9.147614 -0.915861 -2.781465 2.556197 -2.559985 -0.247925 -3.727062 -1.070776 -4.903018 -1.431105 
559587495322978144.mp3 :-51.393562 96.327615 1.085496 22.897328 12.044923 -5.461562 0.197542 4.670583 -15.596598 3.146892 3.476585 -2.854834 -6.023567 6.358061 -10.175429 1.003764 2.065119 0.327441 -4.641235 4.550052 -1.816893 0.326307 -3.224056 -2.798095 -6.426353 -0.013630 -4.122186 4.358261 0.948058 2.818743 -4.598745 -0.363069 -2.665710 1.997763 -0.833543 2.406214 -4.477865 -0.378381 -4.363745 1.864365 
5566870936014223462.mp3 :-217.639503 146.194998 16.477133 44.028948 22.031065 2.672836 4.025315 2.068993 -4.632654 -2.703660 -4.842696 -0.378611 -3.805441 0.181436 -3.366662 -1.889106 -6.183571 -1.266617 0.151026 2.223280 -3.438040 1.709391 -2.603987 0.265366 3.407806 2.010173 -4.669823 3.708478 -7.735065 -2.654074 3.829505 3.934028 -1.416473 -0.767804 -4.661082 0.186567 -3.926250 -0.982482 -0.700320 3.202829 
5569682953047338041.mp3 :-199.366241 94.588806 8.218975 24.064341 7.216791 4.806849 8.408680 -2.606833 -3.556338 4.443592 -7.731735 2.294886 -2.707852 -0.220580 -2.786869 -1.790364 -5.652237 0.442761 -5.062958 0.558220 -8.691488 -2.763867 -3.147148 3.843564 1.413185 4.756392 -3.547633 0.307619 -5.932080 0.448720 -0.068255 0.814875 -4.705850 2.269475 -2.086540 1.996897 -0.087157 2.253834 -4.032562 0.466055 
5606635532429908710.mp3 :-99.740727 110.467536 13.307258 29.563467 -2.214513 -3.581791 -14.398277 9.501946 -21.272522 0.278610 -10.075928 -6.989274 -9.222512 -6.554874 -6.731784 -5.132739 -6.406378 -5.303264 -0.313791 -9.768986 -3.774422 -4.402736 -8.489732 2.066043 -2.088262 -1.481818 -4.936505 -1.747517 -4.191143 1.425410 -3.986159 -4.249873 -8.948490 -3.672868 -5.756929 -0.681579 -3.668088 0.805532 -3.866443 0.412260 
5593017686387434523.mp3 :-133.388372 70.050462 32.846777 34.409127 14.450510 7.883992 3.102950 23.268434 -7.590485 5.383643 1.501616 3.586145 -0.985380 3.456651 -1.924704 0.780273 -2.189744 1.174127 -4.017111 -1.009698 -6.645172 -2.000750 -3.983481 3.072026 -2.358952 2.757211 -2.480143 2.284282 -1.228838 -0.046800 -8.340466 -1.997243 -2.319599 5.378853 1.467797 4.312772 -1.225378 1.094022 -2.022698 0.030344 
5579840392294400233.mp3 :-89.795579 99.449337 4.824791 17.879871 -3.975082 1.413935 -5.673917 1.630787 -9.071630 -1.414223 -4.426291 1.301751 -2.464425 -1.293280 -5.146697 2.048300 -7.750298 -1.784840 -5.953517 -3.065348 -7.053759 -0.046881 -6.664436 0.020903 -3.782426 1.550575 -2.335862 1.887820 -3.154684 0.031711 -5.518563 -1.260584 -5.027338 -2.197389 -5.273186 -0.626517 -4.607891 -1.064610 -2.334499 1.401014 
5590441606788383342.mp3 :-92.020997 74.127519 6.657249 22.157586 -3.586477 13.884960 -0.755513 -3.449604 -1.100322 -1.903034 -1.363347 -1.692366 -3.449566 2.443263 -4.410775 0.666017 -5.068342 0.696003 -2.192997 -1.272835 -1.400951 1.755908 -2.368799 3.390381 -0.085511 3.145655 -0.013301 2.703520 -4.909620 -1.415896 -2.018265 3.099250 -4.565737 -4.056189 -8.150641 -1.401927 -3.277922 0.664411 -3.459264 2.299070 
5557968259828095020.mp3 :-88.786253 94.476221 -0.003725 20.779727 5.093615 -0.534831 1.013561 5.417305 -4.404920 7.413122 -5.804943 -0.569793 -6.894019 -2.255404 -3.177917 2.809732 -2.175814 3.427600 -4.381535 1.617858 0.463505 5.324578 -1.622198 3.090728 -4.810040 1.525908 -3.640244 -0.913935 -6.040957 -0.206895 0.428889 3.458013 -6.090289 -2.078309 -5.212627 -0.558830 -3.494366 0.275074 -3.511455 0.520575 
5603597061135780561.mp3 :-59.071360 67.827927 24.720628 27.387158 10.347312 -0.084119 -4.975998 13.366460 -15.821282 4.843148 -3.144716 -2.078512 -4.833419 3.231844 -8.168450 0.479637 -2.567227 -0.384963 -4.058231 -0.595350 -9.607084 -1.645039 -1.840712 0.472448 -3.400464 2.231239 -5.880326 1.604939 -1.854435 4.583257 -2.802555 0.006231 -3.794889 3.733054 -1.552228 2.922009 -2.060820 0.182538 -4.481735 -1.507120 
5598493603852176806.mp3 :-59.262114 98.364301 -1.192226 27.709669 15.044895 12.223971 -10.080781 22.190694 -14.546207 8.626337 0.819135 -1.505040 -2.599525 3.439284 -6.267311 4.707531 -4.587290 1.983015 -3.785532 1.233534 -5.169162 1.201753 -4.374167 0.609375 -6.099763 0.669412 -5.885951 -1.010281 1.341702 4.882465 -0.161601 -0.291656 -6.339167 -3.427008 -1.821456 -0.473753 -2.475217 -1.258469 -5.090496 -0.699966 
5576403803703337276.mp3 :-136.107030 73.229192 4.930213 31.233845 0.572268 0.974081 -0.991709 1.607839 -17.341930 0.640736 -14.390283 -3.236327 -6.055536 -4.700991 -4.481724 -3.002310 -10.620813 -1.026070 -8.627508 -2.052528 -1.875780 -2.610722 -8.019427 -2.761514 -5.717610 -0.185137 0.648544 6.662500 3.518129 4.800715 -4.394656 0.021610 -3.221649 0.491924 -5.177998 0.182347 -3.012278 0.317927 -3.777248 2.397125 
5589943962604073024.mp3 :-124.000503 91.118267 -3.893278 15.890064 4.972846 4.247423 0.722652 -5.290452 -10.271855 3.904310 -9.007668 -2.414307 -10.364642 -1.697706 -1.872283 0.103348 -6.642106 -2.280164 -3.374984 0.095898 -4.061745 -3.510248 -4.604903 -1.950059 -7.349269 -2.558153 -4.978824 1.183811 -2.538139 -1.234563 -3.318605 1.204484 -2.209643 -0.089329 -5.847736 -0.446138 -4.957174 0.288260 -5.166542 0.241345 
5564392001370208804.mp3 :-59.258999 84.973835 22.233312 26.089975 7.797209 5.961167 -0.751767 6.135330 -8.443649 5.141084 -4.677913 0.674170 -0.198626 7.012277 -3.452136 2.574040 -3.902299 0.099250 -3.796156 1.379594 -1.386139 0.762362 -3.947412 1.314263 -2.460450 2.966247 -1.191682 2.709035 -4.571617 2.145628 -3.113844 3.107198 -3.098699 -0.697427 -5.631495 0.293975 -3.856090 2.263725 -2.719954 1.552753 
5592729825618889511.mp3 :-164.411103 97.998270 1.788114 24.991764 0.859664 15.008059 1.780395 12.797944 0.580977 6.181297 -2.696086 5.129775 -1.234596 6.762570 -1.205853 1.036956 -1.888125 0.918199 -1.900956 -2.201689 -4.351010 3.207470 0.272406 3.850240 1.137353 1.604399 -5.207198 -1.061324 -6.338576 2.661012 3.338702 4.277332 -3.578839 -0.644546 -3.934997 1.861004 -2.497406 1.579706 0.615707 0.984353 
5592699159017823311.mp3 :-135.698231 94.700471 32.109719 17.303249 -0.243969 -2.583061 -5.711716 0.957355 -11.517095 -2.336545 -6.612658 -7.399195 -8.660222 -2.636468 -7.406259 1.630751 -4.340894 -0.213699 -4.374540 1.416650 -1.277427 1.504719 -4.876495 -0.806513 -5.717268 -1.803532 -6.148542 1.814100 -2.370005 2.837425 -3.364809 0.294722 -5.496904 0.360766 -3.889476 -0.025102 -2.978461 1.234036 -2.080336 -1.062074 
5565916162641499668.mp3 :-160.544809 89.546475 34.608858 10.455576 1.760102 3.829201 -12.535987 3.972084 -16.896852 1.072643 -4.971561 -11.033517 -3.220698 -6.061502 -10.167758 -0.197116 -11.316562 -6.525092 -5.339846 4.125459 1.625221 7.247704 -0.556167 -1.917585 -7.469907 -3.325947 -1.699302 3.439525 -0.185657 3.360810 -4.798260 -0.087901 -3.839565 -1.336916 -7.724693 -3.816502 -4.946189 -0.209644 -6.096067 -0.684423 
5596670186223551527.mp3 :-87.625037 94.075286 4.360559 34.891160 0.607218 21.198268 0.366329 7.884118 1.599120 -0.023762 -1.283019 4.237577 -0.689541 1.297516 -1.022748 2.967188 -2.204788 3.438991 -2.441850 -0.065061 -4.591669 2.020035 -2.960201 2.039383 -2.515730 2.774505 -3.306466 0.826376 -1.164527 4.184034 0.178777 1.523005 -3.936299 2.022614 -1.115412 2.109677 -1.043571 1.845447 -2.868410 0.765839 
555980684870588841.mp3 :-170.132087 123.552663 -14.414224 20.898274 -3.373601 -14.699498 -3.591378 -0.243244 -18.622091 -4.903073 -2.599011 -2.375128 -6.364676 -1.198962 -10.034529 -2.195122 -8.562583 -2.886984 -1.086728 -0.333030 -1.624944 1.982801 -4.095428 -0.932457 -5.585316 -2.738872 -3.147326 2.894023 0.849968 -1.820519 -4.464636 -0.066524 -0.180741 0.352839 -5.058721 -3.933224 -8.217584 -1.506795 -6.507137 0.766094 
5591971936629518280.mp3 :-120.127155 69.703825 10.488118 15.234405 21.398235 -3.105269 11.053067 11.738184 -13.372345 10.264784 -2.977730 -0.972258 4.768371 -1.850018 -6.118231 1.759978 -8.551971 -1.133840 -5.799526 -1.283181 -8.936590 0.091689 -7.231761 -0.966251 -1.306480 0.943934 -3.761691 1.701683 -7.385635 -6.587427 -6.346454 -1.275338 -4.355296 1.243459 -3.461530 -0.840837 -3.540868 -2.366871 -4.380066 -1.951149 
5600853946459917341.mp3 :-121.809696 90.413283 6.810800 29.446213 8.872784 4.899657 4.316957 7.970582 -8.315504 9.604149 -4.701481 1.035786 -4.543168 -2.564516 -2.670652 4.497041 -2.296633 1.028422 -1.777537 -0.001222 0.544849 1.554312 -2.785175 0.973482 -3.757617 0.812089 -3.471678 -0.841023 -8.064777 3.544512 -0.472887 7.419918 -0.748112 0.346129 -4.662942 -0.960450 -1.527886 -0.335111 -1.926599 0.594454 
5582677343211047207.mp3 :-124.890582 101.661326 7.109497 25.815349 -5.383665 14.150381 6.681398 -1.117560 2.663592 7.426594 -11.821167 5.088773 -8.713110 0.091018 2.098844 3.084323 -1.568038 5.934984 -7.584113 -1.096013 -4.558989 2.848621 -2.325761 1.432663 -3.484001 3.662948 -2.813918 -0.397685 -5.397337 7.669915 3.226324 -3.550434 -8.674576 -0.591202 0.437162 0.375688 -3.443425 -2.938338 -3.214762 2.373545 
