484082069169849256.mp3 :-187.327818 128.831288 33.206264 32.625697 2.442253 -1.486503 0.716737 0.810626 -18.930844 -2.852251 -7.597369 -5.865462 -7.000242 -2.533018 -4.211493 -3.445250 -5.462133 -3.111962 -4.837961 -8.059355 -6.317593 -3.263990 -5.942339 1.186430 0.858828 -3.644817 -7.200108 -7.177281 -6.217394 1.272968 -2.582153 -1.851699 -4.727910 1.170093 -1.072769 1.008027 -2.551089 1.249516 -2.865563 -2.013688 
4841087724210233071.mp3 :-118.683708 87.585548 27.319201 27.003906 11.645751 18.480080 1.027058 11.680598 -5.766532 5.444045 1.626531 6.920275 -0.956862 5.142153 -1.055393 2.112414 -4.720776 -0.277145 -4.923239 2.271100 -3.676909 -5.652745 -5.192943 -0.084677 -2.710055 0.500314 -3.331288 3.188262 -1.664019 -1.722173 -4.817598 1.971209 0.193271 1.216127 -1.885169 1.410857 -2.637807 -0.098856 -1.555306 0.612063 
4849541082160855171.mp3 :-155.885750 93.305008 -30.797012 26.123603 3.762954 -23.584112 -10.108543 10.606234 -26.218221 -10.924001 -4.408367 -9.157468 -10.790575 -1.229525 -11.822494 -3.038628 -5.756389 -5.058830 -5.704499 -3.486475 -4.574289 1.586582 -4.062662 -1.060584 -11.316498 1.730371 -5.758102 -1.874092 -6.329141 1.082160 2.953343 4.559327 -3.272377 0.639360 -6.826179 -2.024095 -4.473838 2.157762 -0.516877 -0.959259 
4821116681447601265.mp3 :-190.601954 123.555582 5.383251 23.558642 0.506379 6.145995 6.010436 -7.329414 -4.652712 -0.803911 -13.786384 0.374855 -3.839460 -0.910986 -1.007053 -0.021125 -3.298975 0.240671 -4.039059 2.033370 -1.904785 1.646128 -2.054871 -2.344593 -3.992895 1.546023 -3.770293 3.612513 -1.250161 -1.261922 -1.411512 4.711907 2.951556 -0.562403 -6.749655 -3.604779 -7.116322 -1.369387 -2.513776 -0.132637 
4824821100898816941.mp3 :-203.669532 117.563796 25.987511 23.697783 4.157703 4.242153 -2.013004 3.568429 -9.339324 0.566758 -5.094778 -4.255749 -1.512687 -1.986946 -1.318903 3.941303 -7.132843 -2.554210 -1.727508 -1.843436 -4.420913 0.096256 -5.685307 -2.662793 -3.131059 -0.166925 -7.643060 4.597753 -4.569603 -3.056017 -1.173199 1.616472 2.108445 0.258821 -5.493933 -2.308708 -5.394137 -2.275308 -4.526921 0.153126 
4855655990453902052.mp3 :-88.268443 81.187458 14.562350 9.730634 0.704864 22.444965 7.214952 6.797210 6.681200 8.312534 -0.665178 7.681044 -1.713919 3.829323 -1.275831 5.013513 -1.996751 2.037908 -2.422234 2.625000 1.081077 2.258887 -6.609283 -1.193722 -2.357959 0.483664 -4.591501 2.954819 -1.271766 5.041490 -8.232373 -4.859413 -5.233765 2.021222 -1.842989 1.370334 -2.833144 0.614093 -3.721114 -0.218204 
4806243038091363703.mp3 :-333.385565 114.889619 37.035909 25.538913 9.997990 5.136875 2.465103 2.052770 -10.227253 4.167682 -8.938957 -6.175303 -5.882280 -4.264461 -7.966597 -3.370961 -6.675493 1.687913 -1.192404 3.607408 -2.808101 -0.281067 -0.485533 2.966815 0.904712 -0.521688 -1.434383 -0.630756 2.475528 0.845763 -6.158292 -3.530891 -0.431075 0.888568 2.072314 2.474315 -1.598573 -0.042504 -3.048615 -2.427829 
4816324808130777781.mp3 :-214.321740 141.980669 35.001041 26.148468 18.414047 8.077860 2.666248 8.061003 -2.951949 -3.754189 -8.812675 0.017056 -2.780995 1.716729 -0.536581 -1.713297 -7.246493 -0.877933 -1.881861 2.321314 -0.655441 3.999576 3.018014 3.871640 -0.894735 2.179449 -1.216885 2.112081 -2.572330 0.645860 -2.159587 2.115599 -0.627263 0.277285 -6.377499 -5.234149 -5.436005 -3.040695 -3.035683 1.155388 
4807341734943949044.mp3 :-85.645283 80.635951 14.444121 26.937292 11.826802 11.763354 2.511932 11.035926 -3.334080 4.555539 -5.318866 0.797813 -9.989434 5.284262 -3.015800 0.342032 -2.800241 4.784521 -2.079801 -2.563030 -6.026054 -2.077642 -0.286200 5.222348 3.906749 4.240861 -5.196657 3.827542 -1.258985 -0.058371 -7.978390 -1.060462 -2.784838 2.126579 0.894554 1.181298 -5.013277 -0.654893 -3.603338 -3.659406 
4799076070636688176.mp3 :-203.028050 104.286102 8.515578 15.357706 4.314434 -3.656310 -1.880416 -10.116617 -12.133503 -7.774529 -12.296826 -5.390956 -9.625967 -7.373088 -10.848448 -9.002946 -10.341312 -5.207626 -6.414827 2.043369 -5.666753 -4.770514 -9.490924 -0.841548 -4.734831 1.580502 -7.974075 -6.831124 -4.834421 1.803223 -1.509575 -5.207198 -8.066470 -0.162940 0.341317 4.066222 1.719569 2.535060 -2.435877 -1.876090 
4846984224501784735.mp3 :-51.838194 69.830460 -3.571075 21.322903 3.143378 5.523156 4.205938 3.596842 -2.060668 1.969101 -5.083081 6.300748 -1.852785 4.421297 -3.749386 2.016696 -3.189348 1.367669 -3.794487 3.216387 -2.642433 3.346743 0.706384 3.938446 0.465095 4.599358 -1.197669 3.870172 -1.699217 1.005265 -4.926914 0.241834 -2.461308 3.853927 -0.898979 2.477643 -2.781519 1.223724 -3.249082 -0.536402 
4847473254160872969.mp3 :-182.893685 99.202080 20.040534 17.196410 4.383117 13.911923 -3.244051 9.618606 -9.379160 5.461595 -9.383870 -1.078349 -9.376084 -6.208687 -9.577338 -5.478254 -4.469694 3.334322 -1.684559 3.102463 -7.082801 -1.771951 0.080733 2.708793 -1.946997 -0.168222 -4.655026 -2.015968 -6.375256 -4.405887 -5.289958 4.008536 0.121542 1.651035 -2.443320 -0.156808 -2.818943 3.375252 -3.129757 -1.732531 
4831686636361898926.mp3 :-51.980827 77.916834 1.849846 29.045368 0.540261 15.153357 2.617713 6.359212 -1.721386 -2.758889 -6.299592 -4.213979 -7.931888 -4.748510 -6.690435 1.151925 -6.730901 5.699121 -4.024103 4.382037 -2.401148 -0.263384 -7.626054 0.703718 -1.630883 4.725427 2.515736 4.527496 -2.262402 0.438222 -0.555472 4.875362 -3.705615 -2.026195 -6.192531 -1.368452 -4.107960 0.858675 0.683159 2.327894 
4845731324957482412.mp3 :-96.084608 82.976595 11.249588 27.221709 0.190427 6.104556 6.336441 -2.807817 -3.334434 5.643115 -9.473923 1.832078 -6.948271 1.304934 -8.588735 -3.211219 -4.127745 2.702293 -3.780134 3.854691 -3.780633 1.155787 -2.793652 2.393373 -3.889009 4.729717 -2.039021 2.729394 -2.481097 1.148158 -4.621105 -0.100210 -3.537196 1.965973 -1.733776 3.520686 -2.447756 2.062463 -3.972325 1.322597 
4803625523984151758.mp3 :-92.992506 95.438201 22.284261 18.837126 -0.779836 9.246123 -0.198348 4.360505 -8.713346 3.460051 -5.361398 -5.007601 0.587127 -3.563872 -6.917682 -1.668099 -11.354734 -0.017171 -6.216118 -6.975502 -4.770608 2.485772 -5.105706 2.135877 -2.003368 3.072960 -3.452701 5.239191 -1.006907 4.788278 2.473678 2.685116 -3.845101 -1.489604 -6.526541 -1.758783 -4.613681 2.827038 -3.773383 1.918699 
4861697854242320028.mp3 :-170.719813 86.151885 12.309555 14.886772 1.025419 20.929932 0.080912 4.222787 -0.111948 5.521435 -5.499830 10.702996 4.673774 4.545805 -2.896278 0.853410 -2.605706 3.544911 -7.726677 -2.597725 -5.349533 2.587766 1.151672 7.564810 -4.568386 1.168668 -6.242181 -2.489024 -6.198942 7.253551 3.867039 -1.441044 -6.050997 -0.201846 -1.133969 2.880773 -5.272187 -4.639771 -2.355200 -0.091741 
4867702416263028068.mp3 :-98.030198 84.275429 -8.836886 36.160332 7.569211 -4.434785 -1.861020 15.994216 -14.771161 2.378921 -5.222984 1.327782 -3.973959 6.163204 -4.996955 1.520017 -4.894634 0.290979 -5.025656 -0.609730 -9.076304 -0.809658 -3.058732 1.579465 -4.568375 4.801053 -4.098101 0.713367 -3.492716 -0.991846 -0.599963 3.707534 -4.334872 0.378820 -5.542150 -1.436237 -4.445637 0.145035 -5.712393 3.040280 
4810869288489112128.mp3 :-66.110236 78.212806 13.157471 19.571068 1.991581 2.810319 -3.172445 5.618267 -13.946869 3.925201 -6.557400 -3.258078 -3.882408 2.288321 -6.959956 -0.263720 -6.463731 0.088632 -3.484627 -0.181864 -5.108186 0.051836 -5.194428 1.043370 -1.722620 1.887511 -2.647527 4.622637 -1.367599 -2.933742 -7.751678 -0.316085 -2.300396 0.888519 -2.473399 0.427094 -4.400933 1.725666 -1.946814 0.956705 
4819154940251706283.mp3 :-148.632433 105.784083 -15.610965 27.332813 -1.758435 6.518800 5.831837 -5.013355 -9.008268 0.992839 -11.496724 -2.846218 -4.172916 0.304018 3.982308 7.340655 -3.410178 0.002804 -10.780059 -8.571504 -4.120393 3.052262 -2.401522 -5.956671 -8.851697 -2.072288 -4.858683 1.023586 -0.073233 2.338036 -2.948489 0.811671 -1.158770 1.640988 -3.695369 -2.293836 -5.997053 -3.874166 -4.557562 0.007548 
4848433357218808897.mp3 :-165.798148 90.134134 17.149345 26.256873 7.635842 4.711965 2.550166 -1.861861 -7.236279 5.511198 -8.177291 0.807861 -7.481149 0.374626 -4.643699 -2.466033 -9.658288 2.137924 -6.656120 1.105957 -9.389201 -1.795831 -5.021674 -0.984622 -3.360995 2.340533 -6.134494 -1.176438 -3.201257 1.014561 -2.860274 -1.270359 -6.914308 0.355266 -1.280507 1.792959 -0.409575 1.043176 -3.558970 -1.187963 
480297176602067765.mp3 :-237.308146 72.448863 39.079557 29.320769 17.216905 16.361691 5.498598 7.004670 -2.883793 9.661962 -6.820546 3.578022 -2.909480 3.252846 -4.043952 0.235955 -6.564085 1.234847 -4.703021 3.295247 -0.750438 -0.044121 -4.938609 -0.170266 -1.433541 5.673037 -0.052344 1.975091 0.134990 3.109576 -0.575269 -0.789893 -6.593784 -2.030761 -2.627626 1.305538 -0.970904 2.798856 -4.007458 0.339597 
4819669417138768128.mp3 :-33.701123 88.347104 13.070926 15.828852 11.952598 14.255868 0.976308 9.694772 -8.730339 6.088904 -1.201435 1.110466 0.957272 3.032612 -3.797372 0.986547 -3.370741 0.183708 -1.629078 2.866595 -3.361535 3.253391 -1.529063 1.337460 -1.295262 1.543702 -2.303057 1.416318 -3.834470 1.728318 -1.603697 2.931049 -2.226329 1.712004 -2.092009 0.587846 -2.260259 1.083226 -2.961857 1.324952 
4798696401870581973.mp3 :-155.577042 79.723514 -18.032323 10.166876 -12.226864 -15.592674 -6.952746 1.090254 -14.276810 4.239836 -10.545192 -7.630640 -5.385061 -3.694960 -10.820384 -0.763680 -10.210118 -7.202386 -4.651947 -1.609123 -5.126407 6.617586 1.480996 -0.831887 -6.710325 -3.812945 -8.155162 -3.709454 -5.537366 0.076477 -0.037021 4.962684 -0.830231 4.072025 -6.045389 -2.253096 -3.240223 0.111802 -2.527512 -1.117122 
4816597615059173471.mp3 :-125.030230 76.077079 29.441639 38.584057 13.496632 13.591186 2.480564 15.541032 -4.651074 3.509320 -2.761422 0.004705 0.639672 0.792012 -5.555213 3.542635 -7.064821 0.860037 -4.457468 -2.441456 -6.928407 0.544906 -4.189908 1.585399 -2.706621 -0.840224 -7.726975 -1.942325 -7.271440 1.110979 -0.940977 0.086406 -3.307160 2.051535 -1.839634 2.108940 -3.543403 -0.336123 -6.235433 -0.916682 
479900469013619733.mp3 :-134.116722 92.872892 20.238874 30.564104 10.495623 8.838469 3.085153 2.045447 -5.097229 1.843471 -9.047390 -4.045633 -11.739474 -0.172068 -10.336718 -3.130794 -8.007036 -0.787259 -8.640871 -2.361400 -6.585936 -0.177072 -6.050550 3.153203 -5.581841 -2.100672 -6.962141 -1.556202 -2.186499 1.800952 -6.445819 -2.744623 -1.770309 4.873008 0.962590 4.504628 -3.450489 -0.243190 -3.949656 -2.289773 
4804127690149923930.mp3 :-79.037077 63.466651 15.564180 12.046679 6.998987 6.667447 -0.400062 3.112230 -3.486080 6.898045 -4.853560 -1.702836 -5.381444 -2.679413 -3.670666 -0.250306 -2.192549 -2.468266 -4.985588 -0.521597 -5.432208 2.925835 -4.962945 -0.376006 -8.054342 1.708725 -9.533743 1.050616 0.775895 5.056102 -0.542848 -2.129881 -4.165649 1.731913 -3.707250 0.227425 -3.044390 0.646264 -6.272001 -3.451993 
4861668884393217900.mp3 :-63.808490 72.369060 10.087564 20.105421 4.260788 10.602698 -0.798905 7.981190 -3.218368 3.202300 -4.282538 3.293179 -1.416593 3.097723 -1.813263 3.543348 -5.636942 2.475637 -4.677052 -0.875968 -4.190797 2.108574 -5.666912 1.279382 -3.928978 1.513589 -1.831490 2.529002 -4.026788 0.937251 -0.665601 4.849946 -1.572395 -0.024894 -3.493870 0.719652 -3.063201 1.529007 -2.154356 1.639255 
4810721086222770366.mp3 :-72.725769 62.579073 10.243808 23.608501 1.241509 17.127438 -0.788369 7.985759 4.355436 4.782282 1.496241 5.734465 1.699890 5.480871 -0.737090 5.564115 -0.932208 4.444810 -3.216369 4.417675 -3.112973 3.913181 -2.582447 3.766567 -3.786825 0.748221 -2.586691 -0.378325 -1.384913 2.855886 -7.046963 -0.177843 -3.901326 1.349710 -2.329647 2.166135 -2.879760 -0.227766 -3.783891 -0.286542 
4856182205134147343.mp3 :-148.000096 92.623866 15.236637 40.486479 11.544133 10.348246 10.992245 8.547628 -3.034891 7.377544 -5.975446 1.643361 -5.447215 -2.575785 -5.692415 -3.005300 -6.523527 -0.279987 -5.608806 -0.536647 -1.061480 -3.067165 -6.486975 -3.399418 -1.576680 6.457068 -0.190588 4.522231 -3.329348 2.155048 -3.582783 -3.196798 -7.167111 -3.663796 -3.931113 0.204143 0.432680 2.815122 0.456099 2.106198 
4832987872294058354.mp3 :-125.237371 89.302065 15.412429 31.044884 3.734865 0.433613 11.425760 0.384825 -4.357987 8.240167 -8.629361 0.501725 -0.993331 -1.970231 -3.163312 3.107808 -5.929078 -0.601491 -4.150836 2.231288 -0.799641 -2.367091 -10.951122 -1.745240 -7.905678 5.012522 -1.692216 4.955816 -0.846043 -2.342956 -5.283998 4.319976 -2.279577 -0.676417 -5.343160 -2.221250 -4.615417 1.371564 -1.288778 4.335869 
4830815065042415717.mp3 :-50.667130 117.779388 -33.727326 30.139291 0.374921 6.545630 1.200943 1.939081 -5.725115 6.165301 -4.346127 3.112492 -3.573888 -0.336615 -4.984405 0.108747 -7.075282 1.816983 -3.170846 1.747919 -2.495915 1.814500 -3.460187 -0.475836 -4.676662 -2.929315 -4.138498 -0.310501 -2.548038 -0.622225 -4.540258 -0.927500 -2.235889 0.132053 -1.925724 1.013147 -2.569164 -0.128828 -3.557739 -1.537695 
4819438280813789359.mp3 :-166.574793 106.112592 26.008812 27.786591 12.966845 8.637815 4.656745 5.803445 -7.489178 0.246981 -7.432149 1.235683 -6.537001 1.764678 -3.932808 0.223715 -6.907177 -2.793252 -3.813309 4.195646 -6.096734 -1.895502 -7.724403 2.026792 -5.849835 1.283271 -1.565735 5.710097 -1.556215 -2.478804 -8.796156 -1.662476 -1.568151 1.713140 -3.362728 -2.235089 -4.795361 -2.974433 -3.467211 0.685979 
4822329640173208760.mp3 :-172.982772 71.681084 33.460703 30.577794 8.701989 7.142641 10.952823 0.987020 -10.254347 13.414394 -7.679280 2.844738 -1.932197 -6.656828 -3.608391 1.438018 -0.762508 6.742075 -5.158001 -0.657643 -4.060724 2.435911 2.585796 5.181469 1.830265 6.913875 -4.384483 -0.673789 -1.849422 1.998533 2.866174 5.157467 -2.839244 1.478449 -1.391836 2.578948 -4.430342 -0.650638 -1.498769 2.964092 
4821746468064037419.mp3 :-191.625460 116.013421 19.276761 31.251908 15.495136 10.814654 7.742275 3.358050 -4.772870 2.925818 -6.927885 0.451213 -6.086684 -4.582006 -7.819437 -2.029433 -5.278819 0.669255 -6.208654 -1.105303 -6.451784 -1.022487 -1.206881 1.483116 -2.402934 0.742533 -6.769793 -3.825376 -5.571298 4.233917 3.391067 0.471735 -5.673432 -1.648022 -2.810574 0.775656 -0.975994 0.374621 -5.881513 -4.615077 
4850672442137826446.mp3 :-105.382764 96.444635 7.356734 12.160636 0.922954 1.213070 -4.638449 -1.280533 -16.258669 3.479076 -13.350270 -5.137468 -8.219813 -4.658490 -9.799088 -4.726294 -8.007155 1.287588 -6.558125 0.052757 -5.428105 -2.720706 -6.993999 -1.700393 -5.434192 2.456582 -0.383542 1.813637 -0.446164 3.330465 -6.585094 3.435413 -0.591221 1.550827 -3.008130 -0.081537 -3.193883 1.508890 -1.049275 1.498619 
4817989462264134176.mp3 :-81.135234 106.679238 -9.436257 37.839051 9.748563 9.743358 -1.204572 1.757551 -9.174052 2.721009 -10.730801 -3.125541 -5.714865 -2.292241 -3.741563 -1.411323 -5.646045 0.660834 -1.896736 -0.330260 -2.491796 0.640954 -4.704188 5.076642 -0.393727 -0.897075 -3.520521 -1.952258 -6.338987 -5.793793 -5.904084 1.538961 -1.257559 -0.559882 -4.934748 0.227968 -3.115981 0.475200 -3.121471 0.974696 
4822037195738991779.mp3 :-45.847910 74.089127 10.673210 18.750831 10.309091 19.620787 2.130384 10.224678 -0.986921 5.867970 0.307543 4.750626 -1.260911 5.267251 -0.089906 5.651029 -0.323049 2.802000 -3.855475 1.903561 -2.086180 1.473012 -1.696818 3.587336 -3.086394 2.796664 -1.324938 4.607974 0.993105 4.896114 -1.601798 1.714179 -2.268256 3.129129 -1.153858 1.628365 -2.750362 0.568665 -2.698378 2.123468 
4800040449412871401.mp3 :-219.501719 52.750860 10.321871 21.400994 -5.101864 -1.772613 -1.664601 -2.196992 -12.329147 0.487588 -12.488140 0.046495 -4.596554 -4.275645 -7.689368 -2.697859 -5.675000 1.894026 -5.290940 2.949065 -3.096218 0.180326 -0.539973 6.052423 1.722014 7.719956 -1.846487 2.640579 -0.787507 1.187176 -5.874099 -1.934574 -2.248635 3.796520 0.783438 2.293816 -1.334898 1.930889 -1.619327 -0.309311 
4813872702960568900.mp3 :-159.362257 95.441630 -10.178872 28.317384 -8.927799 7.882967 12.104158 -10.114885 -1.840449 7.445640 -11.483500 9.262802 -3.889735 0.417829 -1.924011 -0.607496 -6.305646 3.117202 -2.061077 9.039184 -2.494434 -6.773409 -7.673752 -3.484047 -3.100091 1.670351 -3.116146 -0.273830 -7.410682 -2.247663 0.311204 -4.197168 -9.443306 -1.629533 -0.725699 2.512750 0.455842 7.791511 4.702266 -1.417667 
4803411394988675135.mp3 :-184.265537 94.123459 14.453850 26.565236 0.854333 3.613063 6.137321 1.319362 -8.429288 8.566680 -15.812766 6.085164 -6.390569 0.337119 -3.971952 -1.367625 -6.935751 -0.985812 -5.526177 8.373096 1.842808 6.449932 0.428490 0.263348 -6.709994 1.966537 -5.119341 6.772480 5.224780 0.280930 -8.048856 -5.966564 -1.428631 3.656490 -4.308656 -1.571049 -5.327395 -1.270164 -6.833099 -3.586108 
4826347151770038387.mp3 :-44.721877 73.485199 -11.353293 34.446219 5.374700 15.848258 10.448388 8.616761 -1.916174 10.457750 6.741408 9.990816 5.612587 9.773299 -0.736581 8.069571 0.524797 4.233173 -0.554660 2.750807 -1.766126 3.235320 -3.721478 3.733848 -1.757730 2.873196 -0.968777 3.535006 -1.123028 3.667864 0.160110 3.189392 -2.325264 1.335688 -1.218262 2.425969 -0.498122 3.098745 -1.096753 0.294558 
4830894518271184456.mp3 :-70.319699 77.507550 8.990928 21.147993 -0.634833 15.926889 4.328130 10.058734 -2.979602 9.862661 1.822828 4.689568 -4.367702 0.970949 -7.334013 0.283050 -6.107342 -2.446721 -6.763873 0.435565 -2.684407 0.339693 -5.041498 0.533097 -3.184184 1.983874 -2.890554 0.428889 -4.050707 -2.640155 -1.549245 0.867323 -6.174680 -1.363308 -6.057224 -1.066615 -3.405761 1.856303 -2.543282 2.981899 
4835275066934597193.mp3 :-139.658465 109.473674 8.151139 23.010902 2.270891 5.835742 -2.145594 4.825782 -3.464193 4.525309 -6.284075 5.277823 -3.514398 -0.049652 -4.114639 0.395780 -10.099824 -3.607911 -10.912761 -2.690747 -4.785014 1.624558 -8.172469 -4.995113 -7.186904 -2.193319 -4.733495 0.485798 -7.831673 -1.175374 2.194582 6.041626 -4.241489 -3.898574 -8.961798 -5.549089 -6.451010 2.772794 1.899066 2.322084 
4851735526454084799.mp3 :-211.588952 99.984818 0.892026 33.530564 4.180842 -3.534153 0.032898 -2.565397 -9.438326 7.443756 -7.487575 2.964563 -1.597631 0.864451 -0.526633 1.064788 -4.202056 2.587896 -9.572268 -3.444111 -0.948733 -1.407100 -2.827262 2.241062 -4.203727 2.626947 -0.326310 -1.323054 -5.201554 3.572398 5.855628 6.803668 -2.784693 -3.987736 -6.531808 -1.787260 -3.811217 0.229120 -1.429880 2.839273 
4841518462192161874.mp3 :-41.102945 94.702537 7.117017 22.230048 -8.667406 1.492515 -5.506837 9.472895 -15.915995 -0.305991 -5.610702 -3.376459 -5.805112 -0.006559 -10.127403 -1.375152 -7.334924 -0.369279 -6.302953 0.092292 -7.371565 -0.707255 -3.482077 -0.917523 -2.600455 2.407423 -7.074707 2.015840 -5.772874 4.891452 -1.674452 1.119815 -2.395902 0.775048 -1.515799 3.416240 -2.143759 0.181733 -4.523076 -1.565898 
4811703598495357763.mp3 :-108.397515 98.828610 7.599988 38.876726 4.814727 -1.589041 0.333565 7.618899 -9.638672 2.354628 -8.955213 -3.916453 1.078817 -3.021675 -3.807359 -0.025411 -5.663247 -3.574762 -4.365556 -1.050833 -1.490444 3.972110 -5.290212 0.559768 -5.958692 -0.198807 -2.656921 1.765370 -2.205125 -1.123180 -4.417570 4.054412 -0.701268 2.028368 -6.084604 -4.536490 -5.694898 -1.334464 -2.771157 2.617987 
48476887124870947.mp3 :-333.191813 163.910954 16.642134 1.730816 -1.650898 -11.073392 -8.875513 -6.661534 -8.974105 -6.954963 -4.002583 -4.593597 -5.332268 -2.823345 -0.756252 -2.243866 -1.614757 1.336000 2.444751 4.654334 -1.286255 -10.812009 -7.761387 -1.150579 -2.681710 -7.992250 -4.274010 1.277811 -5.569549 -9.839527 -3.724995 -0.170355 -1.953711 -4.869000 -6.319961 -1.303367 2.390501 -4.358587 -3.633702 6.767875 
4832415136237720981.mp3 :-158.116471 66.539373 2.403125 25.159768 10.181847 1.704350 6.209633 11.106389 -18.116187 8.447709 -2.559491 -0.687587 -5.787173 -5.277858 -4.474446 0.749395 -10.980230 0.912304 -3.638443 -5.613944 1.127261 0.550047 -10.111161 -1.091006 -4.909236 -3.621641 -5.139573 2.546722 -4.860976 0.156633 -5.208847 -1.690691 -3.245407 1.427935 -1.792970 -0.267827 -5.288651 -2.894808 -4.828205 -1.783456 
4838419496038685862.mp3 :-186.623137 70.687810 -4.956621 11.895201 -10.423305 -1.605899 -0.253368 -4.481763 -14.730963 -2.029329 -11.634818 -1.075741 -6.374459 -7.202625 -9.174597 -4.146421 -4.530484 5.112808 1.985224 8.745826 -1.236552 -3.972130 -6.458058 3.743191 -0.204907 3.589021 -2.108162 4.039716 -0.703314 -6.466795 -8.416192 2.493125 -0.177396 3.202686 -3.483913 2.191860 -1.644895 4.209663 -1.460391 -0.658348 
4850392183937229034.mp3 :-176.822937 75.264299 7.878138 29.142914 7.111482 4.217615 -1.470809 -3.682193 -8.557299 -0.118674 -5.636454 -1.287524 -5.870679 -0.597679 -4.534807 -0.913862 -3.440133 2.279358 -3.663571 1.120578 -2.370749 -5.153833 -4.978951 -1.108727 -3.493554 -1.065004 -1.958111 0.934575 -7.874443 0.221215 -1.030428 -0.285662 -1.869505 -1.776174 -4.673689 1.214333 -0.942573 -0.586071 -1.510010 -1.089623 
