2622778590694403730.mp3 :-61.064865 95.457541 2.809826 24.490774 4.043272 6.570509 5.127250 -5.569400 -3.526792 0.970889 -8.169223 -3.172833 -7.688024 -0.110318 -4.554165 0.978451 -1.090326 6.419754 -0.357232 -0.452845 -5.678326 -0.019434 2.699581 7.223380 -1.652324 1.730898 -8.064425 -3.657608 -5.769408 -1.172301 0.791354 3.945613 -3.020040 1.490969 -3.805989 0.138855 -3.988841 -0.830544 -3.789973 1.051599 
2643828289888918277.mp3 :-58.467551 98.167561 6.126668 28.202594 5.915571 1.111484 -1.501214 8.590587 -13.387736 6.953071 -4.910771 0.367530 -0.305350 -0.699179 -2.915332 2.401171 -5.477304 3.716930 -2.980411 3.715458 -2.352847 1.208631 -6.172362 1.988889 -4.319997 -0.529195 -2.108609 3.510766 -1.699780 2.984129 -1.977734 -0.839658 -2.042564 3.582623 -0.608706 2.413989 -1.817591 1.332092 -4.250068 -0.358729 
2675475065793153853.mp3 :-220.615070 137.757872 15.370330 9.668895 -2.614840 -7.194371 -4.746006 -5.430360 -5.236232 -3.891274 -13.681258 -6.830512 -9.135876 -1.132103 0.823455 7.035307 -0.350107 5.627504 0.336850 2.812620 -2.784912 -4.416333 -6.093269 -2.917630 -0.907133 -1.378604 -1.608517 -1.426655 -1.425786 2.585929 -3.205934 -4.822376 -2.326232 0.289177 -0.580312 0.931703 -1.747231 -1.186544 -0.440494 -0.203782 
2649828549461609769.mp3 :-130.012719 107.031378 9.840689 30.243671 9.886138 5.572125 4.312767 1.487958 -1.064862 6.503205 -6.238159 1.003117 -1.657175 0.537872 -2.646342 -0.672737 -1.459912 2.702576 -6.311777 2.033432 -1.825270 6.081976 2.027892 -1.666169 -8.260644 -0.794048 -1.936436 5.587378 1.751923 -0.814846 -2.155855 1.494556 -2.532651 1.163718 -4.501353 0.464357 -3.974607 0.298347 -5.458786 0.358890 
2654680562500376246.mp3 :-73.439551 69.487470 -5.956276 43.270400 -0.373003 4.486602 1.731827 10.275005 -1.957996 2.893736 -4.075048 10.791428 -7.815950 -0.391180 -2.434783 -3.171249 -3.033130 -0.083503 -10.499060 4.709498 -3.999559 0.648880 -4.387625 -3.142407 -5.624737 0.394689 -2.280129 4.487028 -4.014426 0.820647 -2.540600 2.487180 -0.187307 0.586779 -6.826860 -1.018419 -3.360707 -0.203180 -1.951774 2.870777 
2679951725434915928.mp3 :-209.546250 106.804662 25.610125 33.841429 12.344146 -0.039103 4.768300 5.398102 -13.819259 7.664195 -8.683081 0.055881 -1.318600 -2.606392 -2.960042 0.090270 -8.109778 0.188938 -5.436115 -0.764587 -6.851352 -0.009125 -6.605034 2.342339 -5.051923 -1.285951 -1.868773 0.376528 -3.841373 2.152879 -6.359174 -1.163683 -3.130434 1.466515 -2.184676 2.582213 -0.936327 1.350514 -0.038643 2.201404 
2654273368172609634.mp3 :-216.332832 103.707675 4.533602 34.696060 12.529661 9.338991 12.251330 -5.984624 -13.338922 5.976625 -11.079724 -4.233157 -10.372182 -10.571553 -8.475357 -4.730615 -8.343772 -3.436004 -11.050253 -5.535023 -8.402408 -1.083132 -0.842441 1.560948 -5.972193 -0.614675 -7.454703 -2.533004 -3.905832 -2.072034 -4.717107 -1.598688 -2.763411 0.732195 -2.542614 -1.282915 -6.710751 -2.486580 -4.268946 -2.696463 
2627865576257103890.mp3 :-154.522460 102.471326 -22.384211 21.055925 4.773410 -4.928169 -4.200313 -1.233434 -14.492154 5.680300 -8.939745 -3.932130 -4.198175 -2.495337 -10.484304 -0.173782 -5.670639 0.154049 -4.012066 -3.775201 -6.887137 0.383663 -5.391777 1.014915 -0.555156 -1.722419 -5.963857 -0.393584 -3.837484 4.896435 -0.496560 -3.861156 -4.873954 1.236812 0.666507 3.325155 0.659630 0.353772 -4.695749 -3.954178 
259765485292315610.mp3 :-50.168169 77.128361 -6.989484 19.425999 -3.848495 19.380926 -1.790490 7.557977 3.844774 5.924980 -4.080990 6.573781 -1.839048 6.540616 -2.388417 3.755281 0.064401 9.500321 3.743548 4.807674 -6.200025 -0.234609 -1.431108 7.520099 -0.035050 2.487155 -0.767994 2.107337 -7.840164 -3.308136 -4.399368 3.817678 -0.325448 1.262075 -1.742072 1.625047 -2.538351 1.811031 -2.838534 1.226402 
2691251825241596014.mp3 :-177.856694 131.897205 5.944533 3.269844 0.719077 -14.967153 1.911985 -11.216693 -16.337330 1.380950 -17.347099 -6.904342 -13.938618 -8.208008 -6.227464 -4.832581 -2.271728 0.656819 -6.486640 -3.271857 -6.551597 0.925838 -0.775603 0.518581 -8.780509 -2.796070 -5.596905 -3.247506 -4.223272 -0.726828 0.121943 5.156721 -1.026823 -0.997058 -3.931648 0.487487 -3.182729 -0.370752 -5.960941 -3.074727 
2626479323937296131.mp3 :-169.277689 89.801943 24.310602 25.132575 4.956379 3.594961 -2.180818 5.264231 -11.918122 9.074074 -4.086520 -0.463879 -2.427353 -2.718083 -2.254026 0.601438 -5.443606 2.503420 -5.506714 -1.534447 -8.012174 -1.286203 -5.888538 3.258302 -5.742891 -3.868553 -3.903770 -3.667356 -6.800521 2.545440 1.201322 2.793905 -1.450640 1.312922 -0.722667 1.995465 1.649205 1.297372 -3.200590 -0.519309 
2635374668077696935.mp3 :-285.267835 183.833211 15.752306 22.639383 0.048053 -19.742943 -9.808761 -9.267707 -14.653424 -0.820210 -13.671901 -0.754658 -3.806528 -4.223464 2.931874 0.722439 -7.947648 -6.926505 1.072898 12.567965 6.860307 -3.186166 -3.790991 -4.558192 1.350172 5.557576 -1.818419 2.512138 7.802489 5.627205 -4.178087 -13.317402 -12.611961 -5.325720 -0.241000 2.014774 1.691967 1.446098 1.209076 -5.834346 
2663214552615167942.mp3 :-72.337044 77.796029 -0.871675 22.874988 7.804859 7.700830 1.205867 6.151829 -4.647091 7.336758 -7.137511 3.080937 -7.811239 4.091317 -5.620360 2.956254 -3.339135 0.898976 0.307401 0.467814 -7.755990 -4.791682 -4.869629 0.693297 -0.764386 -0.784258 -5.553334 -3.053641 -5.760273 2.479752 -6.445162 -1.313683 -4.949888 2.197338 -1.425217 4.976588 -1.292129 3.241064 -5.202918 -2.024494 
2606554233235827103.mp3 :-120.700269 110.942693 -14.593558 21.314273 -0.034442 3.873663 6.172997 3.751092 -3.800609 7.090670 -7.883677 4.717666 -1.054340 1.561166 -4.959542 -0.952266 -4.744156 5.284321 -0.600465 3.396479 -4.976268 -1.267948 -3.318710 3.428817 -0.411460 3.753185 -1.180430 0.807584 -1.904937 1.190764 -1.919592 0.148053 -2.973526 0.181733 -2.789107 0.610776 -2.186950 0.306043 -4.013955 -0.541687 
2638447927100988725.mp3 :-210.099559 99.582279 26.583364 29.720725 6.140361 4.130376 -2.728643 -0.688837 -12.282750 3.956166 -18.104339 -4.390897 -9.532399 -4.823163 -4.079143 -1.604199 0.037254 5.725871 -5.158853 2.713892 -5.736659 -0.270014 1.821871 3.473552 -3.870383 -1.002980 -7.237192 -0.144161 0.913656 1.814237 -5.766557 -2.585880 0.218094 6.425763 0.588377 1.446960 -2.943443 -1.153591 -8.078119 -5.328804 
2678460750047320737.mp3 :-56.332859 94.360604 -9.213463 21.446050 -1.145668 2.726593 -2.744211 2.129167 -11.901648 -1.136603 -6.882449 -7.012452 -4.517447 -1.022785 -10.421920 2.555339 -7.502338 0.049287 -3.875222 0.250866 -7.424023 -1.018659 -4.572845 1.898341 -1.597632 -0.443447 -5.226962 2.134450 -6.586268 -1.484475 -4.635317 1.487073 -2.232926 5.078469 -2.476907 1.278273 -3.413054 0.813075 -2.837180 1.418550 
2662310262618447160.mp3 :-102.853549 104.129705 7.701409 20.400896 0.324411 0.808172 -2.645098 -1.563130 -14.509175 1.169252 -7.116630 -2.554388 -7.458422 -3.016231 -11.636308 -5.772049 -10.472396 -7.238089 -10.346331 -3.099366 -3.077633 -2.082463 -8.932540 -3.481892 -5.700114 -0.651770 -3.666374 0.783610 -3.133979 1.686268 -9.348189 -6.201941 -5.758669 -0.975942 -3.995863 0.728155 -2.988682 2.178949 -3.701383 -0.871470 
2680372512652375004.mp3 :-50.194628 96.711060 1.798245 12.945318 4.879881 4.051983 12.228772 -1.763239 1.144886 3.751608 -12.080471 1.948177 -6.113093 1.713952 -6.231927 -1.264801 -4.070462 2.664241 -7.080680 -5.433953 -6.484721 2.363646 1.346249 2.697036 -4.615624 1.606904 -5.844965 -0.869382 -9.534220 -5.386727 -0.584266 6.980831 -1.822009 -3.009661 -9.569229 -4.925151 -5.043384 1.021520 -5.661198 -2.259565 
2602223855405058183.mp3 :-92.108264 55.937833 19.402675 22.957859 0.405146 4.096783 -2.483424 0.505480 -5.257182 8.004956 -4.074652 3.373385 -5.154319 3.281077 -1.953402 2.910160 -2.300610 2.694207 -6.564789 0.531886 -4.561956 1.053760 -7.415398 1.672780 -6.497633 1.024580 -2.047350 2.555715 -2.529315 2.297021 -0.823961 2.573589 -2.194329 1.004929 -3.694048 0.983225 -4.696874 1.006350 -1.219503 1.365262 
2612020107040272303.mp3 :-37.490757 74.408961 14.890381 22.630812 5.829135 8.272560 4.697495 6.972549 -2.725119 11.646394 -3.643808 3.060458 -0.475389 0.638011 -2.226274 4.207725 -1.363384 5.277964 1.454631 3.378464 0.341081 4.088326 -2.043479 2.089210 -4.403702 2.517145 -4.207586 2.646161 0.660649 3.106822 -4.648847 0.150530 -2.075565 2.676769 -1.481358 1.252167 -3.191531 1.146278 -4.796311 -0.900243 
2650740819882521609.mp3 :-159.496301 85.699477 8.456855 27.603887 2.775247 9.489934 4.088423 0.508793 -6.494714 1.865808 -1.541829 1.857085 -2.528490 3.616160 -2.417251 5.308920 -1.747580 0.450136 -2.917153 -2.143838 4.828600 -1.669426 -5.068369 -2.467782 -4.779699 1.295717 -4.597629 7.858124 -0.765724 0.732890 -7.466378 1.181380 0.475222 3.565308 -1.936316 -0.832754 -1.894362 -3.731850 -2.960710 2.404852 
2695212828639993772.mp3 :-92.323050 75.077233 24.321912 28.832445 14.736052 8.837271 -2.588424 5.548846 -9.943020 5.938942 -7.667446 1.940586 -8.105549 1.107489 -5.632173 -0.660183 -1.596309 2.630581 -8.247310 -4.572062 -5.453553 -3.271853 2.039939 5.788862 -0.862465 1.024590 -7.151918 -2.451920 -1.841686 5.762480 -1.075372 0.173493 -4.013118 5.193324 -0.071062 2.814209 -1.012544 0.742760 -3.555704 -3.380885 
2599706453145212543.mp3 :-95.182442 89.143482 24.010574 22.627018 -1.608890 10.389342 -0.195407 2.048586 -6.925527 3.120684 -7.267879 2.127408 -8.442716 0.936803 -2.701542 0.854976 1.431701 3.491334 -0.606002 3.707227 0.859424 1.731934 -4.124120 2.285272 -3.697514 2.464200 -2.503414 4.348337 -1.196201 -1.543916 -6.244339 0.662901 -4.818435 -0.793311 -5.735359 -2.752099 -5.103680 0.628985 -2.752542 1.813819 
266692832618592790.mp3 :-108.585067 104.009681 25.105801 13.142843 7.173385 0.749115 9.143392 1.400370 -5.483761 3.143648 -6.838366 -0.021761 -9.098818 0.968846 -4.294663 -2.396005 -5.831109 1.221435 -2.597371 1.637608 -2.817057 2.672255 -1.640072 5.435931 -2.446539 5.609141 1.060715 4.734584 -0.651375 2.870640 -0.142262 4.699756 -0.421419 1.215878 -5.418541 -0.102744 -3.863449 0.219918 -1.296453 2.676952 
2595675363209663992.mp3 :-85.705441 61.616266 5.466645 22.677327 7.790323 7.237754 0.240768 6.259858 -2.544529 6.621858 -3.972693 -1.137663 -0.815305 0.642649 -1.431114 6.857914 -1.733869 4.438255 -0.405972 2.377925 -2.852717 3.265208 -4.871810 3.065351 -1.951219 2.095091 -2.054102 1.348890 -4.372691 6.656245 -0.078747 0.184380 -4.348221 1.709549 -1.312277 1.905340 -1.158408 2.562965 -3.608327 -1.113052 
2596320125770719426.mp3 :-141.259219 68.597630 23.233426 38.586164 -0.672305 7.311648 -1.947705 10.174416 -10.134695 3.137256 -1.442483 -5.106954 -2.032686 2.151419 -8.188783 2.506551 -6.319682 -2.340278 -7.548592 -1.489687 -5.966656 0.497489 -3.595591 -0.420511 -6.779817 2.212123 -5.928012 1.413549 -1.994323 1.414806 1.777619 6.040872 0.239818 0.949605 -5.713405 -4.128384 -7.356741 -1.470558 -2.179048 1.497949 
2650265002369910526.mp3 :-110.167616 89.832424 28.983992 30.978708 13.687480 9.202318 3.101804 6.343073 -1.784435 4.108240 -4.422767 -3.000255 -7.013280 -2.820285 -2.907303 -0.060132 -2.074778 2.537962 -4.676208 3.710115 -3.935881 4.552350 -1.955908 1.556021 -7.453182 -1.494275 -7.548307 2.619323 1.155236 0.340538 -5.471073 -0.540523 -1.844961 2.755576 -3.301937 0.051263 -5.333436 -1.716840 -7.346876 -2.050193 
2685472480196216415.mp3 :-188.145738 96.879803 30.904019 15.261194 10.661535 -1.272274 -4.389322 -2.749113 -12.713672 -1.450559 -9.679622 -8.623318 -7.702582 -3.732382 -8.910025 -2.881620 -9.372897 -3.553849 -9.196202 -6.617402 -6.600318 -5.225181 -5.382685 1.022027 -4.832733 -1.702089 -4.985365 -3.570226 -4.254938 2.952594 -4.873435 -1.541589 -3.585438 2.580593 0.335504 2.755727 -3.050585 0.989298 -5.424618 -3.756999 
2648788748569818740.mp3 :-62.778017 87.449614 -28.317342 37.074014 -0.512877 6.426970 0.803248 11.786551 -5.112994 7.492180 0.786779 8.088454 -2.187229 2.228309 -1.820710 4.391830 -5.530123 -2.504803 -7.678958 -2.578340 -4.382348 1.097572 -3.921749 -0.138109 -6.076658 -1.035203 -3.416668 -1.685530 -5.973184 -1.290824 -3.348734 2.278445 -1.919070 1.139191 -4.154891 -3.017203 -4.265860 -0.078864 -3.082662 -0.030569 
2610970809829116486.mp3 :-130.268530 98.608665 29.688185 21.274585 12.300000 6.162626 -5.752509 2.285109 -11.031686 2.678472 -6.957940 -6.506171 -1.786566 -4.207725 -5.489125 -2.186953 -7.788927 -2.698032 -3.708963 1.251392 -2.493371 -6.194928 -6.894607 -0.194543 -2.249129 1.632392 -3.062305 1.435872 -7.832996 -1.959012 0.830303 2.451663 -2.603604 -0.551886 -3.792834 0.367270 -1.427234 3.100289 -1.846126 -1.304095 
2662997385270667279.mp3 :-51.476770 67.701411 23.474637 33.948930 4.699312 10.044212 1.745477 10.401495 -4.384360 9.218223 -0.998598 5.549418 0.160901 3.033194 -4.521486 0.297963 -4.864623 -3.411231 -4.240092 -2.254453 -4.540511 1.932675 -7.687134 0.545379 -2.276481 2.737091 -4.101558 6.387565 -0.577472 6.655758 -5.737790 -2.649376 -4.830475 1.450862 -1.922199 0.682930 -3.552110 1.265951 -3.186923 -0.741442 
2606775368775513102.mp3 :-180.310389 102.062505 18.042102 32.663259 3.000840 -0.060868 17.172145 -21.795148 -18.696373 -6.142552 -21.503704 0.996723 -11.447563 -9.693325 -10.741058 -12.542680 -7.941921 -1.040050 -12.622017 -3.701919 -6.996945 -2.899185 -4.446011 -2.142691 -4.111651 3.232111 -8.408955 0.578892 -11.030374 -7.668614 -10.770350 -6.018297 -2.153220 3.476891 -3.825403 -0.855603 -4.126539 -1.509911 -7.117504 0.927455 
259844023177911892.mp3 :-186.872581 104.314903 41.651060 31.681080 2.833973 9.710539 0.450863 -1.410934 4.470942 3.317195 -5.555797 -1.566730 -9.058362 0.423831 -11.718600 0.459505 -7.655251 2.597052 -0.692453 2.459991 -2.069534 4.827694 -1.174466 4.482771 1.056539 2.349706 -4.685487 2.269852 -5.005123 -4.407071 -9.871672 -5.058011 -3.677334 2.627280 -2.868502 0.941577 -5.835676 -2.074170 -4.812893 -1.392380 
266887856716528776.mp3 :-324.828220 85.289932 17.541511 30.860515 5.799467 12.120287 11.707667 6.364689 4.363122 5.784840 -3.593874 5.236474 3.108581 7.220246 7.169813 8.613304 5.433327 8.521081 1.339166 7.057241 3.147238 4.532535 0.012699 1.014126 -3.268794 -3.429570 -3.631026 -1.039812 -5.598208 -4.979439 -5.753631 0.230813 -5.441960 -5.416396 -5.483792 -5.079711 -5.968393 -1.797347 -1.427841 -1.389378 
2658548536503318119.mp3 :-126.450033 77.940780 31.026084 22.919805 6.852199 6.941041 3.694339 1.447894 -3.134834 2.472094 -9.060628 -1.063327 -5.088410 7.479421 3.004084 7.997004 -0.818031 5.558208 -0.516354 2.926347 -3.187794 2.973104 -0.684742 4.096584 -1.123718 4.967022 -3.402917 4.852412 1.890359 5.020599 -1.576577 0.673675 -2.332399 3.267877 -1.861517 0.703509 -4.136449 0.841014 -4.370186 -0.671131 
2600740108867556954.mp3 :-211.511110 111.445825 8.353756 16.540854 16.172858 9.367462 0.952694 0.338065 -11.279581 2.257086 -5.866117 2.678823 -3.929201 1.279180 -0.418423 0.528135 -2.427388 1.333584 -2.353594 4.220093 -5.090481 6.220531 -4.028419 2.750798 0.485180 2.036464 -0.708032 5.360023 -4.321287 -3.745323 -1.691338 5.200469 -3.340715 -1.586598 -5.113995 -2.288278 -3.792086 -1.788600 -0.897668 1.797108 
263646888005502397.mp3 :-52.166802 93.686864 9.590838 20.269547 3.431615 14.720385 -2.409808 5.838712 -3.842911 7.225196 -2.629104 3.100437 -4.108408 3.937490 -2.622888 1.288760 -3.943265 -0.090353 -3.941824 2.771923 -1.205035 1.108770 -2.990029 4.543826 0.283406 6.342095 0.744048 3.936495 -0.873316 3.284959 0.099888 2.240756 -2.839223 0.105513 -3.306358 1.843651 -0.843657 5.415283 0.675691 2.050500 
2687269630130719308.mp3 :-141.637144 83.085478 29.812145 28.305359 -0.691843 13.582665 5.792874 8.319117 -4.352765 12.441944 -4.730526 2.079687 -0.543719 1.314493 -0.752918 2.406732 -3.681303 1.198993 -1.962646 4.584937 1.331389 7.957551 -0.111873 4.849178 -4.177676 4.253774 -0.098609 7.525468 2.386322 5.894189 1.859301 3.836851 -5.865537 -3.079514 -7.394952 -2.459947 -4.263760 1.606218 -0.467817 1.526206 
2655593759209982788.mp3 :-270.001192 134.520376 28.019644 23.969713 14.709578 8.582734 5.735813 6.144939 -3.875799 -4.883547 -10.760995 -1.077764 1.835677 3.025433 3.781620 1.334556 -5.427659 -3.622990 -5.053201 0.341909 -1.288003 5.789031 3.250018 0.877536 -0.124236 1.076032 1.848766 5.704113 -1.105028 1.012405 -2.529221 6.300813 -0.508379 1.116949 -7.209364 -6.462978 -6.482317 -2.644465 -0.438958 -1.083653 
2649184048257146436.mp3 :-178.237413 126.775725 -14.539916 7.656096 -2.962248 -11.295621 -11.270934 3.870942 -19.888923 -0.875536 -4.824199 -8.072507 -5.135575 -3.567285 -7.810606 -0.986395 -5.519312 -3.621702 -5.434160 -5.704262 -7.403018 -5.713891 -6.598384 -0.487948 -3.135084 0.158510 -5.217522 -1.544460 -3.340443 1.825336 -0.926361 -2.003510 -2.564485 0.185975 -0.861008 0.884237 -0.157067 0.592127 -4.563789 -2.820241 
2624218539891525510.mp3 :-126.189099 109.159349 14.430102 22.218787 6.334341 4.965778 -4.102982 4.013458 -14.262360 -4.549541 -8.052966 -3.703892 -0.533828 -0.749961 -4.592496 3.417461 -9.261917 -3.602699 -4.665851 -3.500833 -4.244823 1.285286 -2.976367 0.606474 -5.803791 3.984689 -2.707532 6.487350 -1.677367 -2.653538 -2.338891 4.676226 2.058165 -1.872624 -9.017837 -4.199099 -11.394168 -3.328096 -4.678839 2.189337 
26013044891913803.mp3 :-132.935487 66.635896 14.148252 30.749005 -2.305431 16.388045 2.086447 9.183739 0.079109 1.754187 -3.325608 7.624552 -3.262811 6.505138 -1.908815 4.176421 -1.696471 6.392109 2.218946 6.719193 -4.269246 -1.214752 -0.466240 4.569670 0.927514 5.953610 -1.610413 5.428599 1.159379 4.040468 -3.994870 0.967552 1.477400 3.228252 -2.398074 0.458495 -3.266495 2.040974 -3.005612 0.043121 
2658362098379232811.mp3 :-192.963529 96.225352 -2.083507 33.988895 -0.315434 6.583736 1.612911 0.317317 -7.269943 3.951369 -14.565495 4.789999 -12.152138 8.059726 1.134424 1.788653 3.630574 -0.967694 -6.051869 2.601780 -2.742243 7.295829 2.144180 -4.024023 -5.944504 -3.430303 -0.313033 11.892544 1.031365 -2.385122 -3.364675 4.198919 2.612206 -2.584461 -7.336449 -5.385078 -10.208212 -4.750135 -4.627723 1.104937 
2639653596327375598.mp3 :-100.000546 90.492057 5.459432 18.112555 -4.898285 1.864517 2.976440 -1.001933 -0.232750 2.039829 -1.553291 4.751061 -1.567647 2.076184 -1.611802 1.600839 -3.252967 4.101413 -1.502266 8.304389 0.648462 0.675787 -2.008535 2.720016 -0.169929 5.693547 -1.651964 2.000999 -4.427376 -0.396137 0.131957 2.579284 -3.422416 -0.756211 -3.720913 1.893302 -2.378548 2.056407 1.212973 4.452421 
2677786582394785540.mp3 :-120.316886 83.539415 -0.575488 28.012309 -5.328521 10.585085 -0.345927 1.157794 -4.028394 11.898383 -5.355384 -1.240819 -5.881126 -2.450920 -5.910486 -0.798984 -4.809965 1.057044 -0.266561 2.489222 -2.546190 -0.671719 -7.018931 3.341803 -2.878012 5.091603 -5.351685 0.450961 -1.851539 1.315573 -3.247673 -2.332425 -7.109663 -0.225264 -2.202625 1.394329 -0.806689 2.802288 -4.958588 -1.110932 
2609654863395702050.mp3 :-126.742633 76.510049 1.782205 30.232122 13.604427 2.536120 12.120786 -1.281123 -3.236749 19.910215 1.330948 8.769735 3.313610 1.206641 -11.227426 2.029843 1.493575 0.479620 -13.252019 0.702501 5.634593 7.510602 -4.302263 -4.223549 -6.331927 -0.087133 -7.777557 4.180645 -0.820047 -2.267131 -0.691728 9.301020 -1.715176 -0.384787 -6.286144 -4.483241 -6.250148 -0.036816 -1.930095 3.486832 
260803571867276008.mp3 :-210.155243 90.666717 14.347620 39.086293 18.979483 7.047477 -7.212927 0.548983 -10.562707 -2.876603 -4.434547 -6.280373 -10.242788 -3.393934 -6.858622 4.048954 -0.623648 3.504685 -4.845031 1.107327 -4.908076 1.481166 -4.424441 1.773077 -0.280064 3.611723 -2.182992 3.241123 -6.493120 -0.683804 2.356038 6.171490 -2.962587 1.699719 -0.480644 1.343470 -0.384854 2.824521 -2.815890 0.268423 
2647820527343358736.mp3 :-136.709901 128.564412 -4.868149 27.404701 8.706560 -7.781796 -2.221066 6.939650 -22.048384 6.702222 -8.983187 -6.486255 -0.964157 -4.232158 -8.103635 0.723381 -8.392086 -3.578167 -4.922713 -6.204401 -4.430666 1.665614 -6.011169 -6.351894 -5.471052 -3.802601 -5.809994 5.994423 -2.214221 0.050178 0.160969 1.650132 0.827809 2.869054 -4.065295 -1.429943 -4.174110 -0.089617 -4.618828 2.879419 
2649616315036234695.mp3 :-45.273366 65.991514 21.754876 23.968718 6.364002 8.549001 -1.191565 10.171981 -4.608376 5.637831 -9.182000 3.221323 -2.496731 4.155941 -1.487819 1.732390 -5.228368 0.627332 -3.585010 2.083049 -3.797048 0.325124 -6.209507 1.707585 -1.328834 4.033971 -1.530247 1.250342 -2.619638 5.975894 -3.649491 -2.937093 -5.949843 -0.414832 -0.936055 3.397146 0.299598 1.701557 -2.985560 1.643610 
2679589414555572243.mp3 :-84.653425 95.541900 34.172272 27.839752 11.515725 5.520918 -1.568181 6.891495 -7.854669 8.407825 -0.729585 -2.444645 -3.401372 3.558556 -3.709255 1.393951 -1.092922 2.443469 -3.488804 2.243505 -4.250838 1.392869 -2.834186 0.589822 -4.946596 2.364440 -3.699758 1.957464 -3.798817 -0.627660 -3.503839 3.022505 -0.068347 4.224658 -1.787929 1.350899 -4.850909 -0.403516 -2.931305 1.770913 
