6934929835099084456.mp3 :-87.308572 87.016376 12.445292 35.758200 0.243761 9.358525 3.904121 1.487771 5.078720 0.713507 2.231069 8.312976 2.148228 6.479109 0.034669 8.859260 -5.212080 5.254357 -5.232616 1.123811 -4.023865 1.687709 3.842364 3.937155 -1.421805 0.743330 -4.986766 1.012138 -3.852351 3.320960 -5.635790 -0.188527 -0.782645 5.438656 -1.954050 -0.028228 -6.681868 -3.639861 -7.165397 -0.403263 
6898587495609237499.mp3 :-138.413008 100.751197 4.520841 21.058189 2.597852 -3.074982 1.518775 -2.714207 -8.531444 8.343380 -13.015568 -1.768013 -6.160109 -2.914867 -6.389689 -2.205722 -5.285319 4.502085 -5.724543 -0.081046 -4.130010 1.093531 -1.037351 1.797568 -5.325405 -1.438953 -9.175009 -2.246005 -2.209922 3.620406 -2.697298 -2.162544 -4.907560 2.252263 -2.151765 1.580867 -3.652734 -1.867389 -6.779942 -2.924956 
6893872389796320827.mp3 :-110.357182 113.291048 8.764247 28.745964 12.074616 12.052796 11.444925 10.110339 2.245177 12.699626 -4.875438 3.349896 -1.914169 -2.613913 -2.294736 1.938981 -7.151295 3.680260 -5.817705 3.216024 -0.224413 0.407072 -4.714603 1.220844 -5.304645 0.441676 -1.037811 3.865150 3.077577 3.480037 -5.025810 -1.270806 -3.955594 2.140534 -0.351064 1.174901 -1.021497 2.582039 -1.382001 2.201014 
6948767080264575107.mp3 :-194.734944 134.204278 20.060034 15.288251 11.893112 -0.145157 -2.760655 -3.359631 -8.732267 2.100087 -10.021585 -0.418441 -3.945787 -2.281956 -6.569163 -4.653730 -3.862129 -3.644474 -7.829784 -2.400869 -4.083492 1.112145 -1.850689 -2.853930 -3.625438 0.017616 -2.100965 2.656717 -2.594941 -3.094203 -4.673754 2.402782 -0.092029 0.429378 -5.753517 -5.391847 -5.734178 -1.552804 -5.391207 -3.640017 
692950298824930332.mp3 :-28.669203 71.373637 3.618227 17.949954 1.442127 3.416961 -1.714743 1.973436 -8.171344 3.821636 -4.761548 1.230027 -4.468645 -1.048120 -6.695813 0.745305 -4.711279 -0.288001 -4.104300 -1.776564 -4.236942 2.260940 -4.151785 1.282677 -4.922865 0.003386 -6.547220 -0.094975 -4.931512 3.437988 -3.349018 -0.591956 -3.821687 1.308407 -3.549377 1.584463 -2.762541 0.987917 -2.139331 -0.165980 
6948177271138562225.mp3 :-223.052297 138.828466 -2.225368 14.728823 13.665139 2.557772 -5.281620 1.622244 -11.325553 0.560875 -13.148425 -2.639538 -5.064960 -5.027576 -5.167357 -1.211087 -1.881715 3.088222 -0.772349 7.512420 -3.813233 4.224549 -2.955181 4.433997 0.751842 1.696482 -2.290568 -5.154272 -3.013172 3.080570 0.606295 3.120059 -4.919563 2.495882 -0.468801 2.255681 0.732800 0.889638 0.334943 -3.343005 
6932216097605276298.mp3 :-30.168932 82.396799 -9.586222 22.459991 7.267359 1.411296 0.352069 7.864272 -17.566726 1.081047 5.158685 -6.955119 5.484787 -2.396315 -12.161885 1.415675 -10.254591 -2.711082 -4.668945 -4.818711 -9.130974 1.973481 -5.661510 -7.045864 -5.140568 0.579942 -9.263764 6.651990 -1.028583 -1.501704 -3.179011 2.653878 -5.766829 1.234558 -4.225369 -2.012851 -4.850225 1.336621 -1.556313 2.577159 
691659098577839543.mp3 :-170.909231 84.332906 -2.955993 30.612632 3.897905 5.156842 1.330951 3.390732 -13.348073 -1.300351 -5.356776 -5.141246 -3.916064 -0.912794 -10.530624 -4.464248 -9.551117 -1.618217 -5.241888 -2.749510 -9.746788 -1.534462 -7.264016 -2.188654 -4.000679 -0.448234 -7.713219 -2.234980 -3.335850 2.270814 -1.709656 0.899192 -2.976027 3.912240 -1.720255 2.451742 -2.215069 0.842111 -4.019232 -1.445366 
6915688927069477428.mp3 :-95.586939 46.876847 -14.470773 6.464092 -12.391694 1.205449 -1.107015 -2.346813 -12.910496 0.328025 -16.932075 4.117051 -13.397450 -0.056595 -1.010193 10.296577 6.883406 11.598321 2.253852 -6.109269 -5.688331 -1.032445 4.426302 4.393419 -0.995920 0.980839 -7.144315 -1.535308 -8.916610 0.595883 1.810890 3.365004 -5.121373 -0.413111 -1.218710 2.180724 -7.310902 -3.784397 -6.418446 0.374150 
6866575953765459663.mp3 :-122.722494 109.760849 4.219062 21.747015 2.341658 7.494242 -0.785719 1.621563 -6.647173 -0.485109 -5.944725 -5.142377 -10.403083 -6.467133 -7.968726 -0.141291 -5.364161 -1.282903 -5.442607 -2.114433 -7.185867 -1.471106 -3.297944 0.927446 -2.634848 -1.260465 -5.184910 -2.345157 -3.712696 -1.065530 -9.597114 -6.234588 -2.439357 1.993355 -1.494800 0.637193 -4.491715 -0.908407 -6.593573 -1.292483 
6943386867907351672.mp3 :-87.668525 95.699540 10.297917 23.380428 2.793045 11.412372 3.850202 4.173865 -2.118927 10.008879 -4.174060 0.860057 -8.194698 0.404712 -4.175082 3.175345 -0.124246 5.519704 0.590215 2.266377 -5.201780 -1.315599 -0.078527 2.163842 -2.648578 3.307292 -3.653569 1.207431 -3.195631 -2.845247 -5.914474 2.472601 -1.248678 3.425185 -1.224615 3.814315 -2.395410 1.485085 -3.624819 -1.060898 
694449635414082601.mp3 :-219.221738 120.978007 27.812667 28.217517 6.096890 -3.548792 5.369676 -7.770056 -5.032559 1.172771 -13.830902 -1.094730 -10.986835 -1.206599 -9.472986 -1.716768 -9.617872 -0.311072 -6.257024 -3.220320 -10.160305 0.126386 -1.545005 0.193814 -4.309950 -0.529767 -7.091783 -2.412078 -4.985336 1.471353 0.345508 1.517774 -4.070861 0.580691 -1.470145 2.767596 -2.767711 1.403451 -5.686723 -0.680485 
6912435224773495638.mp3 :-209.722490 125.651700 12.727795 11.380969 7.287718 -9.836278 -7.704269 -0.993520 -12.583338 0.706979 -10.002061 -7.532809 -11.751098 -5.343610 -10.502670 -3.629593 -8.355550 -7.433488 -8.105242 -3.260635 -4.372611 -0.951080 -3.342291 -3.331977 -5.424593 -0.122459 -3.014429 -0.371601 -5.028055 -1.058120 -2.637105 4.385728 -1.975469 0.187979 -4.645577 -2.189641 -2.536435 0.476552 -2.944265 0.410701 
6890617616874930076.mp3 :-87.732985 71.963920 37.865664 31.687894 14.480734 9.431650 1.454438 3.629639 -4.220341 0.191464 -7.138079 -2.660204 -2.897430 -0.833867 -4.685872 -3.685992 -2.824992 2.525068 -4.618426 9.895856 -1.309747 5.174619 -1.657091 0.061964 -6.148224 2.045521 -4.725630 6.700343 0.855402 -2.427206 -7.953789 0.966819 0.726227 1.686892 -5.410696 0.247617 -4.936143 -0.798715 -6.763927 0.632252 
6885447291159670997.mp3 :-81.649493 87.403149 18.397195 31.661958 9.220708 6.233118 2.884136 7.972794 -9.586428 8.292763 -2.139217 0.870791 -1.496968 2.190664 -1.959054 2.445994 -3.121036 -0.840879 -4.394977 -0.366387 -1.535769 -1.828451 -6.696339 0.836584 -4.283081 2.113169 -2.721098 3.730741 -1.453665 0.185067 -7.519914 -0.313940 -3.863355 1.821170 -5.088350 -0.078954 -3.479334 0.244358 -2.866729 1.327233 
6895036638182858884.mp3 :-101.718526 64.692633 31.933716 16.442811 11.812713 8.538923 3.109055 9.571178 -6.231168 3.587134 -8.488748 5.581036 -1.210208 1.610288 -1.472125 6.406841 4.129077 11.969938 6.629774 15.171479 3.295930 4.785188 -0.565983 5.337526 2.308951 7.743392 -1.252416 0.028152 -5.696324 0.679819 1.062346 5.979994 -2.077053 4.866030 1.041957 0.562887 -8.726149 -2.319465 -0.316375 0.701534 
6872811838672269980.mp3 :-129.514528 35.996293 43.847322 34.075413 7.614171 11.721519 -1.973244 3.513818 -14.075717 0.715076 -7.903654 -3.708064 -8.086312 -5.081914 -9.884334 -2.351783 -12.541744 -4.415818 -10.866409 -4.548912 -10.353640 -0.163562 -8.906840 0.158912 -8.088606 -4.697853 -5.780423 -1.522104 -7.500936 2.891215 -0.105888 1.813224 -3.675907 0.242646 -4.008831 1.195845 -2.913303 0.766530 -3.590148 1.171057 
688670508314628374.mp3 :-167.937893 112.506052 12.342802 20.406994 15.521381 0.730402 -4.511165 -7.737560 -7.905742 6.356296 -10.249655 -0.808872 -5.410351 -2.552238 -9.178224 -3.919764 -3.961338 0.497023 -3.721904 7.006370 2.928335 5.248655 -2.473444 2.574325 -3.808335 1.721253 -2.751449 2.363808 -1.199821 -1.092009 -8.160291 0.642368 0.971207 3.996015 -2.926512 2.181647 -0.899292 -0.574119 -5.110487 1.682379 
6909242844860505534.mp3 :-73.370530 109.684344 5.241307 27.909422 -2.074880 9.511033 -7.294958 7.416242 -9.971590 1.683636 -1.833410 -0.486448 -2.279366 2.071240 -3.189714 5.942016 -7.817175 2.983981 -3.072099 -0.327489 -2.474687 1.342056 -1.432497 2.898207 0.207756 1.540890 -2.886334 3.789953 -0.205879 3.725264 -0.368408 2.154389 -1.419628 3.469974 -2.330560 2.120003 -2.755022 0.171563 -4.099243 -1.548829 
6947757060340790318.mp3 :-62.888863 86.682552 -6.885701 16.228008 -0.965601 3.345436 -1.856851 0.640949 -5.946496 7.218173 -3.801331 2.701297 -0.935676 1.934299 -0.778063 2.414364 -3.458605 2.488020 -4.626954 1.620688 -3.373229 1.860815 -2.708515 3.668756 -2.482837 2.843646 -0.415381 4.704361 -1.012394 1.312882 -6.216999 0.282470 -0.380980 3.893344 -2.854252 1.292215 -2.479666 -0.453311 -2.251688 -2.687030 
6912984282750905341.mp3 :-90.994202 74.409111 11.510732 34.419910 9.312725 10.279311 -0.606627 6.974002 -3.027044 12.200843 -4.342059 4.562784 -9.782412 0.919334 -7.573368 0.931200 -4.156857 6.416704 1.009988 5.073182 -1.768390 -4.286950 -2.673870 -1.203224 -5.771088 3.133421 -2.988551 3.281038 -4.285750 -2.836781 -6.257031 2.503658 2.192228 4.279786 -2.633580 0.172770 -4.935099 -2.411478 -3.155096 3.234748 
6948120089047350110.mp3 :-345.111055 142.993547 25.692784 26.445682 21.281966 8.430994 -0.579634 -4.353941 -8.659014 -6.508891 -18.089736 -11.058293 -16.580189 -6.928099 -12.428759 -13.818308 -13.679389 -4.247394 -3.380771 -4.187084 -7.921268 -6.674133 -10.229016 -4.869296 -2.320305 2.075032 -3.967773 -10.013862 -8.479910 -1.222213 1.999182 3.254539 0.121481 -8.292076 -5.638589 0.410621 -4.347284 0.101457 -0.136671 2.459209 
6866346848685144952.mp3 :-199.611369 125.089997 20.690027 26.352267 15.036877 3.516660 0.585212 4.789677 -12.197475 3.606948 -4.211063 -0.324574 -2.361206 0.568775 -6.254766 -5.919158 -3.219845 0.788237 -0.424263 -0.530937 -5.349836 -1.001590 -0.612735 4.291530 1.645190 5.572861 1.337600 1.023959 -3.611560 -0.418983 -4.504448 -7.283953 -10.103197 -3.197997 -0.703412 5.877439 2.943900 0.393272 -3.303382 -2.776906 
691974824618324784.mp3 :-101.475405 82.857062 31.384654 25.387250 0.928016 13.410823 -2.910984 4.274139 0.187127 5.137102 -7.900304 1.058038 -5.930545 3.936398 -0.683436 2.676207 1.320930 4.638983 -2.459095 -3.603127 -6.169413 2.335707 -1.579628 3.698010 -2.576983 -0.646825 -4.345594 2.148467 -1.039508 1.688109 -7.807830 3.224570 1.756377 6.111402 0.728658 2.238787 -4.925920 -4.926163 -5.559899 -0.863813 
6901338324542029291.mp3 :-141.521689 98.140468 37.620145 17.384972 8.213502 -4.183424 6.968514 -12.285680 -4.352587 1.910862 -15.244767 0.593781 -11.025888 -2.415762 -8.866964 -0.784701 -3.590300 4.823034 0.205778 2.214354 -8.608765 -7.116417 -9.765988 0.719401 -4.795665 4.138364 -5.467721 -3.527690 -10.936825 -3.092354 -0.400408 0.555008 -5.749753 0.436701 -1.014794 3.157670 -0.898624 3.851709 -2.333248 -1.817869 
6892713191636580021.mp3 :-99.012667 73.951542 9.811213 33.825163 11.977232 5.098081 10.253652 10.852367 -6.394805 8.171452 -0.516428 4.525579 -6.814369 2.712570 -4.412427 -0.624964 -3.460645 2.877119 -3.104042 1.476445 -6.259276 1.512397 -6.852892 -1.972446 -3.923986 2.087189 -0.976122 7.170117 0.863670 -3.024869 -6.091644 2.359861 -3.525151 -1.418197 -5.107386 -3.347861 -5.207201 -0.090498 -1.886223 2.538373 
6917308796282332213.mp3 :-73.765625 76.635916 24.433786 17.503561 5.600951 7.355649 2.110090 8.204758 -6.741043 5.858250 0.378452 -1.269189 -2.752615 0.342313 -6.620445 -0.405318 -7.057989 -0.985183 -6.683112 -1.388807 -4.376402 3.104126 -4.352788 3.026987 -4.409995 0.177804 -7.119945 -2.178207 -6.939321 2.796790 0.898724 3.660177 -3.290821 0.366489 -3.235756 0.488922 -4.143376 -0.428334 -2.744330 2.148949 
6934005530477506826.mp3 :-126.683700 89.119401 10.288850 21.091509 -3.249689 14.760842 -5.053811 -1.769029 -3.851702 -2.290618 -7.679918 -2.359200 -6.748972 -2.230177 -1.761304 2.415220 -0.983402 2.931816 -0.396174 -1.711607 -7.766057 0.582710 -2.078346 2.435908 -3.834116 -0.979097 -5.211102 -2.451640 -5.550418 2.889694 -0.221513 -1.694554 -5.537980 -1.015959 -3.028841 -1.513509 -2.811201 0.401888 -5.906879 -4.204511 
6870449911798378284.mp3 :-214.395732 116.113179 -15.699528 24.481922 13.366397 -1.014059 2.519715 4.678129 -12.940685 4.149961 -10.830435 -5.869760 -4.144106 -8.871440 -7.541847 -5.872419 -7.463172 -4.274947 -8.514787 -7.243568 -10.260429 -4.878563 -10.373310 0.243257 -1.500875 -0.484945 -3.850092 -3.064353 -8.021676 0.176318 -3.440644 -1.742771 -6.756048 -2.953804 -2.596868 3.213353 2.745429 0.196121 -3.040088 -2.579008 
6943660429113413684.mp3 :-125.096048 78.546993 16.441105 27.918247 15.569954 14.044248 0.683881 6.850861 -0.636281 8.318695 -8.798285 -0.111992 -5.357345 -1.643148 -2.569312 3.248578 -0.951951 0.501244 -3.069876 -1.160930 -6.432507 1.260715 -7.193188 -0.034726 -2.604464 -0.557498 -4.673007 -0.818074 -3.747876 3.232563 -0.771907 0.681794 -5.877932 0.659153 -3.123393 1.925269 -2.516630 1.641471 -4.179116 -2.814174 
691562017650072638.mp3 :-137.253094 120.597494 18.065683 17.250548 10.987497 3.091007 -0.691339 9.973007 -12.291820 1.329815 -2.702101 0.183922 -4.062641 -1.507144 -8.009870 -2.066235 -6.136537 -4.157510 -5.247092 -3.821556 -7.984767 1.473075 -4.456411 -3.002779 -4.903904 -1.613557 -5.760505 0.372874 -5.952516 2.449155 1.431526 4.664931 -1.673559 -0.490817 -5.425383 -0.814292 -3.046540 -0.391519 -4.083585 1.323832 
6915032943313562509.mp3 :-101.438464 72.228061 19.182856 17.623844 -2.664669 0.890410 -7.703918 -0.623484 -10.636746 -6.971969 -8.437114 -8.037891 -4.976629 -4.366589 -6.263607 3.436761 -11.017471 0.504307 -7.101730 -1.308750 -7.985770 2.866296 -4.080417 -2.496696 -7.562755 1.481312 -10.667912 1.067254 -8.211050 1.579154 1.701975 2.629571 -1.328783 -2.716596 -4.450863 1.231428 -2.207816 1.654930 -2.379295 -0.396974 
692961259274117672.mp3 :-150.209602 80.734980 39.878553 22.391604 5.197127 4.926063 6.615315 3.004164 -12.351301 10.598471 -15.341004 -0.324517 -1.964897 -3.962636 -4.400491 -0.112117 -1.597113 4.548885 -12.963257 -1.974597 -3.417592 9.215406 10.853198 2.839306 -9.586636 -4.676487 -12.255285 -7.631123 -8.196997 -4.319844 0.457024 6.277832 -3.725674 -0.844480 -6.046408 -1.132618 -10.271324 -5.764147 -8.418723 -3.512843 
6877635781915968674.mp3 :-142.484738 96.329143 15.966738 34.205762 10.241587 7.868456 2.617349 1.099103 -3.128720 2.952512 -9.011535 3.074979 -6.013906 2.921884 -4.953012 -1.407661 -4.280188 0.518293 -4.577460 4.210455 -2.719889 2.301023 1.064782 4.971277 0.496386 5.284477 -3.086008 -0.374683 -5.505928 -0.290664 -0.279538 3.844495 -2.051826 -0.285701 -3.785778 1.568691 -3.174131 -2.039719 -5.016872 1.817753 
6895672804384766440.mp3 :-143.196691 87.128889 1.406152 22.687813 1.851160 9.698751 -1.592915 8.125022 -11.434221 -1.159514 -3.864478 -1.980360 -1.443913 -5.446907 -4.539076 -1.316755 -12.619944 -0.767772 -0.572722 -1.659673 -12.814613 -2.585056 -4.725302 -0.953573 -3.449892 2.486364 -4.246674 -0.455727 -5.423075 -3.359261 -5.946886 0.083407 -3.096100 1.185672 -1.672761 1.757427 -2.241990 0.356398 -3.683599 -1.762067 
68825721838993238.mp3 :-39.715495 64.942151 4.601301 16.024247 3.415839 9.114927 0.139201 8.308105 -1.903449 5.234881 -1.068821 2.450598 -3.726225 4.110201 -3.185392 1.301275 -4.718157 2.748380 -2.501717 1.191108 -5.806252 2.244838 -2.570361 1.829345 -1.469907 2.248454 -2.912469 0.592970 -3.947322 0.104807 -2.962640 4.785001 0.427496 3.155403 -3.933058 -0.987749 -4.536711 1.309367 -2.039326 -0.022968 
6943484210801999056.mp3 :-158.154098 95.084077 21.158537 26.791317 10.286242 3.357322 -1.464744 2.773753 -5.412460 1.822578 -5.548909 2.474265 -3.143623 0.174034 -0.529432 -4.945378 -4.893858 -0.740697 -6.023472 -0.685555 -1.473255 -3.049995 -6.458986 2.763759 -4.670566 2.262073 -0.968343 4.554282 1.089244 -0.543149 -3.146354 1.645930 -1.779801 0.457092 -4.367858 -2.599849 -6.386954 -0.771506 -3.641344 3.930874 
6934956338995653060.mp3 :-108.443111 94.301462 28.213156 29.527641 -0.575594 11.132854 8.184131 2.962131 2.158228 11.346009 -5.318911 3.390534 -3.689633 0.761837 -3.771723 3.392893 -0.046025 6.446851 3.101481 7.782876 0.644507 4.644239 0.328153 0.347026 -1.607594 2.445839 -3.524680 2.685108 -2.829098 2.877906 -1.170508 1.689884 -4.092942 -0.025581 -3.211149 0.639627 -1.592968 1.705765 -1.598571 2.010343 
6945094913552010765.mp3 :-98.971264 86.241033 -11.516298 15.740744 -12.539961 11.234898 -9.287272 -2.564687 -5.054568 2.165793 -4.180744 -0.591370 -3.271829 0.143974 -1.751237 1.925017 -1.998137 2.902885 -0.263716 1.845040 -4.871049 -0.650833 -5.542739 1.369026 -2.880027 3.601649 0.291385 1.275383 -6.187138 -4.018545 -0.989817 2.750971 -5.258796 -5.038609 -10.063430 -2.614994 -4.685116 3.712820 1.181648 4.848238 
6906212583921852778.mp3 :-188.710208 77.950576 10.235648 32.832953 2.888054 8.831816 3.142176 0.442212 -3.090786 6.033791 -7.781371 1.842997 -4.452595 2.727532 -3.260015 -0.470899 -5.558125 3.693870 -2.761600 5.981758 -5.143905 0.741007 -1.197647 0.901429 -2.988629 3.646653 -5.969005 -0.822219 -5.302177 2.466806 -1.865596 0.997487 -4.080648 0.890532 -3.167749 2.717072 -2.320664 0.572086 -2.951801 -0.130658 
6928114049302061976.mp3 :-125.365912 100.868700 26.890355 30.313153 5.177530 9.890378 1.666545 5.190211 -10.311860 0.355005 -5.057621 -0.178313 -4.601836 -5.237622 -4.583209 -0.806617 -6.648705 -1.721880 -6.481259 -2.101562 -6.324073 -0.998597 -4.626311 4.132050 -3.691259 4.021278 -2.974550 3.996353 -2.275243 -4.017352 -6.449759 -0.226642 -1.844824 1.322289 -4.069500 -2.737758 -5.530529 0.885120 -3.732899 0.290664 
6894889173366820873.mp3 :-156.831574 99.385749 31.623576 27.484161 5.440338 3.226170 14.687165 -4.427698 -8.003502 6.300395 -10.781698 1.337895 -6.313044 -3.541165 -9.895787 -8.132204 -9.301992 -1.863904 -7.522119 2.340666 -3.677023 -0.108510 -4.677130 -1.902805 -4.811208 4.615457 -6.763706 1.751800 -5.085755 1.561038 -4.341863 -4.759979 -8.320012 -1.491035 -5.196317 1.502311 -4.541733 1.390108 -5.134614 -0.770994 
6897301662368712000.mp3 :-167.008474 109.475576 23.014058 30.134846 4.522958 4.962203 5.702879 -4.597122 -7.853222 -1.791125 -14.682007 -10.664878 -7.506993 -2.047766 -4.278394 4.878889 -2.639175 5.408175 -5.231918 -4.751203 1.564144 6.509992 -4.770566 -7.123479 -9.699699 -3.297656 -4.971454 4.606617 1.492412 0.106117 -3.661496 2.346936 0.244521 -0.822894 -6.460466 -1.700203 -6.508227 -0.355941 -2.686021 -1.555357 
6940819994431478875.mp3 :-91.542012 94.659079 15.658953 24.479944 9.829465 6.624576 1.624578 4.877673 -5.600291 4.432541 -4.951093 -0.049224 -5.082941 1.766982 -3.989388 -1.160607 -8.328906 0.646764 -7.177051 -0.373647 -4.965419 -1.724729 -5.253568 1.680379 -4.932840 0.990341 -1.844218 -1.105096 -1.069679 4.113043 -2.186998 -0.853080 -0.900091 0.934702 -3.951387 1.638065 -4.576808 0.448565 -5.768034 0.686297 
6881478776701765427.mp3 :-113.484961 93.594312 8.473512 10.078557 3.392319 6.884033 5.542717 1.122517 -4.897921 7.468544 -7.313824 4.618604 -5.218117 0.544142 -6.630239 0.483299 -6.332433 1.388797 -5.188856 2.327867 -3.523521 -1.556896 -0.659253 2.324207 -4.615171 2.159172 -6.248483 -3.658539 -6.087927 0.054357 -2.535733 -2.735201 -5.784708 -0.601285 -3.537237 0.392096 -4.214782 0.695375 -5.826016 -3.004389 
6877909924417642311.mp3 :-134.889672 101.363718 9.653474 16.041220 -0.436191 -5.265109 4.463844 -6.037394 -7.108552 2.119765 -13.149048 -4.261588 -13.095150 -0.726304 -11.416112 -1.221573 -10.954491 2.398947 -3.902104 -0.367678 -1.130905 4.670871 -0.401507 0.072321 -7.942643 -3.454816 -4.554552 3.904418 0.163027 0.151492 -3.916473 2.588591 -1.416568 2.686280 -2.295967 0.601599 -0.679078 1.524315 -4.408861 0.146883 
6950793832202270890.mp3 :-164.350062 63.286859 30.489387 19.422791 -8.527465 -2.862003 -2.308522 -12.654408 -9.008220 -1.027246 -12.353059 -0.606958 -6.891434 -3.049443 -6.402627 -5.332178 -7.025887 0.298291 -5.747401 3.235381 -4.676045 -0.603661 -3.601786 -1.039546 -3.436961 6.001911 -3.897761 3.683487 -0.798727 1.923306 -2.987348 -3.796633 -8.373203 -1.344241 -3.879608 2.931744 1.405218 3.568410 -3.479255 -0.222526 
690073297566650280.mp3 :-161.490824 101.714026 5.814451 24.382550 -8.107426 12.327094 3.958952 10.719182 -2.222212 3.853881 -0.699592 4.591660 -0.229943 3.153578 -4.764883 2.487573 -2.410613 1.684821 -1.278124 -1.530319 -6.135331 3.226109 -0.004645 -2.902856 -6.491133 -1.458393 -3.534010 2.604858 -4.282191 -4.372204 -3.205342 9.632913 5.138225 -0.807680 -7.549513 -5.201955 -8.832167 -2.068673 -2.347899 -2.701191 
6915803481140335297.mp3 :-97.038382 67.253075 13.615197 36.692173 13.437586 12.524625 5.606499 9.134652 -7.610886 1.539651 -1.341039 -1.102473 -4.737635 0.442903 -7.188288 1.678814 -5.661280 1.159095 -3.128816 0.822439 -2.925930 5.357526 -1.290502 2.549806 -5.595761 0.709436 -5.669680 -2.464143 -6.449449 3.047429 1.984168 6.154391 -2.462995 1.042199 -3.647137 -0.799206 -3.877164 -1.361397 -7.273411 -3.082183 
6947578378044740843.mp3 :-300.736010 174.495189 -12.371880 -10.047612 5.098015 -6.383109 -11.112385 -10.252141 -7.066327 -4.752918 -0.251699 -0.052775 -5.432578 -5.893177 -3.833596 -5.689344 -8.644317 -7.864905 -5.645034 -4.307420 -2.249407 -1.275938 -0.397392 -1.103706 -3.278552 -1.508203 1.290530 -0.232817 -3.963384 -5.380939 -4.957881 -2.834658 0.067322 0.227910 -0.692929 -0.466052 -0.803200 -1.584858 -1.854331 -1.006773 
