1346273949281921293.mp3 :-173.927117 104.777068 22.695857 22.086414 9.328565 4.321712 -5.300689 9.054754 -11.453182 1.151100 -4.864870 -5.491595 0.069764 -1.061092 -3.515983 -0.042686 -10.015582 -5.618308 -6.208356 -1.415981 -4.422344 -0.950374 -4.016230 -2.691857 -7.210133 2.633772 -3.382857 3.741286 1.468619 0.842937 -3.166724 3.013966 -0.954378 2.796452 -3.762704 -2.674047 -6.230554 -1.685258 -3.028457 2.925406 
140575308103515368.mp3 :-129.237012 82.977422 15.884159 32.256879 4.907290 8.022384 4.635979 -2.697459 -9.037897 2.945219 -9.925905 1.253010 -3.908007 1.399394 -3.141857 1.644906 -7.772060 -1.430589 -10.795641 -0.006348 -4.468398 3.998677 -4.937246 0.630381 -6.841108 1.021660 -5.580374 5.483248 -0.307891 1.799087 -3.471179 0.473069 -0.411153 3.221628 -2.242487 -1.843597 -5.279133 -3.481102 -6.194155 1.727549 
1363436766248863543.mp3 :-187.821862 93.042551 8.326744 29.889273 2.364502 2.651892 8.989723 -2.060795 -1.752246 2.011485 -6.516952 1.360437 -6.746403 -1.036420 -6.313409 0.277613 -5.819549 6.371396 -4.628740 3.652339 -8.162709 -0.573070 -3.068925 4.212826 1.082889 4.578168 -5.676990 0.538436 -2.054074 1.730883 -5.833649 -4.146595 -2.869136 4.352593 0.891576 4.072929 -3.548751 -1.028547 -4.599448 0.553727 
1421173077598453068.mp3 :-133.844264 92.295580 11.331280 35.731282 -1.717251 17.445122 2.829417 5.693716 0.814823 -4.737100 -6.078996 1.151480 -2.283825 -2.368125 -2.838677 -0.078712 -5.716233 -2.392198 -3.883653 5.622394 -1.597168 -3.603645 -5.167646 1.753905 -0.985905 1.108355 -0.695283 1.049274 -3.612536 -1.316088 -7.493827 -2.254495 -4.376205 -0.833291 -3.624928 -0.914986 -2.998502 -0.907008 -2.936191 -1.797296 
1421319243868219701.mp3 :-55.762494 77.809649 9.033386 18.561422 -1.322118 3.834890 -1.179789 -0.914538 -4.240677 3.494824 -7.819424 4.110901 -5.808326 1.768029 -2.892747 1.308532 -5.568355 0.373259 -8.115346 -0.116966 -7.391296 -0.638234 -3.561876 1.728488 -0.351830 3.765551 -2.935684 2.594349 -2.625459 0.128360 -2.580106 0.177795 -5.244029 0.421945 -3.266583 0.804832 -4.239179 0.143733 -3.106807 -1.009804 
1347901697188118495.mp3 :-94.600388 89.439697 17.473088 46.762445 10.695839 5.417203 2.605430 14.315726 -16.510454 9.940813 -7.806005 -0.069914 -1.286547 -2.182108 -4.079409 -1.997898 -4.565587 1.309599 -7.793290 0.746389 -4.261449 -1.261332 -4.565058 2.507762 -3.344290 -0.957687 -1.160983 1.933575 -6.559799 -1.073149 -6.835988 2.280342 -0.316916 3.844619 -1.687633 0.847674 -4.122819 1.053320 -2.887041 -0.696851 
1419199879996826922.mp3 :-130.750776 87.691619 -6.217141 20.171342 -4.311609 3.814895 -7.829993 -5.508974 2.673707 -4.974711 -1.677351 -1.623797 -2.056430 -0.875164 -1.747718 2.490173 -1.573538 5.155522 -1.375666 5.091628 -4.093278 -2.034183 -7.146859 1.636200 -3.094034 2.021719 -2.380512 2.084470 -0.985571 -2.946556 -10.149180 -1.070692 -0.918150 1.388638 -2.891102 1.597502 -3.757535 0.235795 -2.547826 4.082961 
1414486237804078426.mp3 :-128.244141 85.231939 -1.858702 27.639143 6.451032 1.893638 2.300645 -0.521154 -5.537667 4.190976 -8.492533 1.066928 -11.286664 -2.969263 -9.824226 -0.146722 -5.176010 2.991638 -6.571030 1.359225 -4.325298 6.571280 2.139582 1.540325 -8.709885 -4.576516 -11.031405 -3.752465 -2.441629 5.148376 -2.481379 -2.376052 -5.224816 2.928831 -1.755110 -0.603702 -6.857956 -2.430154 -4.425401 -2.783044 
1405450012846784346.mp3 :-96.605333 103.754769 6.715377 25.424043 3.743381 21.623445 -0.296848 1.443734 3.056391 5.733834 0.898775 5.076854 4.046565 1.198403 -1.013736 5.399372 -1.175430 4.630988 -3.403467 1.610522 -1.393023 3.226384 -1.293412 -0.507097 -4.201341 -0.580636 -6.571965 1.772485 -0.565703 5.443711 -5.143201 -4.842960 -4.434457 2.948225 -1.389945 1.266732 -2.364533 0.135559 -2.121064 -0.413964 
135572103513088786.mp3 :-148.566411 112.469890 14.428382 21.462187 6.568386 1.133733 -1.399974 1.130831 -12.487234 5.386966 -16.448642 -1.213414 -7.720231 0.651216 -4.273706 -1.508410 -8.820659 -1.217737 -5.994235 -2.574427 -4.238285 -2.047727 -3.503791 -1.443451 -5.977585 -0.162181 -4.132631 3.323695 -3.327357 -2.102266 -4.155742 3.394433 -1.340632 0.199410 -7.137717 -3.667603 -7.840585 -4.440182 -2.341552 4.871578 
1367790740442643722.mp3 :-112.566768 124.029869 16.510879 15.920481 9.789933 1.005299 -4.259799 5.925293 -10.984717 -2.686707 -1.003823 -2.757373 -4.640596 -0.420271 -4.908031 -3.182606 -6.239556 -2.806236 -3.468763 3.716946 -6.112854 3.215411 -9.667210 0.014747 -8.159394 2.942254 1.447340 3.960092 -2.417034 -2.616243 -4.803925 3.692161 -1.245073 -0.017161 -3.992687 -5.531896 -5.774899 -4.326651 -1.738824 4.053172 
1362130777228950109.mp3 :-94.218726 88.061497 27.168511 19.952499 11.968796 10.438700 6.500691 6.912886 -6.213559 9.358508 -2.473776 2.923794 -3.588552 -0.844921 -4.108640 -0.146513 -7.786086 2.894058 -8.271263 -0.988125 -2.206775 -2.719715 -4.629708 0.829620 -6.611849 -0.810670 -3.578864 -1.247935 0.382203 3.684830 -3.119997 0.559869 -5.999797 -0.147445 -2.670710 1.004947 -1.802858 0.411211 -4.032053 -0.880525 
1367881512008266429.mp3 :-290.135261 137.830494 3.243987 19.276924 -3.672951 -4.984701 -14.147803 -25.797651 -8.098076 -18.838827 -15.587929 -2.965372 -9.669210 -9.081149 -6.443104 -4.340710 -8.429087 -9.268581 2.098620 1.180019 1.297212 7.833591 8.960355 10.185052 3.500693 0.420904 3.114690 1.429116 1.343590 -4.022159 -4.384079 5.261539 7.042766 6.941805 5.516154 -2.137685 -5.982654 -6.192867 -0.655927 4.558437 
1380968080781806216.mp3 :-119.552739 87.999012 11.231856 11.372542 -12.049632 -13.275803 -0.788182 -20.596624 -13.082393 -2.181465 -15.685387 -4.950356 -14.334778 -7.655369 -6.251977 -1.317236 -1.393046 2.460919 -6.800149 3.106668 -7.925784 -2.019743 -5.203125 -2.040408 -3.840498 -0.487048 -10.701163 -2.636160 -8.414235 0.077163 -4.155749 -5.848612 -8.612772 -1.799618 -4.161559 -2.080620 -6.308782 1.756601 -5.642005 -4.380045 
135679826267526976.mp3 :-138.967056 79.790812 22.185149 28.461213 3.407881 7.986923 -16.150935 -1.206612 -18.951025 -1.832119 -10.636646 -7.367668 -12.028053 -5.969881 -6.925799 -7.871786 -6.556317 -4.741476 -7.479224 -3.380631 -5.766374 -2.771115 -3.127641 -0.019500 -4.815510 -0.401469 -4.870910 -1.362561 -3.406840 3.607975 0.064927 1.064541 -3.441381 1.020074 -1.895198 1.953851 -1.773060 -0.753837 -1.731064 -0.381074 
1421296128572291643.mp3 :-11.483191 83.709922 -10.294360 30.984546 11.250293 -9.336460 0.255201 18.347311 -18.370699 5.076019 8.675565 1.731426 -3.749928 11.326378 -4.403576 1.490253 -0.819520 1.640607 -1.803738 2.001230 -3.269766 2.784040 -1.545932 2.234035 -1.372057 2.100952 -2.507829 1.834149 -4.287392 4.560424 0.322945 0.102802 -3.542887 -1.030378 -3.312236 2.537963 -3.238030 2.643797 -0.581275 2.252402 
1361276755968146139.mp3 :-70.962796 83.628380 18.921994 15.302414 12.281669 5.100313 0.392869 5.620555 -6.537983 3.992351 -4.379438 -3.438761 -4.945023 0.051220 -3.896568 -0.015291 -5.073603 -0.444778 -5.884721 0.336834 -3.885578 2.027737 -4.708586 -0.482006 -5.333040 -1.542798 -5.237962 -0.939363 -4.478905 3.159270 -1.590764 -2.143370 -6.935444 -2.503286 -5.250772 0.815259 -3.255610 0.744328 -1.636183 -0.336820 
1415383726641001606.mp3 :-110.077384 103.032646 -2.038101 20.864133 -2.541728 7.526810 2.541667 0.478267 -5.085644 3.556704 -7.253598 -1.150794 -0.040035 2.746702 3.174349 5.327164 -2.135875 7.122999 -0.159295 5.554675 -5.895136 -3.608133 -3.561127 4.146425 -0.335241 3.381075 -1.258075 1.336027 -1.113621 4.688937 0.386460 -1.178848 -3.725325 0.599529 -2.187155 6.291030 -0.162489 2.407272 -3.555527 0.845222 
1373900948224139240.mp3 :-112.609340 89.082265 32.320575 27.390046 10.616692 12.153225 17.041099 -1.466352 -4.106430 5.643953 -9.756262 2.259263 -3.258895 0.007830 -0.189082 0.291569 -2.985671 1.417338 -12.013643 -1.170615 -5.179563 3.107971 -1.470222 1.603492 -6.185340 0.153263 -8.667581 1.532221 -0.410291 3.021681 -3.642603 3.000373 -0.962639 6.064814 0.982289 0.787428 -6.098205 -3.893546 -7.197853 -0.344354 
1364091237534501523.mp3 :-137.767674 95.998747 -0.679479 25.317370 1.525203 -0.031444 -10.412606 9.205083 -20.493562 2.963763 -8.296873 -1.182897 -8.091983 -2.024105 -11.561680 -0.314454 -9.861673 -4.986727 -6.745196 -3.214534 -9.020467 1.056970 -3.052218 -2.525220 -2.376163 0.212402 -6.580606 1.788668 -2.430400 -0.531357 -3.609406 0.815066 -2.346838 5.287672 1.159038 4.312130 -1.365125 1.212854 -3.357442 0.267279 
1398335953773971881.mp3 :-175.762136 110.443898 23.047753 26.537107 7.735474 6.169803 -2.523164 4.422029 -6.740199 1.731177 -0.031614 2.204517 -5.269022 2.343492 -1.720783 -2.841352 -2.875360 -0.726309 -6.537994 7.254104 -2.167306 4.456962 -2.602025 -0.309913 -4.977163 2.165771 -6.092976 2.482868 1.266116 6.260849 -4.965053 -1.882457 -4.051857 2.307306 -2.284905 2.098987 -4.012631 -0.087464 -4.444536 -2.206385 
1417102202927524054.mp3 :-115.891002 112.717005 -16.344167 29.287720 7.420639 -3.215307 1.641428 16.700645 -14.326452 5.199952 -2.950109 2.132062 -3.725685 2.158873 -5.245880 1.625397 -3.360865 3.328570 -1.361774 -0.414019 -4.438275 5.195026 -2.859494 -0.664820 -2.876541 -3.152902 -7.510133 -0.609301 -0.835538 4.682746 3.606558 1.966275 -4.602858 0.604842 -1.203960 -1.203099 0.691045 1.903158 -4.950630 -3.885341 
1346517661770246515.mp3 :-159.164455 92.775426 6.171868 30.437146 2.678314 3.486939 3.368859 -7.338336 -6.420579 3.441252 -10.623165 3.531856 -4.468102 -1.081682 -3.950935 0.928018 -7.644541 5.009422 -5.834479 5.601244 -3.986711 -0.143484 -1.007904 -3.181609 -1.845019 0.603593 0.572518 4.686992 2.491545 -2.817668 -6.587601 1.115034 -0.785280 1.852315 -5.218338 2.206320 -5.521234 1.702233 -2.209830 3.566695 
1403377780596835028.mp3 :-258.540627 149.991170 22.416919 23.997954 -13.122114 0.814690 0.190320 -10.161319 -11.688964 -12.302536 -13.114525 -9.335206 -5.274379 -4.975966 -6.361836 -5.114996 -8.807388 -7.079766 -4.506979 -4.447243 -3.616895 -6.910672 -11.639269 -7.193951 -8.504059 -0.083177 -3.315307 6.176827 0.637260 -0.264874 -7.223307 -4.410872 -0.040013 0.013574 -0.257059 -1.575932 -4.249453 -3.195037 -1.485602 -0.125424 
1369845538897559197.mp3 :-152.633763 116.514072 20.169128 19.626693 9.490468 -2.882233 4.180830 -1.219266 -9.631862 4.509574 -13.501021 -0.992814 -5.906436 -0.371245 -4.464041 -0.519727 -5.233914 -4.030625 -6.853898 -3.469968 -3.138372 -0.407665 -3.924377 -2.967520 -7.741547 -1.249645 -5.161098 2.478940 2.292318 2.432181 -3.728574 0.766690 -0.886939 1.070960 -5.211516 -2.901590 -5.398457 -3.294390 -4.651529 0.375739 
1346066840429420031.mp3 :-154.558091 115.857250 2.415427 18.574118 -7.034958 9.437364 -10.519604 1.766706 -6.266783 0.015160 -4.415752 -6.075286 -6.046678 -5.960343 -10.128636 -4.808904 -5.427899 -1.867304 -1.497862 -0.381773 -5.095957 -4.844897 -8.373549 -2.001643 -3.552850 -2.081792 -5.860701 -3.431086 -4.123945 -0.599102 -0.204473 2.583651 -1.635668 -0.660420 -2.755085 -0.387947 -1.286722 1.942699 -2.094109 -0.528663 
1365805114834157137.mp3 :-80.918575 91.398438 16.220020 24.173097 0.971150 0.945794 2.823940 -3.597869 -3.621869 -5.013456 -6.415402 -3.975681 -8.917521 1.814830 -9.693725 2.621816 -0.433772 -0.721407 -8.050908 -2.763641 -3.982840 5.798786 -0.461797 -1.181740 -6.639871 -3.908354 -6.267900 -0.961337 -3.488120 -2.963326 -3.532510 2.572284 -0.577302 0.248536 -7.715524 -3.664230 -7.487974 -2.778111 -5.525678 -2.547311 
1416712480321139922.mp3 :-53.560015 79.991046 17.135458 26.536241 -0.730109 1.783120 -0.794551 9.381056 -8.312898 7.614905 3.501600 3.924520 0.435363 -0.030012 -4.982918 -1.533436 -5.282836 -0.056079 -2.175900 -2.137680 -1.525213 2.474200 -5.224937 1.612978 -5.301385 1.316923 -3.660251 5.571716 -0.060104 4.033384 -0.660730 2.969710 -0.828552 2.536178 -2.572102 0.247557 -3.749747 0.301233 -0.602911 2.094638 
1396348126463502506.mp3 :-16.551873 71.652370 8.151144 42.112817 -3.856535 2.260091 4.809279 2.611408 -3.506220 4.660156 -3.765690 4.021854 -3.659275 0.564299 -2.845820 -2.962708 -2.601126 1.502863 -2.343265 0.793250 -9.075263 1.075533 -2.481026 1.751016 0.290816 0.680688 -3.538670 0.533247 -3.826887 1.944204 -6.251581 -4.008782 -5.006954 2.247735 -0.436597 2.842949 -1.581438 0.000878 -3.800586 0.562307 
1359072203493623382.mp3 :-135.954880 98.474576 14.945584 30.970462 11.486995 0.023438 6.178730 -4.412466 -4.480326 2.876057 -14.096235 -2.325827 -6.348087 -1.307446 -2.170807 0.109495 -7.821245 -1.133769 -7.562867 -0.008817 -4.598944 2.574853 -2.042239 0.522243 -3.122254 2.749482 -4.244467 4.344509 0.641227 2.548156 -6.611090 -3.404277 -5.345267 -0.983848 -4.465472 -0.176045 -4.688713 -2.544861 -5.547920 -1.177817 
1360163081973679562.mp3 :-100.772668 86.542211 1.535577 19.292438 -5.094284 3.173458 -8.796530 5.047816 -9.762327 -0.476570 -8.937652 -10.022353 -7.740947 -6.454852 -7.669379 -0.095159 -8.401571 -5.589610 -4.962195 -6.660541 -5.836187 -2.537079 -7.621368 0.310800 -6.799322 1.172853 -6.381592 -0.229777 -1.706591 2.373183 0.773949 2.366336 -3.521559 -0.340156 -3.241612 1.568292 -1.833814 3.249117 -2.148429 -3.915428 
1408811791955989459.mp3 :-224.281487 143.421764 -0.031130 14.327421 6.059279 1.423466 -5.449580 -11.545510 -10.153396 -2.979313 -3.785043 -1.792533 -6.528412 -4.999232 -5.720822 0.327221 0.983142 4.938886 5.265002 5.614595 -0.987487 0.829239 -0.586549 1.090764 -1.309441 -1.367921 -3.233995 -2.515540 -5.374119 -1.665999 -3.026484 -5.787032 -6.283770 -1.779560 -2.051899 -1.501043 -3.777629 0.241837 -1.353430 -5.651882 
137321857726880421.mp3 :-70.366505 110.228687 -2.958230 30.415072 -5.043677 9.711718 -1.333088 9.538266 -12.804880 6.533883 -2.330918 0.078094 0.275530 0.253565 -0.761263 4.883268 -7.370188 -0.879939 -6.648034 0.569171 -3.000850 0.450165 -6.732004 -1.901371 -7.066335 2.211086 -4.105866 1.657560 -3.079366 3.880041 0.195828 1.137006 -7.305363 -4.425785 -7.536188 -2.771010 -3.126645 3.020915 0.976481 3.048606 
1346114458410521917.mp3 :-173.365251 91.301798 41.237790 28.042466 9.145897 8.394650 -1.665641 3.871908 -2.007393 7.047013 -2.615518 0.490495 -3.748819 2.351044 1.053047 4.174648 1.196236 6.032783 0.199304 4.507161 1.267206 4.379543 -1.112075 0.532126 -4.768753 2.468420 -1.771273 4.463717 2.998900 4.521345 -4.778298 0.027517 -2.074364 1.696599 -2.914974 0.226793 -3.497537 -2.112666 -4.283658 0.378570 
1414201431302313973.mp3 :-184.466554 45.769635 -11.141268 40.462866 -18.523616 -1.778970 -3.106701 3.339323 -19.158095 -1.670640 -8.762388 -6.615715 -4.466173 -2.203591 -8.545281 -1.571233 -5.981964 -3.244065 -5.444533 -3.416354 -5.962950 1.541279 -1.021707 3.699513 -0.103050 3.574711 -4.842593 3.138752 -1.075006 -0.698516 -8.318320 -2.775796 -3.924784 3.349108 -0.269928 2.647602 -2.769712 2.536605 -0.414531 1.368851 
1384410018787005547.mp3 :-139.453870 91.900467 -9.724277 23.229407 8.077516 4.761080 -0.196712 6.224417 -9.816688 7.950800 -9.552755 -1.265155 -6.618872 -7.240558 -8.793039 -2.149886 -2.627926 2.787728 -9.378286 -0.137685 -9.680246 -4.095549 -0.865448 1.780005 -3.945425 -1.462447 -6.458108 -4.497977 -8.925629 -4.194207 0.067808 2.660976 -6.316310 -2.696648 -4.291625 -0.006409 -5.449733 -1.834717 -4.604347 -1.386217 
1379167453757502492.mp3 :-101.971642 98.504288 10.527932 24.804684 -0.335808 7.437835 -3.903521 -5.433537 -4.381612 -1.675532 -8.843568 2.627523 -6.620615 1.749992 -1.902833 -0.347520 -4.332448 0.427529 -1.498717 -0.437173 -3.713233 3.966067 -9.393366 -1.196078 -4.608165 -0.243208 -2.087066 0.313709 -4.395893 4.468905 -3.002993 -5.289393 -7.612312 -2.187727 -3.411110 1.346262 -1.071983 0.682355 -1.706151 -0.828921 
1345646909805925825.mp3 :-125.656420 98.928956 27.500831 11.587697 15.927030 1.009708 3.793567 4.126784 -8.019570 3.623102 -7.014474 -0.082517 -4.992957 -1.901223 -3.101431 -2.441611 -4.836128 1.326916 -4.778034 -0.679768 -4.108284 3.532996 0.591079 5.439578 -6.368707 2.866933 -6.208129 0.967476 -1.762522 2.177328 -3.759919 1.323258 0.349542 3.270672 -3.061019 -2.709271 -6.869830 -0.654680 -2.489532 -0.219036 
1347678415799097361.mp3 :-123.427609 99.323382 31.379831 27.622681 4.856921 4.762768 8.499594 5.440164 1.263312 2.915779 -9.870940 -0.029536 -11.194359 2.994038 -6.601217 -3.701582 -4.262336 -1.565154 -4.603332 5.626394 0.144858 2.939682 -5.075680 -3.610029 -8.016072 -3.283577 -2.477514 5.283661 -0.074539 3.027408 -7.043688 -4.497211 -4.145482 1.290195 -1.132148 -1.533502 -5.410639 1.206318 -1.843169 0.469575 
1345949686844823582.mp3 :-134.989034 124.288315 25.647234 20.096322 5.990416 1.275783 -0.106334 -0.272844 -3.941306 2.760530 -10.120417 -1.607256 -6.761052 -2.893831 -7.768601 -3.196494 -5.404674 1.630192 0.137684 3.724840 -1.353992 0.994560 -2.540383 1.989759 -0.118719 3.494454 -4.415237 2.311412 -5.461589 -3.140629 -6.633053 -1.808220 -3.250262 3.378504 -1.992631 -0.874204 -2.664701 0.227811 -2.554358 1.200009 
1410559939553179934.mp3 :-138.681927 96.943856 0.621321 43.251403 3.751583 5.386911 0.845131 4.705503 -1.767125 3.829006 -2.838401 1.344312 -3.667352 -1.867347 -6.663913 -5.640392 -6.645572 -2.416488 -6.740760 -4.618917 -9.438334 -2.161569 -2.949849 3.015735 -3.761754 -2.192705 -8.136307 -4.283973 -7.984251 -2.637366 -1.567330 1.255977 -4.440072 -1.598472 -5.981454 -1.834000 -7.025875 -4.254762 -6.608057 -0.909239 
1397099820226144876.mp3 :-113.338497 76.614971 11.953027 46.468503 7.030474 12.192460 6.093883 2.151577 -4.508699 6.309482 -3.947036 3.090169 0.260598 5.220745 2.921666 8.122831 -1.229346 5.687169 -0.294989 -1.599035 -10.503958 -3.023884 -0.374826 5.144444 -1.297526 4.404199 -4.076034 -2.472489 -5.977457 2.835803 -1.585787 -1.037037 -3.937126 3.007325 1.194147 3.203889 -1.589117 -0.037207 -5.725520 -3.771317 
134430537244478217.mp3 :-82.262303 63.232147 2.882857 47.060551 17.314579 16.019809 7.502351 5.434170 -0.504913 5.665411 -1.459518 0.095319 -4.897207 -0.076260 -4.370598 0.669105 -6.241465 1.502858 -4.484172 1.007344 -3.705230 0.359758 -4.230805 0.381314 -4.765959 0.941903 -4.533088 0.461853 -4.946171 -0.177004 -3.823487 0.291433 -2.949616 0.607526 -4.256963 0.966836 -3.717905 1.521002 -3.923836 1.601380 
1396754366664035457.mp3 :-23.732440 78.484729 5.552140 33.535544 -0.687520 4.981278 1.336007 7.558478 -11.045410 4.590383 -6.265814 1.414763 -3.431579 0.811438 -5.703294 -0.630582 -5.003903 1.118391 -5.630671 -1.180702 -6.242520 -0.355432 -3.311109 0.596758 -4.143966 1.568448 -4.207866 -0.712438 -6.484625 1.485703 1.457809 7.168718 -1.576922 -0.011990 -4.757373 0.487488 -3.333304 1.638380 -0.790728 4.169814 
1413794368457938147.mp3 :-192.507191 91.543414 19.057631 21.316119 8.775675 5.743870 0.619543 -2.561732 -12.187256 0.624294 -10.809782 -4.856949 -9.173806 -2.170906 -4.683033 -1.026920 -4.175287 0.214644 -8.254512 -4.085204 -7.356510 -6.274414 -2.537095 -1.054696 -4.239020 -1.010559 -4.009933 -5.595310 -3.256446 0.581464 0.328328 -1.153152 -5.558626 -1.014418 -2.160454 1.950792 -2.979031 -2.442997 -4.918883 -4.513049 
1395772293280753250.mp3 :-57.456331 79.195259 12.470374 33.877520 3.625739 13.631090 8.992966 3.879232 2.695499 7.618327 -6.747611 2.293136 -4.242567 1.088572 -3.985766 0.872634 -1.632348 5.645683 -1.111852 4.049410 -0.937138 6.392866 -2.958350 1.746757 -4.475974 0.206877 -5.347975 4.481277 -3.449555 4.598625 0.483179 0.104149 -3.086507 0.705405 -2.267038 1.552611 -2.593390 1.627573 -2.702586 0.358116 
1416095547181365749.mp3 :-87.432858 81.123932 3.887059 40.681787 -1.738440 7.794868 2.340785 -1.973721 -5.755365 5.087366 -11.141950 1.989057 -9.751940 -1.233321 -7.422144 -1.429981 -8.946945 -1.611154 -7.492625 -0.617975 -5.641252 -2.714725 -7.833955 -5.551738 -7.573190 0.062727 -3.826359 4.570144 -4.010620 -1.835566 1.111352 6.893331 -2.109606 -2.595573 -6.587494 -0.278297 -2.569479 1.952319 -2.276530 4.429947 
1359884081826344981.mp3 :-101.867866 110.262821 10.109315 17.649434 4.491064 8.399778 11.153134 5.425942 -3.230846 3.110543 -7.743040 3.917741 -0.532161 3.052101 -1.713456 1.361506 -3.936136 0.423801 -4.812264 -0.650899 -3.918372 4.784372 0.690699 3.349467 -2.320751 -2.687994 -4.930399 -5.012548 -3.933463 5.406830 -1.743791 -2.709732 -6.386234 0.457701 -2.190895 0.687072 -4.400314 -3.310817 -7.321442 -0.348667 
1349366267107169604.mp3 :-102.980582 107.065140 8.955295 22.275539 3.294905 3.553485 -7.625154 0.009498 -9.206496 1.037502 -8.295609 -1.199158 -1.360684 -3.951255 -6.964728 -1.837330 -8.772557 -2.093477 -2.438793 -0.737477 -3.192963 2.012656 -2.667626 -0.273235 -4.199797 -2.929551 -3.961655 1.901807 -2.014531 1.716476 -3.990321 0.429045 -2.913189 3.612158 -1.493638 2.560312 -3.822758 2.046768 -0.448636 2.050811 
1362957848806531084.mp3 :-116.117574 104.527590 -0.125176 22.529883 -2.542385 -0.754803 -9.705838 2.776990 -18.487669 -6.778006 -11.042443 -9.729806 -9.178948 -10.260729 -7.837737 -6.816781 -12.031101 -6.656145 -6.551573 -10.319951 -11.166964 -1.655889 -8.562001 -3.161820 -6.326560 -2.164273 -7.174697 -1.502244 -7.917293 0.399781 -2.306913 3.105701 -1.267293 -1.713580 -5.582054 -2.889540 -6.665673 -1.623163 -5.115495 -2.946404 
