5139793829930406736.mp3 :-44.659898 86.559620 1.565901 35.020983 -2.416537 15.558423 1.527960 9.510968 -3.036542 6.515428 -3.200685 4.360513 -9.058416 1.586409 -2.583803 1.449886 -3.233400 1.283290 -5.544495 2.110342 -1.763376 1.130733 -3.947534 -0.069785 -4.198364 2.048494 -1.821543 2.552229 -2.991863 2.328896 1.233865 4.208731 -4.016600 -0.376606 -4.185979 -0.612529 -3.646320 3.029476 0.325664 1.042469 
5191448272044881247.mp3 :-73.765625 76.635916 24.433786 17.503561 5.600951 7.355649 2.110090 8.204758 -6.741043 5.858250 0.378452 -1.269189 -2.752615 0.342313 -6.620445 -0.405318 -7.057989 -0.985183 -6.683112 -1.388807 -4.376402 3.104126 -4.352788 3.026987 -4.409995 0.177804 -7.119945 -2.178207 -6.939321 2.796790 0.898724 3.660177 -3.290821 0.366489 -3.235756 0.488922 -4.143376 -0.428334 -2.744330 2.148949 
5165356150884608805.mp3 :-101.810678 122.437680 -8.243618 23.334445 -10.863367 6.865945 -3.209275 2.566664 -5.806173 3.881027 -8.630767 -0.669573 -4.732367 0.112193 -5.588934 -2.370437 -4.947872 -3.185285 -3.420203 -0.729815 -2.925601 0.159678 -1.510134 0.398118 -4.366941 -0.184909 -3.351508 3.892000 -0.409377 0.289163 -2.782072 1.017712 -0.713512 0.028371 -3.442835 -2.496666 -4.762403 -3.057890 -3.779226 0.750532 
5183152440699672898.mp3 :-41.455326 65.046288 9.774817 26.372932 8.218298 13.462225 -1.065930 11.777521 0.260245 8.227693 0.555096 8.279114 -1.598976 5.031012 -0.791023 4.635384 -1.784561 5.229345 0.303404 3.969674 -1.132049 4.301258 -0.881269 2.936369 0.467047 4.082019 0.253179 4.119506 -1.016396 1.959525 -2.527216 1.839300 -1.432138 1.655684 -2.835571 0.969464 -2.078223 0.730608 -2.868225 0.306396 
5124233443853420811.mp3 :-185.143146 123.312974 34.423784 21.515471 22.285977 9.356814 1.175705 3.464906 -7.638802 -3.189478 -8.701623 1.065674 -2.462661 4.643133 3.355782 3.609554 1.218179 1.156992 -4.026863 -0.751649 -6.324793 -1.124809 -2.918976 5.810905 3.560072 2.266285 -1.564750 0.411107 -2.540875 3.043687 -2.287435 -2.851627 -4.440940 3.089638 -1.017771 0.126351 -3.475987 -1.512244 -3.685013 -5.993350 
5179331155102260647.mp3 :-127.808882 91.079127 11.002856 13.097409 13.573497 -6.098766 7.308707 -0.054524 -6.586044 6.820641 -7.196228 5.407939 -5.907402 5.553220 -2.383041 0.169369 -4.471923 -2.457469 -4.211185 1.238639 -5.604360 -1.567306 -5.668717 4.686169 -2.649728 4.102727 -1.759344 3.253041 -2.528220 -0.925142 -6.925185 -0.032837 0.057565 2.488562 -1.351300 0.703956 -3.211489 -0.572599 -1.566326 0.869505 
517595868652504269.mp3 :-192.381971 108.924339 4.297835 26.919136 3.028071 2.433192 4.335392 1.385797 -12.228972 3.774076 -11.032591 -2.418199 -9.349459 -1.848516 -3.937071 2.777918 -0.017424 1.721336 -7.426870 0.396886 -0.855704 3.473446 -0.867415 -2.017351 -10.436100 -4.589240 -6.259490 -3.950733 1.597072 7.135229 2.104571 -2.006694 -8.787742 -2.056272 -3.072030 -0.340074 -3.150635 0.136725 -5.583716 -4.316799 
5194171098853031561.mp3 :-125.913314 44.528206 -18.738413 18.441259 -12.272647 2.749149 -3.969278 1.763903 0.357675 6.658695 -3.863391 1.129196 -10.433454 0.619131 -3.776963 0.738919 -2.342817 -0.019615 -8.611040 -1.343823 -6.772690 1.046184 -0.923768 -2.623730 -3.381684 1.067393 -1.682823 4.114929 -6.477879 -2.224300 0.222225 4.725012 -1.967837 -1.669696 -6.993927 -0.177718 -6.233876 1.826212 -3.636187 -0.205886 
5187063828465303110.mp3 :-19.927799 82.270587 10.052577 33.320258 1.851004 10.484499 -1.172503 8.499974 -8.604486 3.843906 1.087522 0.771012 -1.396180 1.288224 -3.297876 4.895297 -2.341122 1.788030 0.612624 4.439715 -2.876764 2.703339 -5.186872 0.075674 -2.233496 2.890855 -1.797967 5.526140 -2.045546 1.058178 -1.242058 4.157546 -0.249830 4.036594 -2.241614 0.631065 -2.680179 2.499288 -0.404917 2.709310 
5122770170621241593.mp3 :-83.532012 103.523237 18.636769 22.439356 7.380674 10.518273 -2.666365 19.529692 -2.459212 -1.478120 2.926705 1.269499 -1.313083 1.338858 1.245402 1.088357 -1.316962 0.020582 -6.043015 0.541580 -3.624232 0.893488 -3.491475 -2.966359 -7.522523 0.218486 -6.582804 1.972651 -0.359096 4.500597 -4.310131 -0.084798 -1.329125 0.920362 -3.396055 1.013245 -5.798982 -1.359586 -5.070067 -1.446160 
5183945492458812804.mp3 :-68.553328 80.799288 -5.895033 22.173472 6.930297 4.585388 4.201018 1.820677 -10.594755 6.333819 -7.187319 5.967520 -8.326221 -1.118070 -4.180123 -0.695613 -7.859379 3.961257 -3.774478 -0.455059 -4.153107 0.374898 -2.926801 -0.163712 -3.370346 1.191289 -6.454251 -2.615922 -6.233046 -0.176359 -0.530760 1.497528 -5.451466 0.017568 -2.821057 2.011348 -1.367385 2.280230 -1.104255 2.375662 
5152673553568025819.mp3 :-195.848912 124.583851 -10.690106 18.654592 0.836382 -8.812188 -10.483897 4.646117 -17.395202 -3.167035 -1.345803 -11.937627 -3.060103 -2.067867 -8.212449 -2.230332 -5.963591 -3.293058 -4.214366 -5.658834 -9.174921 -6.144421 -8.489758 -2.191645 -5.321355 -2.769398 -6.537094 -3.834331 -5.206257 2.453418 -1.305706 -4.356057 -1.983493 2.589220 1.609599 1.728088 1.468357 1.856673 -5.820262 -3.858713 
513730483323123311.mp3 :-259.837425 139.619345 26.576980 -2.506645 15.743600 -9.053385 2.862244 -7.495672 -5.690003 -1.904173 -12.288883 -3.875274 -12.856333 -3.408143 -9.950035 -5.534234 -7.109407 -0.513870 -1.915581 1.905166 -6.518506 -2.546354 -1.927015 1.539815 1.024295 4.046498 -6.047643 1.062904 -3.084917 0.753653 -5.783334 -6.616541 -5.133541 1.347188 1.672539 2.841503 -1.889704 0.990648 -4.008082 -2.177505 
5151509659012270041.mp3 :-108.536676 109.074210 5.920113 18.198835 -2.388110 -9.203868 -5.405606 -0.674853 -16.543541 1.776389 -8.248344 -1.463879 -4.754302 -1.391042 -1.161553 0.892303 -3.720605 1.255511 -3.094780 -0.420333 -5.899449 4.099939 -1.101330 1.894460 -1.432582 1.710834 -4.322380 1.203037 -2.338026 0.167076 1.107033 4.532793 -2.166327 -1.592681 -6.250687 -2.795029 -6.510741 -2.563929 -1.214466 3.433187 
5190322744427935046.mp3 :-95.837384 102.497915 20.640927 34.507430 9.971059 8.493713 1.433897 10.129370 -6.990478 1.616308 -2.346198 1.061527 -0.837560 2.924305 -0.561218 2.922826 -4.345446 1.591293 -0.804715 3.849204 0.486298 1.885820 -1.805353 2.265999 -0.974342 0.939995 -1.488745 4.472819 -5.377772 -4.356340 -5.624159 0.405064 -1.929962 2.063329 -3.921330 -0.471881 -2.368277 -1.042543 -4.034582 0.898660 
5138254488463248594.mp3 :-107.201631 81.404899 -3.964100 22.238950 -4.395303 6.866837 -0.534619 3.207964 -3.700784 7.731064 -6.716202 6.588561 -4.202135 -1.143507 -5.796775 -0.326255 -1.720792 4.772033 -4.981406 0.165760 -1.517107 3.883710 0.079811 2.549829 -3.065598 1.079667 -6.196082 -1.104828 -5.522687 0.346032 -0.796150 2.528017 -3.062240 -1.886432 -5.815801 -1.907595 -5.802966 -1.924681 -4.772323 -1.550216 
5194096302535450923.mp3 :-106.656884 84.300458 19.190271 13.120712 7.528041 1.846124 4.937859 -0.277252 -2.853136 6.540045 -4.414963 1.950739 -5.351586 -2.330311 -4.032516 -3.234923 -2.547806 -0.391039 -8.160372 1.668294 -5.312219 -0.940901 -0.257231 2.613643 -4.344070 3.088065 -9.192758 -1.235655 -7.627233 2.385217 0.019884 2.163688 -2.590985 -1.972735 -4.173098 0.324870 -4.812995 -1.109873 -2.923361 1.905096 
5140735086670337867.mp3 :-108.599189 91.478071 7.589148 29.008733 3.506652 12.889976 5.564488 6.179967 -7.836298 5.059083 -3.837181 3.431344 -1.801125 2.837861 -6.820006 0.449389 -11.854630 0.284073 -7.503378 3.677365 0.356493 6.918009 0.115138 5.641681 -0.526815 1.900890 -1.071629 2.233274 -2.277428 -0.194797 -4.375034 0.259254 -2.023330 2.188135 -1.970583 -0.801422 -5.688434 -2.122899 -1.895639 -0.236593 
5161903302710782976.mp3 :-36.639633 70.721120 18.515148 23.047951 5.345836 11.535662 3.449616 9.495612 -3.895452 6.088437 -4.150193 3.375040 -2.022276 3.567080 -2.926778 4.029107 -5.089953 -0.279156 -5.113250 0.759263 -5.384889 -0.808237 -7.184225 1.150044 -3.424081 1.225727 -3.151347 0.694360 -4.760225 0.821776 -1.980855 0.841904 -5.340242 -0.831374 -2.689313 2.984540 -0.885378 3.997376 0.527358 1.272571 
5153307926067149051.mp3 :-132.506506 109.728359 -5.815995 22.008882 0.750207 -1.265744 -4.222919 -3.694148 -8.076608 -4.069047 -7.629080 2.012902 -7.453626 1.060966 -5.882826 -1.207131 -4.212439 2.136733 -12.324369 -1.083902 -6.632348 2.830840 1.206605 1.067567 -4.201829 1.330138 -6.429811 4.248987 -2.934150 -2.596403 -0.381908 4.372839 -1.256016 -0.115180 -5.454354 -5.472537 -6.251909 -7.008852 -1.007404 1.502547 
5189146740324345611.mp3 :-50.196389 63.757664 -4.589864 25.257128 3.960556 4.742889 -1.462244 2.722395 -8.323966 7.298601 -2.618046 0.822510 -4.851088 -0.915652 -7.076707 2.674203 -6.010866 -0.518191 -3.243481 2.587770 -4.026746 1.949133 -4.159108 -0.140144 -4.273964 -1.795737 -5.459141 -0.111484 -4.042683 -0.304736 -5.683856 -3.098103 -5.058115 0.846285 -3.960249 0.053648 -3.882248 -0.359455 -4.992857 -1.344602 
5179799217685456086.mp3 :-223.601523 101.394721 1.918534 25.179326 9.860964 14.694039 -1.043914 3.140839 -6.942648 5.420399 -2.399863 2.980233 -2.391556 4.330114 -0.938779 6.672926 -2.397796 0.045898 -6.444749 -6.038488 -0.824422 7.775956 -0.731053 0.031637 -5.253106 -0.931816 -1.715831 4.356950 -2.072972 -2.566305 -0.331162 6.679592 -0.496749 -0.398559 -6.050655 -3.510042 -7.048872 -0.602375 -0.195980 3.619186 
5181728168373550576.mp3 :-168.665613 83.396403 14.304616 21.814685 -0.323187 3.905807 -0.159352 -1.937344 -5.598746 1.847859 -8.259632 0.314897 -3.534115 4.372352 -5.127028 3.471090 -5.479403 4.214876 -3.650362 3.939782 -5.944458 0.428954 -2.149340 3.479750 2.022739 5.132407 -0.690830 2.207596 1.519753 0.854082 -6.622974 -2.313339 -2.203520 6.455924 4.186103 5.265462 -0.581731 -0.579594 -4.852693 -0.517891 
5190127957647554859.mp3 :-304.061318 137.398019 45.303328 21.940435 11.088858 8.716656 4.883124 -7.274740 -8.702994 -0.193421 -8.619770 -2.857746 -9.850489 -6.104248 -6.652590 -3.216724 -0.628162 1.389894 -1.795245 2.745357 -3.366691 -3.223130 -3.885428 -3.415653 -2.203930 -2.070523 -3.369731 -0.017807 -1.636913 -2.590506 -6.040621 -3.828292 -0.937692 1.289038 -2.024849 -1.107156 -2.332542 -1.067326 -2.774588 -0.679328 
5146412685578682074.mp3 :-197.513291 104.581805 49.181393 4.252118 10.582427 9.728362 -0.088956 -2.850432 -7.642624 6.944425 -14.225112 -0.833649 -7.793620 -4.354509 -5.047248 -1.769220 -11.273962 1.652443 -3.260427 -0.171242 -0.844659 3.355951 -10.436140 -5.545636 -7.447908 5.424758 -2.852841 3.362441 0.799450 4.917307 2.246979 3.005590 -7.013315 -5.914534 -6.879236 -0.959722 -4.476310 2.598470 0.036967 4.296498 
5190280541561311260.mp3 :-101.514680 61.254557 -4.123793 36.111259 27.673109 1.560447 3.231780 28.584510 -14.682875 -0.827018 8.740251 5.114634 -3.796853 6.184392 -0.703406 -2.793427 -3.720431 -0.047548 -2.064884 1.685432 -7.260257 0.241165 -4.029397 -1.619315 -8.883803 5.559864 -1.837071 2.875377 -2.769865 4.424089 -3.550187 3.522887 -4.598305 -3.301728 -8.447830 -4.189526 -3.952926 1.369852 -0.534375 0.987461 
5136513156069330138.mp3 :-211.067113 58.051779 9.142408 42.458915 10.807508 14.520587 10.509447 6.199286 -1.683958 13.728710 -3.815665 8.135519 -3.687294 -1.382164 -4.477244 1.392392 2.355220 8.601042 -5.023411 -2.165781 -1.249931 7.036727 2.932442 6.350880 -0.809881 2.693924 -2.707017 0.176490 -1.636396 -2.714281 -3.350013 7.304831 -0.147441 3.191041 -0.192562 0.900571 -5.423425 3.568633 -3.298102 -3.996501 
5132419932456932310.mp3 :-169.714295 114.683426 9.882594 34.578835 7.004215 9.836798 12.549384 2.139520 0.034337 8.529167 -3.531602 3.845515 -2.849580 1.015094 0.763911 -1.104398 0.774652 4.280350 1.213724 4.727352 -6.112977 -3.581287 -3.277887 0.510464 -3.808982 4.224636 -4.970269 0.505159 -6.243941 -1.507820 -1.364600 3.208089 -3.597378 -2.020209 -3.443854 2.701774 -0.034444 3.084673 0.981294 -0.246733 
5140357432590825088.mp3 :-68.694147 94.124977 -0.815784 24.366710 3.221920 4.987542 4.881424 6.969474 -3.251028 3.269774 -9.890370 -0.282889 -2.740010 3.203135 -2.942104 3.754694 -2.250709 4.411816 -2.370287 0.667433 -4.762778 3.036776 1.031728 2.885604 -1.202821 3.551423 -3.328436 1.903991 -4.635319 -0.912297 2.297508 4.536401 -4.763961 -3.969665 -6.613110 0.135582 -3.698800 1.056571 -2.207512 -0.149723 
5135974876707824723.mp3 :-164.837579 103.275330 -2.202093 19.319007 -4.036063 2.436727 -8.679146 0.453752 -13.328842 -3.600680 -6.356411 -9.925902 -3.704159 0.345798 -4.996216 -1.373693 -4.410942 -4.800514 -3.633246 -2.558788 -4.273547 2.695837 -3.761180 -1.812777 -7.289349 0.331592 -5.055144 5.833230 1.638700 -4.782726 -6.680336 0.467150 -1.160291 -0.470087 -4.433410 -3.305886 -6.237672 -3.016965 -7.614215 0.088508 
5142608160538779802.mp3 :-82.473586 74.397453 23.096324 26.759203 1.771167 -0.590566 -4.199893 4.320577 -10.128360 5.132660 -2.913996 -2.072526 -3.787783 -2.651495 -6.800197 -2.181099 -5.231240 -1.260228 -3.784661 1.270462 -5.075300 1.388710 -7.732920 -0.614262 -5.095969 0.861192 -3.164720 2.354762 -3.609338 -0.049576 0.751790 3.428216 -5.421672 -2.228345 -7.519610 -1.654347 -4.539811 1.116376 -3.073893 0.469657 
518045454244271435.mp3 :-87.255154 119.098495 -6.338375 18.595002 -1.472529 -1.842392 -8.781665 4.207650 -16.749387 -6.409467 -8.182922 -6.884322 -7.065082 -4.029287 -8.979835 -4.296150 -9.028128 -6.065063 -7.532670 -5.096799 -7.976052 -0.879603 -4.697353 -1.749572 -2.632212 -1.598117 -7.618800 -2.623139 -9.231847 1.924617 2.070473 5.331722 -0.627336 -1.011142 -4.134343 -1.477439 -3.367149 0.519870 -0.405296 3.379906 
5185802042104343741.mp3 :-247.481627 120.665729 -15.171359 28.371603 0.674555 -3.079770 -0.500067 3.622092 -13.965999 -1.726338 -5.692981 -4.325263 -1.949803 -3.849360 -6.713157 -0.341325 -4.079530 -1.308585 -3.863702 1.364237 -3.724130 0.310315 -4.052568 -0.962172 -3.562074 -1.036686 -2.254019 1.059263 -2.606018 -1.425960 -2.594459 5.228502 2.261004 1.154281 -1.710530 0.099277 -5.385766 -2.922804 -1.795680 4.133863 
5125457927083072527.mp3 :-144.979128 94.196984 33.530135 20.288450 9.959035 11.141669 0.454576 7.658922 -11.822436 8.645703 -0.342637 0.894192 -4.995987 1.519818 -3.244465 1.345909 -5.250281 5.942821 -3.588627 -2.427145 -3.636201 -4.548021 -3.069321 5.984942 -1.899405 1.372430 -3.257085 -2.607639 -5.960816 3.623391 1.418575 1.325769 -3.976016 0.228489 -1.662249 1.931410 -2.232117 1.259720 -2.315365 -0.426743 
5173796760905634637.mp3 :-92.351457 97.626058 -10.808887 43.485184 -3.880997 16.641377 -2.860097 3.182426 1.773810 0.902509 -0.711539 -0.192035 -0.131404 1.624398 -3.043681 2.150268 -1.146878 4.121114 -4.530391 -1.080075 -8.994552 0.397968 0.854233 7.082957 -1.029284 -0.337865 -4.510244 -3.891631 -6.507167 -2.180354 -0.722089 5.286098 -1.757372 0.191625 -4.399831 -0.236084 -5.639450 -2.060681 -1.743960 0.211554 
5163343444124976658.mp3 :-75.311567 60.384288 21.273732 24.963190 -4.044939 13.883898 -8.445758 7.893426 -2.718746 5.252971 -7.933596 -0.968960 -6.666534 1.303265 -1.694204 3.652311 -3.287553 3.194974 -1.306267 -2.405952 -5.564872 -1.335053 -0.908754 5.451847 -2.249293 2.212401 -4.400746 2.819322 -2.108505 2.286862 -6.949459 -0.387340 -2.341707 3.822499 0.324518 0.859421 -1.812038 -1.498989 -4.625685 -0.655769 
5151813107671745276.mp3 :-221.137872 126.832116 -15.879967 11.198904 -12.360738 -7.065607 -15.279338 -10.128974 -12.809089 -2.562792 -7.972641 -3.519242 -3.681665 -5.434197 -7.489189 -0.299972 -4.194610 3.942188 -1.695419 6.208969 2.396967 4.297864 2.467454 3.387038 -0.458362 -0.766863 -6.623941 -2.313122 -0.663315 6.743041 8.637757 3.231771 1.539943 2.672974 -2.772734 -0.029921 2.107496 1.303620 2.983324 -0.524414 
5143561953770426441.mp3 :-140.767088 88.888023 22.375675 21.664567 2.978071 9.080647 0.852084 -3.408862 -0.623567 -0.485553 -3.189935 0.782498 -7.170114 -0.151379 -2.211729 3.033272 -3.796817 4.449932 -0.125997 6.247376 0.411674 2.295775 -7.226012 -2.090518 -4.351694 0.321106 -4.559830 2.270846 -1.980253 1.078599 -8.090130 -2.076431 -2.108503 -0.481118 -4.527743 1.118493 -5.225265 -1.933997 -4.994681 2.347302 
5130380800318291661.mp3 :-91.636916 66.132205 6.224499 23.003729 6.200119 9.639965 -1.554739 8.595432 -4.576856 2.082763 -3.020025 5.658105 -1.750574 4.262792 -2.154877 4.026527 -2.098758 3.953849 -2.113734 1.843666 -4.678129 1.726105 -4.268566 1.415790 -1.752258 2.152835 -2.869550 3.328101 -1.291717 2.781617 -2.694790 0.234092 -1.620577 4.429175 0.498253 3.803555 -0.673159 1.958772 -3.451545 -0.173427 
5123864435305107554.mp3 :-122.653379 86.114184 38.670421 28.872327 15.307861 15.576664 4.211684 8.787551 -3.191300 3.347897 2.268899 1.514085 0.572571 -0.230247 -0.574514 0.430087 -8.330532 -0.320154 -3.029945 -0.602652 -7.925738 0.378717 -8.717873 -1.885528 -4.200558 2.249992 -3.895475 1.182956 -2.691089 3.638858 -5.766134 -4.267179 -6.426525 -1.638790 -3.187546 4.085968 -0.917683 2.398885 -3.100415 -0.201093 
5158918012855909651.mp3 :-150.555269 81.263628 15.630292 34.996569 3.147871 7.662678 -4.976153 7.101099 -15.375134 2.826546 -9.580868 -1.977800 -6.890399 0.242104 -5.011798 -0.487816 -7.132580 -1.405279 -8.681909 -2.957821 -8.312223 -2.025382 -5.278972 -1.486248 -3.471095 0.821882 -0.092842 2.885973 -2.154144 0.969133 -1.755144 5.127284 0.668796 1.383681 -5.427602 -2.955527 -8.002967 -2.546241 0.562539 2.429756 
516462071481765855.mp3 :-27.086914 76.983356 -2.749397 15.494953 0.873407 5.996947 -6.128268 2.225533 -7.075247 3.367442 -5.668061 -1.321032 -4.418365 1.932004 -4.879754 0.126046 -6.604593 1.133508 -5.112615 0.035300 -4.939690 -0.627820 -5.879873 0.114019 -3.634219 1.710871 -4.765498 -0.525920 -3.555485 3.057110 -1.099959 2.210273 -2.464758 0.692669 -4.921890 0.498169 -2.900254 1.209929 -2.195915 0.672474 
5179806692985551714.mp3 :-132.444945 67.133406 11.722696 17.776979 2.562628 10.585062 10.974048 7.206428 -2.863543 4.780412 -8.016726 -0.161202 -4.414074 4.797731 -2.017984 4.609064 -0.318152 6.691533 -2.598096 -2.940908 -5.362955 4.214759 -0.130991 2.969627 -5.525521 -0.757506 -4.342533 -2.236680 -4.194174 2.182403 -0.115625 1.402023 -4.336578 1.149261 -3.379337 1.548083 -4.110802 -2.718698 -6.035098 0.096131 
5135622623159155017.mp3 :-151.866342 63.840656 3.115352 52.426999 12.678158 1.582208 8.449512 17.238449 -9.328971 -1.622626 1.793943 -0.717813 -2.033010 3.716359 -3.617948 0.511666 -8.174100 -2.678004 -5.860307 -2.190127 -7.484280 -3.396592 -9.087609 -4.905560 -9.084217 0.100458 -6.454923 -1.658938 -7.199981 -2.946052 -3.333132 0.950390 -5.164888 -2.792116 -7.277950 -3.595193 -5.042136 1.358860 -2.213819 2.764734 
5190499677722301056.mp3 :-310.818679 113.567725 2.531568 2.118660 -8.522121 -7.056815 -4.270524 -17.834290 -17.226179 -5.578903 -15.892224 -4.956650 -9.766556 -12.212365 -10.529259 -3.965944 -5.123028 1.752794 -2.717997 0.757540 1.659543 -0.690445 -0.628302 2.867188 2.290640 3.005458 -1.088047 1.855044 -1.277446 -2.630635 -5.441997 -2.263760 0.651234 6.378326 8.364853 6.893459 5.071492 1.866066 -4.159429 -5.974165 
5142631072074430105.mp3 :-94.339064 88.699486 12.712971 8.045511 13.751542 5.354117 10.985914 -3.429914 -1.815606 6.483526 -2.659410 5.300311 -4.656439 -1.378920 -6.158158 5.294838 -0.337064 6.895659 -3.071881 0.744765 -1.829461 2.343082 0.296921 2.525724 -3.267574 1.535589 -2.885206 -1.329140 -4.962489 0.714442 1.814841 4.677454 -4.524317 -0.018690 -3.757264 -0.406021 -2.717002 1.671105 -3.109733 0.925452 
5157940606825808750.mp3 :-189.572166 65.332239 9.140300 32.179751 8.987907 14.806637 2.688656 7.826355 -5.698557 7.829316 -5.474524 2.281875 -7.019774 0.273148 -4.696638 2.121422 -3.467520 0.638791 -9.900797 -2.383644 -6.899075 -1.831758 -5.743802 -2.029823 -7.739056 -3.198241 -5.980522 -1.183408 -5.308410 -1.372275 -0.087857 5.493313 -2.687507 -1.699063 -4.513871 -1.168880 -5.788130 -1.744707 -2.585350 0.629562 
5143751810507784694.mp3 :-169.634358 98.727608 21.777312 37.632230 7.788022 7.412756 -2.542799 8.355469 -18.080520 4.772160 -3.334715 -1.323234 -5.665523 -1.775547 -6.152501 -1.432548 -10.328099 -0.928306 -6.250961 0.604917 -8.173953 -7.638473 -16.018888 -1.970336 -7.473931 -6.462540 -1.009348 2.366141 -8.403896 -6.067922 -10.323485 3.595979 -1.095095 0.016373 -7.416903 -1.351047 -4.073486 -1.167310 -0.602429 6.233158 
5167121100222174229.mp3 :-210.212923 121.625789 14.834430 26.721282 3.697327 3.194462 -6.744887 8.556781 -15.579917 -0.454177 -2.400071 -10.350791 0.351505 -1.447400 -4.161649 3.708447 -5.491895 -2.785748 0.448053 -4.025633 -9.214688 -1.277605 -5.716889 -0.464285 -1.385367 1.285658 -7.539350 3.894237 -6.723005 -2.705059 3.359267 0.538759 -0.401589 -4.127408 -7.240008 -1.769020 -5.723050 -0.034300 -2.985100 -0.648796 
5127318410726149025.mp3 :-85.338360 68.482098 1.859384 23.933548 0.563152 8.563999 9.219758 -0.829954 -2.721017 6.534707 -8.072186 0.059015 -2.741380 -0.534115 -2.809110 4.702306 -4.182201 5.952589 -3.663265 4.358127 -7.207001 -2.499551 -5.945600 2.355477 1.408773 4.871801 -3.099867 -0.778277 -5.346634 0.013963 -1.713565 0.690418 -7.852447 0.680044 -1.441892 2.567269 0.308154 2.956446 -2.934337 -1.255447 
