626352413466039220.mp3 :-118.170542 99.173356 3.469278 27.253119 -7.236119 2.645931 11.317849 -2.725463 -4.944479 8.511498 -2.047347 4.367941 -1.334978 1.829351 -0.211390 2.119831 -4.415675 0.095901 -5.393792 4.919945 -3.600455 2.720760 -0.066629 1.266204 -3.220270 2.866554 -2.243008 2.102479 -2.143542 -1.881426 -6.849792 -0.492097 -1.731195 1.410772 -3.583251 -0.389342 -5.251325 -0.516334 -4.464137 -1.136155 
6234423895877010638.mp3 :-83.130060 87.879105 16.893822 33.191887 -3.723117 17.111601 -5.757638 4.917079 -6.071724 -2.271663 -6.135733 -0.393198 -2.735307 -1.683021 -2.594768 -0.215624 -2.982665 3.101083 -1.146172 1.836458 -6.020167 -1.349994 -1.882447 6.654391 -1.540700 2.673678 -2.832210 1.779800 -2.510678 -2.973911 -6.906351 1.117077 -3.459328 1.695985 -2.290048 -0.148406 -4.560481 -0.850171 -1.453243 -0.457616 
6230305253644584015.mp3 :-70.054667 64.667192 19.204726 16.667321 10.116298 7.466645 8.603471 -2.111222 -3.360989 3.966077 -4.085403 -1.349725 -2.350308 6.451659 0.643856 0.799734 -5.280240 -2.459122 -6.677353 1.367503 -4.002895 1.203805 -4.134175 1.061487 -4.781704 2.917981 -1.752689 1.521412 -5.732158 5.166611 1.689918 1.098800 -6.192702 -0.256022 -5.698159 2.850775 -2.620102 0.267839 -4.459895 2.983229 
6236694221792094925.mp3 :-121.335225 75.841420 -1.132936 24.427535 3.186250 10.792356 -4.201293 4.475899 -5.005340 -0.042976 -6.113108 5.233800 -5.743471 3.014062 0.678881 4.084143 -0.752949 3.254270 -2.858445 -0.604332 -6.081141 2.233283 -1.401135 3.356131 -4.309164 -1.275600 -6.094881 -2.469425 -6.115258 -1.281770 -2.346460 2.169377 -1.680441 2.227835 -3.792232 -0.761614 -5.098119 -3.310091 -6.295586 0.719537 
6244275829050511927.mp3 :-144.701936 107.306471 20.336228 18.173749 6.268120 4.469670 -0.225780 -3.630130 -11.280135 -4.356080 -14.361379 -5.125609 -9.701377 -4.196471 -5.296024 -1.080557 -5.403148 2.441008 -2.056919 3.980153 -4.737925 -0.301260 -9.223285 -2.713499 -6.069473 0.095389 -4.250391 2.630834 0.451536 2.669362 -5.248575 -4.792778 -4.530086 2.223416 -1.564261 -2.290872 -4.910292 0.535344 -2.608468 -1.106496 
6201599353059048025.mp3 :-151.327598 112.490468 18.098814 24.823466 2.381266 -1.678298 -0.081006 6.371046 -11.491903 -7.410323 -5.373190 -5.008326 -3.924250 -2.099042 -6.375930 -2.502938 -8.230499 0.004422 -5.312464 -2.837750 -9.725159 -4.396012 -1.939046 4.944886 -0.698976 2.999987 -4.598950 0.172492 -7.437405 -7.774923 -6.766601 -3.309201 -1.683105 1.755304 -3.947403 1.764999 -3.877110 1.141256 -5.065614 -1.360487 
621526507563634947.mp3 :-128.691897 94.129384 29.107997 28.185466 10.386305 13.097161 0.582071 7.212039 -7.509154 12.514070 -8.647242 1.010016 -3.537025 4.889760 -3.048765 2.883080 -0.203826 4.463551 -2.060713 3.822362 -3.231206 5.161609 2.480906 5.825090 1.740338 2.710119 -2.899697 3.199149 0.183787 5.647053 -4.015849 0.279112 -2.840238 2.430101 -0.943873 0.916610 -2.581665 -2.542241 -7.895968 -4.710058 
6224067705817721765.mp3 :-213.870360 108.130258 -8.767376 26.125503 8.637679 3.764571 -0.089387 5.469393 -6.648022 -1.802754 -5.532074 -3.533437 -4.695491 -0.834888 -3.154784 1.871937 -5.891614 -3.380969 -6.865559 -4.001238 -3.057321 0.498506 -4.373945 -0.633189 -4.517261 0.496240 -2.211440 2.034032 -5.107786 -0.796709 -1.863967 2.242461 -2.045397 -2.323196 -4.628235 -3.690799 -6.117745 -1.660391 -1.129944 4.931795 
6207673328320116339.mp3 :-96.532553 93.259947 26.576303 36.277289 9.332680 6.847517 5.987241 8.029688 -11.177612 7.295361 0.589959 7.908935 2.293677 2.532403 -3.655044 2.030963 -4.740986 3.549182 -3.909889 1.984257 -1.104466 4.046489 -0.908875 6.639027 0.918942 3.236658 -1.227727 3.774959 -4.681845 -2.840367 -3.293605 4.778267 1.996168 3.347632 -3.573155 -0.205888 -4.134277 1.187769 -2.239195 -2.294325 
6231164481274934822.mp3 :-90.577934 98.483793 14.132013 24.465586 3.896522 -0.175943 3.774852 4.695035 -7.869835 9.699406 -2.885490 1.933312 -0.866136 0.760835 -3.272635 3.136028 -5.573281 3.545724 -6.004720 1.070678 -4.208651 1.559957 -2.880662 4.488791 -2.359075 2.546641 -1.939751 2.133481 -1.316888 2.415417 -5.643568 -3.000373 -2.275710 4.241724 -0.807904 4.703204 -0.756034 1.066989 -2.240379 -0.085388 
6254324704962590493.mp3 :-82.341472 84.966555 5.256798 16.243286 -5.923868 7.389853 0.182290 4.440827 -3.120651 4.187901 -6.385236 -0.477938 -4.744708 2.374365 -3.561143 0.429503 -5.579597 1.734751 -4.093654 2.950718 -3.919441 2.480233 -3.489451 1.241400 -0.724029 3.411920 -2.235189 3.605275 -1.979238 1.706975 -3.093206 1.930906 -1.394144 0.896105 -4.509978 -1.889273 -4.932680 -1.731010 -3.910637 0.697821 
625362206786982166.mp3 :-113.184163 94.896303 15.937267 12.066121 4.510276 2.784163 -2.297064 2.968159 -8.829317 3.532144 -4.586833 -0.134944 -3.030087 1.656736 -3.827960 -1.954710 -6.616760 -3.806756 -9.636436 -2.483369 -1.979321 -0.691987 -4.755433 0.862155 -4.179868 1.167950 -1.470209 4.940819 0.322271 2.448045 -1.536319 4.764957 0.624883 1.061198 -3.515848 -2.127934 -5.988154 0.243590 -1.678510 3.263964 
6210361613420819497.mp3 :-13.238676 57.719689 14.512764 38.037896 10.346650 10.481396 1.909350 12.093263 -6.500644 8.251333 -6.228805 0.036386 -3.819789 -1.513093 -5.509501 0.910700 -6.823390 3.767557 -8.550882 0.918688 -6.253262 -4.389083 -8.356540 1.120943 -4.752514 2.403569 -1.415616 1.914758 -4.663600 1.577053 -0.752783 0.474731 -3.840622 0.567455 -4.454045 1.697554 -1.396337 3.922959 -0.657426 1.736408 
623386614950608013.mp3 :-194.046762 88.282291 19.649119 16.156751 8.093751 1.510946 9.501872 -5.675265 -12.516343 3.990008 -12.181785 -8.775287 -9.627408 -12.944669 -12.697893 -5.089191 -10.626349 3.541637 -7.945499 -0.355970 0.637129 5.807677 0.865937 3.528523 -5.864550 2.269374 -6.065888 -2.573393 -2.080391 7.828991 1.560812 -0.130552 -6.726861 -4.075531 -5.146748 -2.474268 -6.480894 -1.372638 -4.513651 1.147117 
6217410980000308346.mp3 :-102.308982 81.063163 17.249913 27.330255 2.189570 5.684008 -2.129752 -6.813223 -11.750842 -1.701608 -11.224970 -2.094914 -11.748464 -1.386265 -9.793391 -3.975823 -8.464122 2.005785 -3.868574 -0.205965 -5.455588 3.327884 0.217208 5.600631 -2.842971 1.830728 -7.946826 -3.802666 -3.856290 2.495546 -1.611045 -1.491558 -5.250853 2.397507 -2.471903 2.974500 -2.776231 0.189464 -4.839380 -3.505275 
6263930544299474765.mp3 :-135.901267 103.101484 14.795629 25.736867 3.582822 11.903823 1.306861 2.534505 2.929650 4.895349 -5.010904 3.804210 -2.997418 -0.610047 0.129010 4.291407 -0.352436 -0.486305 -5.794101 0.149722 -1.669336 3.882941 -3.188726 -0.816239 -7.105103 -1.205343 -0.879810 6.016028 -0.216005 0.038855 -5.530437 -0.805007 -1.746703 0.476685 -4.402516 -4.380635 -7.430354 -3.237942 -4.938244 -0.886100 
6204834499551892422.mp3 :-139.894242 79.431097 37.007868 40.818073 14.411605 12.531449 -1.183202 7.006160 -8.923239 -2.513733 -4.228680 -1.164440 -6.446459 -3.937828 -6.259557 -0.592042 -10.806498 -4.807881 -9.212087 -3.333981 -7.428085 -4.788757 -9.256801 -4.442940 -6.282885 3.109585 -2.540736 5.287921 -1.541918 -0.803252 -4.685353 0.137896 -0.746550 1.660483 -3.687878 -0.363572 -4.232792 1.965628 -0.078292 4.153867 
6237770776319526267.mp3 :-96.064782 82.453939 -2.905830 31.873273 6.468993 23.143876 4.151503 12.647924 10.607524 1.626938 -1.940396 4.231607 -1.540528 -0.443673 -2.275139 4.659782 -4.472108 3.951970 -0.761301 6.784759 -0.268823 1.015987 -5.516527 2.212060 0.360817 3.352788 -1.129892 3.192803 0.885497 5.114858 -4.138756 -1.981406 -5.817759 2.448404 -0.022384 3.613895 -2.830862 1.084758 -1.294493 2.811133 
622491797230490823.mp3 :-122.625592 102.733650 10.960166 15.923602 8.302525 -5.377464 12.199774 -4.590626 -8.400455 9.882702 -14.575533 4.227370 -12.071845 -5.238418 -5.757827 -5.622222 -5.056149 -1.342669 -5.009044 -0.570252 -3.092499 1.558122 4.753549 1.100920 -5.088265 0.159689 -11.583476 -4.817868 -8.607546 -3.608268 -0.199510 2.300641 -3.943678 -3.259045 -8.345016 -0.285875 -4.764045 -3.188693 -5.842194 0.026279 
6266203947100097511.mp3 :-67.850562 88.434714 -1.712337 35.441532 12.498078 11.583181 -0.003942 -0.929543 -0.493591 1.863868 -3.019771 6.271426 -3.704165 2.005566 -3.405590 0.323704 -8.912973 -7.137380 -2.922614 0.503059 -7.954338 -1.044118 -8.088741 -0.447178 -6.606908 -1.787764 -0.084867 4.232044 -3.690925 0.702180 -7.056647 -0.834243 -3.042008 0.816763 -5.381845 -2.087074 -6.415144 0.801981 -1.100805 2.174337 
6259979080868653479.mp3 :-98.036761 82.293829 -4.144379 32.375802 3.953961 6.104907 -12.599554 4.560659 -11.177015 3.534136 -6.936695 -3.371099 -3.769462 0.679145 -5.225264 -2.012417 -3.613307 0.357494 0.843805 0.802969 -1.469544 -4.272644 -5.377750 0.384556 -3.516699 -0.091844 -6.979938 1.144590 -3.770808 0.870362 -2.436807 -4.738048 -1.982444 1.976475 0.843469 3.098631 -2.421406 1.589669 -3.795307 -1.623624 
6199008265110499096.mp3 :-55.385505 75.871893 -0.599970 26.065001 -3.832549 2.371297 -1.554366 4.491032 -9.076981 8.509614 -1.247968 2.494437 0.388809 -0.709986 -3.689765 1.828295 -4.039786 3.645756 -2.100230 1.844167 -2.234480 3.207826 -2.071687 4.260874 0.056240 1.870823 -3.096209 0.361576 -6.499034 -0.010571 0.945802 2.450346 -1.968336 1.750090 -3.250613 2.269832 -3.382761 1.818617 -2.302092 1.898933 
6245816968741299944.mp3 :-148.556631 88.740216 14.048778 21.921041 2.605131 3.466584 1.851463 9.820950 -12.216568 7.438817 -5.866149 -2.399626 -3.628807 -2.031976 -2.996407 -0.940711 -5.433694 -3.663673 -8.344669 -1.669421 -1.162354 0.842953 -8.320122 -2.788597 -7.813942 0.372587 -3.511795 4.464573 -2.273746 4.272570 -1.153576 1.286642 -3.141541 -0.317854 -5.457768 0.651660 -2.360120 0.108442 -2.633925 0.967794 
620904711562943812.mp3 :-55.515201 72.615144 10.748174 23.807918 3.755965 19.142802 3.317351 14.180874 -1.304750 3.896597 1.419258 7.200410 1.232427 3.222936 -0.431872 5.254411 -3.588559 4.464537 -1.283098 3.604013 -3.195034 3.699250 -3.413367 3.052451 -0.490642 7.154097 -0.239541 5.748445 -0.679999 3.865703 -2.299901 2.266972 -2.048820 2.874661 -0.759987 3.654720 -3.362285 2.339303 -0.448232 3.815193 
6209278604410396115.mp3 :-181.228192 108.840244 -1.627640 0.513267 -15.018755 -14.986177 -4.439521 -17.230808 -26.265602 -1.767031 -23.381201 2.662872 -11.847635 -2.971048 -10.673782 -6.341758 -7.959163 3.703592 -5.413274 -2.633471 -8.381311 -3.996973 4.119299 6.375330 2.580550 2.997524 -4.896687 -8.697932 -9.979451 -0.738580 -0.043150 -3.427640 -4.639422 3.619301 1.316010 3.351524 -1.794466 -3.831403 -6.347421 -1.596301 
6216969981177099197.mp3 :-85.158509 83.911224 -11.560428 25.401609 -2.806756 24.112970 6.628465 13.563900 -3.748584 6.714373 -0.751631 6.881475 2.429092 -0.639672 -0.377972 2.352948 -1.816440 3.495994 -1.186024 3.221148 -3.066084 3.983077 -2.514844 3.871023 -3.634270 -2.762756 -5.866827 1.079764 0.131787 3.432573 -3.476753 -1.780855 -1.608783 3.338110 -1.560152 0.744504 -4.053152 2.072930 -4.624895 -0.828336 
6203271250299014776.mp3 :-231.075595 108.475200 5.844828 40.001903 9.950746 14.718544 -0.885672 6.883621 -7.309989 0.432649 -7.280344 -0.979607 -3.147157 4.986551 2.859275 2.747090 -2.509617 -7.605522 -6.318960 0.738377 1.292464 2.417688 -0.944068 -0.564862 -2.607926 -0.529376 -0.419538 6.221199 1.473110 -0.649650 -2.162610 5.221152 2.546146 -0.012017 -6.776908 -4.278302 -5.732437 -5.719575 -0.323200 5.660370 
6242291173133953950.mp3 :-150.208657 76.161324 0.288385 24.012110 -8.556983 8.526856 -0.514083 -0.120156 2.615287 4.684711 -0.626454 1.820361 -1.531815 -0.481267 2.568421 2.836897 3.366127 10.779432 8.492862 10.247416 0.764677 3.789283 -3.986538 4.002067 -1.934707 3.314203 0.942944 1.485058 -2.356688 2.384556 -0.627563 6.378196 -0.725359 3.657597 0.189061 2.749213 -1.003912 1.790588 -0.711856 2.306159 
6251020342474509594.mp3 :-176.206359 102.042796 29.748906 31.676991 0.685037 10.512619 2.710970 -5.971631 -4.631215 2.044417 -13.640242 -1.970491 -9.963436 -4.558464 -4.686620 -1.614804 -5.172486 2.402601 -7.359206 -0.877266 -3.199710 3.768738 2.672868 1.506087 -5.817890 -1.121021 -6.606518 6.722748 -2.933393 -0.596595 -2.503194 4.305818 0.099375 -0.231564 -6.255380 -2.715183 -9.468064 -0.667419 -5.354680 -1.613838 
6196783859170657600.mp3 :-166.305636 86.114426 15.855386 37.693037 6.675250 9.472507 1.617581 6.397468 -8.595151 8.306101 -6.073759 2.752658 -4.352441 -1.389750 -3.666921 -0.993354 -5.302256 1.810865 -5.051160 0.894281 -5.523770 2.060363 -6.754436 2.456697 -8.506332 -2.434515 -6.497848 -2.497106 -8.040150 0.542320 -2.620274 3.800820 -3.255993 1.337223 -4.297925 2.199420 -0.611157 1.818318 -3.595664 -1.630171 
6245047509009235083.mp3 :-144.100588 100.416553 1.631702 32.429816 16.603767 8.622043 -4.370024 20.280434 -9.824441 1.480306 3.888007 1.028664 -2.572255 6.776072 -4.671578 5.010854 -2.030061 -0.424313 0.886121 0.591680 -4.159424 -4.316878 -0.339088 0.919127 -3.653995 1.875020 -3.514894 -2.654411 -5.547642 -3.572380 -3.032677 5.640774 2.599165 3.378528 -3.817405 -1.389197 -4.808333 -0.172286 -1.684313 -3.902163 
6247114259839461039.mp3 :-45.070252 50.744483 18.038084 23.407319 -2.568998 6.666329 -3.719987 2.043963 -8.229521 2.320856 -6.847267 1.977834 -3.225092 3.871131 -3.798035 0.970811 -5.374515 0.335158 -5.600865 0.145370 -5.000579 -0.409894 -7.198438 -1.458226 -5.742455 -0.014539 -3.518998 -0.308446 -4.880118 3.423258 -0.158839 2.530460 -3.880259 -0.385869 -3.804794 1.514326 -2.754967 1.972882 -3.470484 -0.834061 
6255808387273552821.mp3 :-124.027753 102.814444 26.705812 31.214877 -0.677924 10.607571 0.983881 2.502138 -9.627493 1.503949 -9.904532 -1.320972 -7.969969 0.229669 -1.882239 -0.524036 -2.043071 3.128492 -3.520375 0.479391 -1.107603 3.693913 -2.054209 -2.772487 -9.047440 -3.139295 -6.784415 1.887710 2.919155 3.049640 -1.408213 -1.409163 -1.389309 1.194901 -5.010546 1.383220 -3.270537 0.770965 -6.098218 -5.689863 
6256466900093876629.mp3 :-101.508037 86.364098 12.708512 14.272954 1.066597 6.103614 0.878102 2.446397 -3.184293 8.203095 -1.955466 7.294541 -1.429822 -0.266972 0.384298 1.868856 -1.703854 6.076386 -3.743600 4.119551 -3.325137 2.261855 -0.099741 4.656312 -2.310105 1.713978 -4.860755 4.181864 -2.857079 2.374190 -5.866954 2.638158 0.037035 7.310176 -0.406197 1.122384 -2.250617 -1.123132 -3.015199 -2.932774 
6238113412518083978.mp3 :-140.412200 114.847934 -2.908697 22.628057 -4.195685 3.910133 12.526380 -7.231692 -6.316754 7.634181 -11.288033 0.352272 -3.524852 -0.906838 -0.427089 2.083010 -2.765218 1.972828 -2.642784 7.788252 3.713556 4.904345 1.730748 2.608013 -2.516048 4.616636 -0.406140 5.589252 0.626497 -0.154558 -2.096296 5.066056 -0.766586 2.531406 -2.565578 0.976881 -3.226410 1.834181 0.780369 3.229497 
61950652121471199.mp3 :-104.047298 96.127396 28.329066 30.956100 9.164779 4.373646 6.010708 1.211438 -10.934531 4.842562 -13.069038 4.715254 -6.842774 -2.012403 -3.931565 -2.413326 -1.442627 5.909955 -2.006712 4.244250 -2.967026 0.856476 -2.488894 4.027936 0.793750 3.467521 -0.811377 1.701854 -5.886480 -4.290799 -3.286678 3.714926 -2.890038 -1.279379 -2.715304 1.064865 -2.342323 2.412504 -1.817318 1.817259 
6206847509919136534.mp3 :-196.080098 120.728976 38.343962 19.754123 8.082706 6.184247 10.980251 -4.415504 -7.941131 1.940142 -15.003464 -4.373893 -8.951879 -5.605089 -6.136392 -0.143012 -6.222125 -1.156795 -5.340342 -1.156596 -3.575158 -2.647725 -6.249149 -1.196228 -2.299771 1.515801 -3.810856 2.174142 0.882960 -1.134338 -7.978366 -3.966484 -1.923217 2.873026 -1.467660 0.168623 -4.114351 -2.319602 -4.265087 0.564433 
6262610138796465706.mp3 :-219.190101 128.258802 7.887067 26.005232 1.331177 3.743385 1.089602 -10.932837 -8.753431 -0.963780 -7.821014 -7.139376 -11.784806 -6.021187 -8.935356 -2.292746 -6.436989 -0.380575 -5.287102 1.886184 -3.970342 -1.653943 -2.567562 -2.116321 -1.954685 -1.251153 -5.992150 -1.654533 -5.389731 -4.601862 -6.266425 -1.166245 -4.768277 -3.514346 -6.779740 -2.778294 -3.215658 -2.577531 -2.717644 -0.956376 
6254215699622050124.mp3 :-216.458753 131.329945 -5.497836 17.999290 2.589777 -5.326260 -3.269546 3.932028 -14.953365 -2.909270 -3.512132 -3.354743 -1.250604 -2.648450 -6.983846 -2.705597 -4.439677 -6.275746 -4.323344 -1.552234 -6.385614 -7.481868 -5.547410 -3.716995 -3.193912 -0.994361 -5.678782 -1.515897 -5.718071 0.832578 -6.281191 -6.403891 -8.636172 -1.690605 -0.211999 3.357808 3.366531 2.611337 -0.205110 0.501183 
6226123615156526488.mp3 :-166.051165 115.934098 17.666367 26.322405 5.441396 -0.228347 -0.668359 8.628064 -13.300002 -0.537199 -2.095926 -9.817801 0.226909 -0.560417 -7.211865 5.485210 -7.537066 -0.570529 -1.935535 -2.136751 -9.039348 -0.496019 -6.921358 0.252715 -3.568123 2.991054 -8.327440 0.624342 -5.786842 -3.543703 0.553829 0.602726 -2.029555 -4.077256 -7.242917 -1.748255 -5.736067 0.303299 -3.488617 -0.509058 
6197796317717812206.mp3 :-82.299745 84.981157 30.016611 38.651553 15.969695 9.246035 6.404176 3.470151 -6.897830 2.755289 -8.980524 -2.421927 -3.690437 0.391865 -3.845259 0.528941 -2.118336 2.478230 -8.187227 -0.430451 -7.759206 1.809442 -0.667275 3.049833 -3.271965 3.992674 -7.835227 2.327946 0.989417 -0.266616 -4.527260 2.834046 0.727173 5.343880 -1.603852 1.408436 -5.865316 -2.373176 -9.906048 -2.353328 
6209627941096054207.mp3 :-105.675845 116.861224 26.793229 25.700295 6.610698 3.876504 0.730740 -0.049106 -6.456577 4.751481 -9.346344 0.877756 -3.657815 -0.790086 -2.413915 -1.469227 -3.772038 4.369210 -1.151884 4.745186 -2.151752 2.297699 0.974451 2.037952 -4.270968 2.343811 -6.265581 0.926956 0.425864 4.587814 -4.172722 0.663504 -2.864399 2.741581 -2.776009 0.667342 -3.763106 -1.208611 -5.706757 -1.599257 
6232274594276739118.mp3 :-170.700533 131.882867 -15.815172 29.626764 4.128298 -9.753565 -4.058825 1.310428 -24.910242 2.347870 -15.909952 -6.654359 -4.856154 -4.920321 -10.820060 -3.876789 -11.041152 -5.364020 -5.322055 -7.156718 -6.963678 3.255654 -7.167769 -4.696891 -0.778767 -3.898481 -2.010622 3.174005 0.006442 4.137339 4.576166 -0.052981 -4.121316 -4.481099 -8.231211 -2.012988 -1.105231 0.873870 0.096110 2.069302 
6206429523835827681.mp3 :-84.172219 80.304931 3.732964 22.348938 6.574148 9.083784 -2.048761 5.874464 -4.096856 3.517974 -3.885072 2.065514 -3.884560 3.924818 -3.421264 3.712822 -3.026839 1.690245 -4.074416 1.975758 -3.640047 0.809069 -2.624128 2.286854 -0.857266 4.578117 -1.901977 3.133720 -2.085162 -1.936117 -5.665163 -0.087972 -2.242011 2.267397 -2.936873 0.262747 -2.010142 3.746556 -1.149771 -0.251103 
6199126218501472935.mp3 :-167.672805 100.223425 21.388124 29.563322 7.669159 1.021760 3.115296 4.162847 -6.817227 11.135619 -7.761137 -1.280376 -6.217099 -1.208650 -5.738422 -0.546713 -3.868609 5.911972 0.199236 1.996036 -4.631406 -1.359102 -4.042454 2.810515 -4.422788 -1.182441 -5.729406 -2.401066 -1.483435 3.703367 -1.314653 -1.446564 -3.815832 -1.231442 -1.960241 0.244625 -3.732430 -0.322555 -5.923269 -3.452332 
6231048574067195608.mp3 :-83.995909 72.918793 24.143259 34.444569 8.130727 8.635650 4.700219 -2.595452 -2.291627 3.517395 -8.972410 -2.303244 -6.012203 -0.037735 -5.394943 -1.038314 0.094635 5.170262 -4.881263 1.494057 -6.345403 1.530626 -2.763561 0.599156 -6.220364 1.249023 -7.929316 -0.359581 0.602512 2.855501 -3.683128 1.291275 -2.403233 2.377110 -2.645986 0.057586 -3.986312 -1.658090 -6.623745 -2.552188 
6211064712031712903.mp3 :-84.729042 64.264905 -13.871845 29.631281 -2.270268 17.043659 -5.127490 10.607266 -11.905945 11.012817 -7.300496 6.704513 -5.276334 -1.049243 -7.572779 2.011851 -7.292945 8.133839 -1.395283 -1.947557 -6.069688 0.112676 -4.637107 3.178439 -2.646625 -2.583831 -0.930648 -6.077867 -4.968625 2.704897 1.475889 0.192763 -3.850116 -0.691340 0.302926 1.350341 -1.827230 3.994110 -2.590307 -2.300879 
6247049661307028000.mp3 :-98.798600 63.035812 14.091623 31.683853 5.612018 8.114010 5.459706 9.413810 3.730273 10.274585 -1.613876 4.994625 3.965373 2.709326 -5.509731 2.441439 -5.464975 5.991419 3.437569 7.124635 -1.560602 -1.117795 -5.221796 3.810355 1.975240 7.301097 -0.478398 3.363025 -1.553406 5.274198 -0.487940 -1.691072 -7.507808 -1.119334 -1.127486 4.281552 2.067930 6.379196 -1.076016 2.050272 
6252661630648072721.mp3 :-220.062580 109.264061 31.877236 28.838681 11.379675 10.567868 4.006165 -2.756212 -4.061689 3.988191 -8.542049 -2.497594 -6.379362 -0.860399 -7.366803 -2.766439 -6.988680 2.578327 -5.827161 -1.594314 -6.752925 1.096782 -0.088295 2.816127 -3.680429 2.011986 -6.574372 -1.729448 -7.457031 1.921387 -1.495492 -0.281570 -5.230828 -1.107029 -3.506771 1.556264 -2.138914 -0.553674 -7.025528 -2.719491 
6224372853863075421.mp3 :-150.947614 74.309264 12.189573 21.080568 5.459623 7.321123 2.112919 2.370811 -8.387400 4.743309 -7.225558 0.375010 -8.840543 0.898033 -3.862625 3.651927 -3.427768 3.524665 -1.495583 4.996347 -3.605194 -1.768533 -5.706827 2.609115 -1.293035 4.806057 1.384164 3.547672 -4.253795 -0.619289 -4.958542 1.390381 -1.931134 0.327204 -3.906234 0.507841 -0.804382 2.928845 -2.043992 1.897977 
