1646668483533887629.mp3 :-59.326330 85.391808 5.313602 36.143523 12.898195 9.070943 2.788507 9.736409 -1.447237 3.740882 -3.838526 2.337109 1.602215 0.789127 -3.494190 1.735653 -4.535025 -2.796741 -8.809485 0.624530 -1.292167 0.764026 -2.868381 -0.026250 -4.247442 2.222845 -5.720539 4.344843 -1.848402 -0.230107 -2.012884 4.341108 -0.595345 1.178045 -5.327907 -2.981494 -5.873146 -1.517761 -2.060568 4.364855 
170584772525921033.mp3 :-141.416236 68.993121 22.063411 22.620645 9.417406 1.716141 1.448029 9.219075 -6.050333 4.389507 -3.885107 3.718715 -5.641100 2.227785 -7.150436 3.032402 -2.529073 1.264577 -1.058078 5.755804 -2.323805 1.272560 -2.917916 2.089450 -2.414897 3.343306 -0.019215 5.837847 -1.095472 1.574599 -4.712460 -0.559246 -3.308873 0.256340 -3.855426 0.993656 -2.611628 1.463411 -1.437059 0.693888 
1683019272630345185.mp3 :-133.271315 87.498269 -0.204188 8.663093 -15.685125 -2.286506 -6.696776 -7.328218 -11.580766 -6.002243 -10.351955 -0.241703 -8.097625 -5.487154 -8.182178 1.862917 -5.400774 4.437686 -4.270886 -3.255875 -3.253915 4.949151 0.723483 1.966712 -3.004742 -3.887626 -6.072435 0.741055 0.781196 5.333896 -5.534554 -3.469946 -0.469451 3.287484 -1.764061 -1.853678 -6.777547 -2.601848 -7.093207 -3.274567 
1687067893277304322.mp3 :-107.353361 90.986276 -0.383446 11.889300 2.626201 -0.119219 -3.156477 1.625518 -8.205381 5.990959 -6.961078 4.201837 -2.661266 5.044754 -1.180427 4.670055 -1.913531 5.064196 -5.398044 2.500651 -3.751130 0.490268 -3.970028 -0.710558 -4.576973 1.237563 -3.946577 1.812152 -2.508148 0.347720 -4.015419 0.402673 -3.096699 -1.454647 -6.102861 -2.352385 -5.601709 -0.174125 -2.840770 -0.233828 
167650851263766400.mp3 :-59.853805 78.552361 12.227142 24.953365 3.635434 5.101504 -1.800447 5.699175 -10.104102 2.894933 -3.784136 2.347896 -3.412700 -0.331379 -7.520448 0.667848 -7.872059 -2.511718 -8.483964 -0.084337 -5.681495 -0.616192 -7.213978 0.229528 -5.343271 -2.022557 -5.396172 1.316186 -3.325893 3.147881 -0.685309 0.779380 -5.178131 -2.124841 -4.583174 -2.104003 -3.499941 1.551460 -2.497188 2.683397 
1663323782706276017.mp3 :-183.761332 90.420904 21.777358 17.288415 7.713348 2.511564 -1.134218 -3.890291 -6.271987 -2.231553 -13.423581 -1.823831 -8.699145 0.091595 -4.015878 -4.983937 -8.538092 1.403822 -3.643156 0.230754 -7.959257 -3.748248 -3.808654 4.544695 -0.190555 4.420206 -2.864081 1.135306 -0.999407 -3.224060 -13.251387 -3.911601 -0.785801 4.567453 -2.603453 1.139333 -3.531093 -1.874889 -2.293879 0.449672 
1689084900432704026.mp3 :-111.335394 63.593636 22.603739 47.362470 4.281626 13.148854 -1.893714 8.611953 -8.945121 11.589764 2.843598 0.484105 -1.887905 -4.612979 -8.242455 -3.598176 -7.336547 -3.219783 -12.131507 -7.463635 -2.546822 3.228032 -6.017569 -0.009876 -5.415329 -1.657240 -7.377289 4.956644 0.166549 6.191624 -3.951636 4.007940 -3.915489 -1.370528 -1.946496 -1.236996 -6.749224 0.290967 -3.743217 -3.639684 
1658717586618650163.mp3 :-142.951261 84.176432 11.573096 34.298630 -2.569575 3.780970 9.108135 -1.451461 1.065974 5.642895 -4.778763 3.703502 -7.794351 5.147174 -2.395393 3.193339 -2.025613 3.153135 -6.994374 1.294363 -4.509892 2.669108 -3.009697 -0.958308 -4.035849 -0.263943 -1.073790 4.861558 -4.716505 -2.356835 -1.683361 4.080609 -2.309778 -2.684717 -8.615711 -2.304294 -6.075057 -0.455949 -5.404421 0.918132 
1704955726194171933.mp3 :-237.750313 119.380276 17.620508 3.816958 0.448715 -3.666411 5.489255 -13.186468 -5.388934 -0.285482 -15.740528 -2.474799 -11.635829 -1.561376 -3.574589 3.024396 -1.848250 4.414863 -1.458180 2.395398 -4.001043 -1.668767 -4.456749 -2.001436 0.498816 5.263726 0.569861 -0.790046 -5.773551 2.126701 4.324855 2.101130 -7.538872 -2.980245 -4.484313 -0.797005 -0.141038 4.352301 -0.880229 -3.472506 
1699593413663877029.mp3 :-54.774305 75.760556 10.713438 24.274045 5.912812 15.628594 -0.700863 10.794558 -5.041158 5.908851 -3.102638 2.261156 -1.064741 2.864732 -4.231123 -1.135502 -7.383505 -1.021615 -6.632413 -1.566096 -7.262746 2.011769 -2.038861 3.498403 -3.234577 -1.873290 -6.611544 -2.550427 -4.965071 3.635769 -1.606187 0.139554 -2.979489 1.912380 -2.156041 1.511407 -2.914389 -0.244226 -4.431205 0.508931 
1668243135968039995.mp3 :-212.607614 131.040114 9.373901 13.081397 6.070290 -5.222257 4.137494 -0.048324 -14.073390 0.227763 -11.536673 -2.443428 -2.429251 -4.219297 -3.126034 -4.243626 -7.580119 -2.736181 -8.645243 -5.230795 -7.639285 -2.961616 -7.549401 0.452187 -4.102063 0.445130 -3.321733 0.603860 -3.203714 0.775359 -3.895576 -6.378514 -8.645581 -3.070709 -1.183844 4.232677 0.416979 -0.506747 -4.308909 -0.578214 
1696868515738746029.mp3 :-239.354551 111.334655 1.456737 20.968425 11.213799 -0.998409 -13.328685 -5.837309 -4.610633 2.741414 -4.489107 -6.445432 -5.850356 4.374530 3.892619 5.858513 3.990835 6.863735 3.004286 6.708562 4.436142 -0.994375 -1.788552 -2.685725 -1.899829 -0.572119 -7.566564 3.485066 3.137543 3.075917 -4.271869 -4.820362 -1.447155 4.204868 -0.974092 -2.877824 -1.242994 1.658969 -2.567181 -3.351055 
1708812241344425607.mp3 :-107.006337 109.271307 17.919461 19.280784 8.550113 5.896719 -0.589506 2.313154 -3.684852 7.686273 -5.759868 2.430361 -4.977703 4.317745 -6.419493 1.123540 -5.199883 3.042866 -4.222247 3.208125 -0.975462 6.684702 0.743241 1.226653 -4.495652 0.629134 -3.624634 2.073183 -1.165692 3.296463 -2.176839 1.340362 -1.426657 2.088250 -1.316941 0.828208 -2.198776 1.694858 -2.220988 -1.709835 
164420592954229030.mp3 :-33.320097 64.010647 0.371470 33.557568 -6.998427 5.623303 2.150141 3.550661 -8.836294 5.274644 -1.379936 -3.248189 -4.677341 -1.806731 -7.933208 -0.832649 -8.288897 2.992126 -3.325899 2.708979 -2.573957 0.754544 -4.196323 4.400415 -0.628794 1.857586 -0.483363 -0.323304 -0.278007 1.843551 -6.200478 -1.323493 -3.805313 3.178317 -0.916584 3.413655 -2.640659 1.470738 -4.668615 1.738414 
1664455775986494629.mp3 :-192.386328 41.945296 -5.357992 25.506296 0.049771 -6.035449 -5.767369 -9.613624 1.266364 2.040589 -5.045512 -2.753731 -5.047504 -3.681067 -8.751886 -4.526773 -6.494296 1.620573 -2.115243 1.139931 -7.329650 -1.585012 -2.395079 1.862329 -0.448393 4.289028 -6.505599 -0.565872 -3.933405 -1.599256 -1.942408 3.095132 -2.299491 3.787354 -3.159441 1.473754 -3.495065 1.688306 -2.795579 0.637652 
1703702733614223518.mp3 :-98.224490 96.006650 -24.787358 7.728544 -0.676888 -0.578731 -7.875211 3.763794 -14.592457 0.461387 -8.575314 3.099554 2.160246 6.837454 3.525292 5.786554 -1.645374 5.672478 -7.091426 1.845028 -2.982950 5.614313 3.626085 3.754828 -3.245151 2.717758 -1.461269 0.121844 -1.034407 4.587320 3.294644 -0.927395 -5.948856 -4.180447 -5.017624 -1.486999 -2.115315 -0.406725 -2.578404 -0.469988 
1690251485560018950.mp3 :-56.620307 75.468609 -2.405346 33.256334 14.538046 3.762342 6.144018 8.815955 -9.066134 6.491605 -4.577051 -3.793968 -2.437699 -5.162443 -6.179989 0.246203 -11.837949 -2.044445 -6.600619 -2.683355 -6.526996 4.024650 -7.690779 -3.778860 -5.128807 -0.798130 -4.431703 5.294931 -3.835979 -2.368567 -3.689042 3.588094 -0.228453 0.840575 -7.655775 -4.365969 -6.165493 -0.714489 -2.249919 0.843500 
1706931661155104612.mp3 :-47.277672 73.705472 -10.471259 17.497966 -6.214522 8.326847 -1.452657 2.783896 3.458706 3.388262 1.357352 3.551572 -1.412444 0.377902 -4.222981 1.415981 -3.391704 3.504228 -3.494412 4.133829 1.193229 7.306514 0.331106 2.795393 -2.696180 1.588238 -1.991260 3.035932 -0.776462 3.403370 -7.374276 -1.290487 -2.718623 2.308453 -3.606430 -0.274195 -5.247238 1.381033 -0.893738 1.515929 
1682498570279213397.mp3 :-142.517892 132.998272 18.278808 23.613384 2.999529 3.510105 -7.469451 -1.498649 -14.022713 -7.853344 -6.495421 -8.425025 -12.277910 -11.328014 -18.526104 -10.804809 -14.110257 -1.956100 -12.235916 -5.197679 0.564182 -0.593367 -1.403673 1.706958 -7.092058 -2.124312 -5.698118 -1.875804 -8.099629 0.058398 0.872934 5.951937 -2.752032 -2.441845 -5.313152 -0.670201 -3.949424 0.313922 -3.093192 1.029484 
1658442369980165212.mp3 :-130.786732 86.845716 21.372243 11.047460 10.737450 2.692907 7.563535 -0.887024 -3.660006 -1.644374 -11.616444 1.589785 -9.443950 -3.252103 -6.744589 -7.070404 -8.368386 -0.413321 -4.469151 -1.145948 -5.053457 -3.419227 -6.487024 1.821472 0.594210 3.683551 -6.090114 3.079384 -5.258984 0.640333 -7.726986 -5.673445 -6.455410 2.002212 1.488527 3.117494 1.242236 1.658773 -1.708349 -1.517987 
1649531488252216163.mp3 :-63.240257 84.504523 8.111514 19.569338 2.689951 6.546719 -1.117309 12.163192 -6.568314 3.330471 0.966857 3.378319 -3.031367 0.796048 -3.451713 2.406057 -5.338096 3.520355 -3.624664 -0.204088 -1.945705 3.669250 -4.885377 0.020929 -2.888840 0.774123 -1.649235 6.272492 0.151120 2.479303 -1.133870 5.222191 0.934982 3.639019 -3.521230 0.154745 -2.662008 1.409960 -3.116726 2.554979 
1663389263947030471.mp3 :-132.070097 96.367979 16.755291 28.970779 -3.228827 3.354500 -10.906392 3.704759 -14.592231 -1.071489 -7.419012 -5.234076 -5.594627 -1.406508 -7.127997 -3.415407 -2.708664 -6.029712 -6.747028 -7.315990 -11.138347 -1.279525 -5.910551 -2.811366 -8.089480 -2.585920 -8.962012 -0.350020 -2.060154 -2.994074 -4.970575 -0.360674 1.554223 3.583098 -2.092673 -1.239729 -5.435962 -4.270942 -6.761408 -1.189809 
1667676352271286553.mp3 :-41.546140 85.060961 5.204266 21.773160 2.782762 8.725413 2.086101 4.414758 -0.782654 7.437522 -3.557452 4.250706 -4.910612 2.591701 -0.805726 8.216041 4.199628 8.311361 -0.783127 2.935573 -2.285676 5.110283 -0.172274 2.407936 -3.748770 1.688978 -3.049646 1.632904 -4.989214 0.471213 1.206412 7.857252 -1.533797 -1.345905 -3.831724 0.214049 -3.251440 1.488472 -2.253400 1.789907 
170621185146121312.mp3 :-122.965716 87.382809 -8.047439 -0.095991 -2.589078 -1.766182 -5.523650 -1.418337 -10.168659 1.400374 -17.073925 -3.278522 -5.389675 -0.976701 -9.728925 -2.570707 -5.699570 1.462751 -1.503816 2.524389 -2.503958 3.099261 -2.277396 3.114886 0.582502 2.765438 -3.957798 -1.220561 -6.259883 1.353147 -2.701425 -1.688782 -5.760635 -0.315007 0.340960 4.626557 -0.155812 -0.131500 -2.335964 1.234501 
1669459863859657411.mp3 :-13.295733 56.334845 0.047437 37.998863 5.986846 8.867887 8.399917 7.353767 -0.280469 11.091978 0.004119 10.192518 -1.993676 6.954864 -2.559218 5.119527 -3.013397 4.921715 -4.097800 4.231267 -3.685821 2.345747 -4.990205 3.953205 -0.053941 4.470793 -1.057120 1.233769 -3.029801 2.486394 -2.341589 0.822443 -3.420250 0.711752 -2.318092 2.418177 -1.223881 1.432542 -3.255940 -0.098802 
1705475379348394449.mp3 :-147.048040 81.230450 -7.622058 39.389492 -9.705604 9.041021 9.826616 -5.202857 -2.998603 6.068243 -12.373910 6.193622 -9.739009 1.596260 -7.827446 -0.750107 -3.281719 5.377023 1.021410 7.222105 -8.454813 -2.863208 -2.508856 1.052766 1.318906 3.202639 -5.119625 3.048963 -1.600966 -3.902859 -13.738923 -2.366838 -1.241965 3.624425 -0.714052 1.861460 -3.036472 -1.319220 -5.070886 2.741976 
1668515210682179719.mp3 :-166.925697 105.194352 11.645028 35.013653 13.722906 5.090091 -2.732207 -1.424191 -15.878102 -3.144620 -11.950083 -8.514665 -8.061542 -6.904130 -14.109554 -9.285887 -14.468970 -1.067277 -7.596068 -3.740542 -4.489787 -6.175251 -6.629771 0.580723 -8.091755 -6.235410 -8.258145 -10.779401 -12.119149 -3.212363 -1.172034 0.914833 -2.399751 -3.380029 -3.501977 -0.001456 -2.829549 0.113954 -4.358806 -0.017962 
1663221826941957539.mp3 :-122.234677 80.930578 -13.018392 14.577945 -12.195392 13.202237 -11.221380 -7.238974 -11.991505 -9.527341 -6.102454 -3.257240 -5.180522 -9.538937 -9.756819 -5.213250 -7.470096 4.125562 -6.252412 -4.736098 -9.875522 4.099929 -1.162481 0.800665 -3.695172 0.658327 -3.185040 -7.285157 -9.292136 0.993586 2.056385 0.757569 -7.892477 -1.380908 -2.649948 0.403904 -4.053808 -0.970875 -2.598748 -2.059927 
1677273475096380000.mp3 :-136.431734 103.502753 29.800418 23.428097 7.887789 5.492114 4.286952 5.393621 -8.300415 7.414366 -4.054204 2.700157 0.292776 0.075744 -4.986196 -1.618094 -7.924194 -1.242452 -6.675474 -1.397092 1.022110 0.329875 -5.178216 -1.179347 -8.112027 -0.365945 -1.781710 2.512831 -2.186606 -1.018806 -2.567756 1.332551 -1.931240 -2.214106 -6.418883 -2.880488 -5.748383 -1.725180 -4.878185 0.501487 
1691429865215918513.mp3 :-153.773240 100.828251 7.058015 23.411445 5.913652 8.523248 1.961742 2.912873 -0.727569 5.927613 -3.872043 4.501060 -1.798132 1.180042 -6.780604 2.971696 -3.512717 5.065458 1.504709 2.530407 -2.870319 0.227289 -1.889060 4.709186 -0.010332 2.843487 -1.598849 2.590908 -1.365147 -0.065661 -7.000724 -0.543553 -0.922496 4.550830 -0.130588 3.190106 -2.640322 0.153966 -3.155257 0.190381 
1675620914208721269.mp3 :-183.322713 115.782785 -16.190585 16.526499 -3.299039 0.908417 -0.234338 -0.325028 -5.050805 0.927767 -6.073925 -4.793188 -9.538228 -7.654011 -10.152239 -8.664834 -7.670937 -1.891891 -6.766616 -2.957372 -6.250395 -3.467207 -1.069007 5.050906 0.906058 1.541803 -4.666169 -3.112630 -2.397650 -1.729605 -8.453076 -7.978958 -3.914253 1.546112 -0.657697 -1.559174 -5.276404 -8.115493 -7.722308 -0.161728 
1643591250145131094.mp3 :-124.404379 93.636392 -12.341727 32.618557 12.228630 -5.190750 6.713743 16.826239 -5.978340 0.822828 -0.880787 1.501630 2.788105 7.496235 -4.360623 1.862126 -5.786985 0.404151 -3.053393 -1.827071 -8.780390 -1.336106 0.492690 5.576211 -2.321341 4.264485 -7.580660 -3.663712 -6.825291 5.080004 0.242276 -2.424871 -5.464755 1.152311 -0.031442 3.977305 -1.146530 1.626357 -4.402244 -1.921999 
1699844951821433006.mp3 :-247.175044 141.706004 22.625330 19.276600 6.881628 6.109094 -2.411717 -0.964133 -8.684395 -6.407122 -9.845988 -4.335225 -7.191634 -2.709214 -2.119944 -4.740100 -5.642544 -6.292619 -5.729323 -4.186851 -4.315409 -4.849474 -3.616861 1.155192 -2.377892 -1.477433 -2.013083 -1.974113 -4.463690 -5.538858 -0.648660 3.337266 1.982421 0.454710 -3.435413 -2.856535 -3.269366 -3.504963 -3.901169 -4.536785 
1643021417822754819.mp3 :-73.758583 80.991933 20.270942 28.210972 9.254608 8.450631 0.150315 2.728452 -3.472555 0.789323 -5.271330 1.039902 -3.471539 2.256788 -2.661577 1.100104 -5.796490 0.586197 -3.417459 -1.440648 -7.198190 -1.439727 -2.587121 2.921345 -4.617142 3.006116 -0.465963 0.970994 -3.736593 2.669913 -0.605290 1.793042 -5.020571 0.202824 -0.720011 3.513936 -2.123703 1.615214 -1.504678 1.103532 
1637044523978915308.mp3 :-190.636551 107.771322 -14.533477 26.112626 0.292262 -7.536258 -1.121872 0.130108 -21.804118 1.383491 -12.866066 -5.834153 -1.451838 -0.548167 -9.289102 -0.163783 -9.387651 -5.084520 -8.264772 -7.518545 -7.975775 2.612791 -5.499761 -1.994027 -3.002397 -2.297669 -1.113061 3.164086 -2.360448 -0.036130 1.874847 4.800214 1.949929 1.831997 -5.724369 -3.742062 -5.123007 -3.048232 -3.416747 0.973725 
1639686104780356970.mp3 :-76.226437 96.324532 11.705256 29.917189 1.174916 11.749261 -5.109042 3.900831 -5.782922 4.128271 -3.909283 -5.870163 -0.465047 2.888479 -1.866483 3.274601 -8.876056 2.080591 -2.448160 -3.931472 -8.938328 0.101585 -3.491677 6.648479 -1.738973 3.162515 -3.400197 4.624168 -2.192840 -2.981203 -4.648878 3.525041 1.976516 5.988688 0.650930 2.885174 -3.819502 -2.851420 -6.462669 2.213807 
1649017684157353496.mp3 :-116.361090 69.217442 -1.807283 25.423426 1.923854 2.768368 3.402976 -4.515211 -2.558107 2.189757 -8.864859 0.172708 -6.932327 2.360876 -0.577298 2.181321 -3.329274 2.626546 -3.182294 6.948451 -0.009434 1.055377 -4.188188 -2.941870 -5.562882 0.734379 -5.509164 5.717121 3.222933 2.127231 -10.708465 -2.912629 -3.572789 2.522064 -5.308173 0.327032 -4.134085 -0.987312 -6.279504 1.488879 
1670768820586230157.mp3 :-299.768312 130.182199 10.918811 11.950293 6.242011 1.714943 -4.305219 -1.194067 -4.894695 -3.687125 -3.985870 -1.546582 -2.742227 -2.759659 -5.762883 -1.748711 -2.440283 -1.403951 -3.849876 -4.428825 -5.366709 -1.747479 2.159025 3.833926 -1.066558 -0.825614 -4.954325 -4.158725 -1.648071 2.449819 -3.321791 -6.723426 -3.156335 1.058255 1.660635 1.918897 0.466190 -1.483208 -4.646770 -4.508664 
1654912044107619955.mp3 :-139.221752 65.618086 9.693649 30.697973 -6.727348 10.086790 -7.710178 0.145751 -2.066108 -0.252878 -6.762460 -0.586101 -6.972711 2.357030 -3.376027 2.423147 -4.660431 -1.559727 -3.735671 2.999659 -4.125093 -1.966015 -3.161221 6.131113 1.750839 9.366039 0.536789 0.827666 -4.383852 3.552811 -1.302918 -2.309911 -9.748052 -3.146686 -2.669925 2.441220 -1.135397 1.936597 -3.338009 1.979764 
1669281814844461575.mp3 :-91.583921 74.708062 4.982274 35.983134 10.188540 7.762014 2.814869 13.648854 -9.027562 9.580351 -2.448619 1.979115 -2.461256 3.930863 -8.227356 2.224357 -5.626659 0.419681 -4.142894 -1.646666 -3.680496 2.199464 -2.599512 1.980103 -6.747178 -3.868716 -3.194775 2.465387 -0.872369 5.028311 0.449880 5.017017 -0.425427 3.925089 -3.261681 -0.832060 -5.194002 -3.233819 -3.927646 0.075358 
1652951939729424199.mp3 :-81.083100 100.612361 -0.900247 20.000285 4.700868 7.755776 0.247033 4.360126 -7.021033 9.075142 -1.857758 4.993658 1.757802 1.556878 1.971511 4.274674 -3.169341 2.382427 -1.860358 1.994966 -0.168164 7.623181 -0.107841 2.485654 -3.762682 -1.539744 -3.069084 2.896642 -2.975823 2.125051 1.437333 7.814169 0.990719 0.757424 -6.526165 -5.431673 -9.250274 -2.280577 -2.922893 2.266948 
1646582155755170218.mp3 :-68.588126 94.041720 11.174859 24.142439 13.012165 9.142735 -0.997985 11.378896 -11.738924 -2.894567 -0.156126 -5.932662 -1.466206 -0.284881 -4.068414 2.525186 -3.564410 -3.737965 -4.461588 -0.287411 -12.077315 0.333778 -5.853174 -0.793048 -5.546216 1.727067 -7.110462 0.364764 -5.508005 -5.412550 -2.902419 4.448635 0.622402 2.309879 -4.724732 -1.570653 -3.250040 -1.521538 -2.886856 -2.436801 
1686968302700530028.mp3 :-191.782959 106.668004 -19.919444 2.916151 -1.645144 15.175867 -6.716981 6.977631 0.884310 1.216833 1.252337 7.639899 -3.297274 2.538165 0.340003 2.088455 -2.633853 2.514645 -7.215042 -2.815248 -4.705014 0.224893 -5.473551 -1.061884 -7.202362 -1.634774 -3.174837 1.042198 -3.400297 0.778586 -0.010652 3.887852 0.263254 -0.146896 -4.154846 -1.351819 -4.394639 -2.308200 -2.931901 0.273132 
1704309647775265931.mp3 :-59.777078 92.366637 -5.765419 22.611545 -6.141505 17.659959 -5.650801 21.662361 -14.324548 10.475535 -8.582150 12.736174 -6.681945 2.003922 -13.385288 1.244937 -9.459062 0.803213 -7.351884 -1.062571 -5.328641 -2.527740 -7.218612 -4.009317 -4.059766 -2.353595 0.390286 -5.476392 -2.532133 -2.831307 1.149158 -1.896958 -2.055335 -2.749826 -1.106333 -1.133683 1.004580 0.722860 -0.435152 -0.443689 
1697040039952650939.mp3 :-124.831314 89.791453 -11.057586 41.455721 -4.126065 6.345385 -1.708199 10.259927 -11.640186 12.026295 -1.981954 4.880710 1.105862 0.275350 0.972644 3.466022 -6.692284 4.599626 -4.538016 0.722955 -5.621830 -0.568529 -6.186343 3.904525 -4.801007 -1.826446 -0.931424 0.963196 -1.068539 7.000568 2.345420 3.764600 1.072510 6.385764 2.262072 5.020730 -1.839843 -1.416163 -2.689101 -0.491260 
1705254271035559598.mp3 :-221.261543 61.384876 -13.891890 18.041104 0.635379 3.968869 -7.198100 0.880518 -8.417688 6.507846 -4.027068 2.301550 -3.083678 2.843046 -2.838951 2.170378 1.117966 2.917949 -0.122559 3.058906 -5.744829 2.437176 -1.244367 6.209873 0.920134 0.448090 -6.918659 -2.833701 -4.828573 2.820598 -4.462219 -2.251379 -3.465485 3.716743 2.107480 4.491448 0.265316 2.967323 -6.447782 -2.377162 
1680728316727555162.mp3 :-108.482764 92.503171 4.270520 26.949486 -1.908198 13.383761 2.380310 3.470459 -3.052449 5.508647 -6.847644 -0.623950 -4.206358 3.755894 -1.225991 4.693058 -6.816842 -3.809146 -6.462926 2.084045 0.785642 6.526411 -3.122209 -0.411898 -3.557460 0.678712 -2.452134 5.490139 1.883065 -0.199433 -4.868392 0.699950 -0.353962 -0.470284 -5.586863 -4.573978 -7.723042 -4.220867 -4.248528 4.622397 
1652110515834234019.mp3 :-282.101571 110.635260 27.157665 31.662576 17.283885 3.986199 -2.046342 9.115995 -5.442514 1.672324 -6.885886 -6.514247 -3.906734 -7.801983 -2.648264 0.463360 -7.986813 -2.363520 -1.789162 -2.836768 -4.563311 0.178865 -5.042132 -0.070023 -0.288712 0.637206 -3.694803 -1.633949 -3.805074 3.787406 0.498674 1.620159 0.201478 2.277668 0.707483 3.729066 1.823071 1.712742 -2.072967 -0.562486 
1709338113824849511.mp3 :-79.788389 50.050584 -2.134061 16.805416 7.559499 6.122435 1.754703 4.728221 -1.897283 5.992026 0.274447 1.027327 -4.562374 2.467160 -3.064999 5.201725 0.818549 5.974907 -0.183606 2.787970 -5.070184 0.637760 -3.394504 0.016547 -6.222816 -0.318838 -4.533403 0.155880 -3.397923 2.212606 -2.564229 0.472770 -2.855879 2.109532 -1.402074 1.518175 -1.643923 -0.152042 -5.782343 -0.672702 
1646589482328813466.mp3 :-99.575131 104.549187 8.991229 30.137476 5.815401 20.712777 0.274492 7.995391 -2.875499 -2.264167 -1.474886 -2.166817 -1.536642 4.921312 -4.434067 4.000752 -2.981524 0.000007 -1.303066 0.431125 -8.777112 -0.104414 -1.543928 1.644334 -1.949894 4.667476 -3.297556 3.054877 -3.443045 0.369373 -1.465369 2.559813 -0.576285 2.515879 -2.529823 -0.107483 -3.487209 -1.531824 -5.585858 -2.391771 
