2501086405723971474.mp3 :-90.564484 102.378352 9.443584 29.490326 2.943342 -0.475724 -1.391949 6.464758 -12.967901 7.278019 -6.193462 -2.863222 -4.761775 -4.116501 -5.555507 -1.783720 -5.958170 0.615126 -5.517673 -1.653871 -6.217512 2.584354 -5.048831 2.447639 -5.938608 -2.699378 -7.296492 -4.231747 -7.224773 2.123399 0.630009 3.659162 -4.590851 -0.632946 -5.010572 1.662600 -2.710197 0.765578 -2.185270 0.365537 
251004088424411893.mp3 :-199.837613 136.735599 29.832980 30.650768 17.833255 9.709463 -6.676573 9.567831 -15.340114 1.222203 -6.315155 -1.493301 -5.001434 -3.264592 -3.122811 -4.003233 -3.274738 -3.948227 -3.694186 -4.728393 -5.115858 -2.512954 -7.921792 -0.764431 -1.525359 3.633186 0.854399 3.346231 -4.681512 -0.651886 -4.145973 1.837924 -1.563874 0.195973 -4.599092 -0.452027 -1.909750 2.696656 -2.188076 0.949267 
2472216488999941238.mp3 :-113.805825 87.212210 16.774539 11.429305 2.268606 7.848396 2.863057 7.235425 -3.781102 2.450385 -6.336968 -1.213124 -8.255415 0.845687 -7.737994 1.003685 -5.595356 5.361450 -1.135468 6.344545 -0.810896 2.853193 -2.273843 -1.338984 -3.795101 0.836181 -4.935102 0.811139 -2.478783 -0.570069 -6.429974 -2.175861 -5.337138 0.403342 -3.847442 0.195795 -3.241304 0.014677 -4.690447 0.485979 
246864608307396145.mp3 :-145.632281 108.739571 8.189091 36.999809 8.521366 7.581110 5.583739 6.388236 -5.156597 4.406209 -6.870694 -1.066290 -4.042697 2.339860 -5.801834 0.508780 -6.113368 1.552771 -7.106214 1.362046 -2.350786 1.994794 -3.971540 0.072710 -4.100249 1.580808 -4.008908 3.998632 -2.036823 -3.728985 -4.976726 2.451143 -2.256705 1.515071 -4.441348 -3.237574 -6.738078 0.025461 -4.557442 -0.226023 
2482306700247990373.mp3 :-75.152318 92.628640 -3.679828 24.267188 1.312753 8.220014 -2.532594 5.554659 -6.081584 6.536440 -4.863403 4.024473 -5.073112 -2.880123 -5.165410 -4.480777 -10.560503 -1.329058 -5.541822 0.927369 -4.901270 -1.150815 -7.688041 2.897402 -1.896383 6.522648 1.767058 1.446173 -6.097005 1.071737 -3.201446 3.803197 -3.316244 -0.757782 -6.599655 1.130080 -0.109345 2.712168 -0.830302 1.754862 
248520672007091825.mp3 :-151.281774 89.125579 0.015118 15.988676 -5.173320 1.559838 -5.849367 3.127605 -3.247051 7.166496 -3.018537 1.674814 0.607429 1.391525 -6.407920 0.341669 -5.762259 1.343711 -5.565555 -1.979790 -4.446136 2.812531 -3.730043 1.557966 -4.398461 0.769845 -3.322163 0.829170 -5.135529 3.550152 -0.173460 3.192510 1.599180 0.267702 -3.630195 -2.471620 -4.945867 0.490441 -1.521058 -0.121131 
2503500652973324291.mp3 :-108.568656 102.360610 16.292314 34.859099 1.210531 2.336237 3.990558 -4.552127 -7.251096 -2.783455 -12.082901 -3.313245 -5.062827 -2.757514 -3.262453 6.089959 -2.487521 4.349308 -3.437552 -4.791289 -6.617396 -0.444797 3.407204 2.555501 -1.702257 2.715554 -3.922465 0.977887 -3.210565 0.031270 -1.401602 -0.624848 1.442613 3.076010 0.815992 2.153070 -4.164932 -1.154073 -6.321943 -4.130384 
2444872676687732017.mp3 :-113.420066 60.387795 -1.549332 17.612838 -2.604751 9.305541 8.226878 -1.628737 -1.671970 2.014314 -12.871491 -0.066781 -3.295337 6.316447 -3.222272 3.928568 -5.468426 -3.192993 -8.211334 -1.651907 -3.289416 8.140575 -4.314841 -5.226189 -11.119000 0.172903 -6.698642 -3.889297 -7.001274 4.889824 3.067121 -2.031719 -10.474655 -2.623800 -3.375744 -0.126174 -1.857864 0.423255 -5.439739 -0.886715 
2482188843420440618.mp3 :-187.015173 118.473889 -10.566256 8.152810 5.443747 -2.239502 -2.951433 -2.691727 -8.706095 -0.986272 -12.458406 -0.520244 -11.792780 -3.137003 -10.065766 -4.893593 -6.130909 -1.786086 -5.613924 -0.154074 -5.407081 -3.614529 -3.943103 1.378759 -1.810681 3.794428 -3.546802 0.091248 -0.882122 1.496295 -2.338511 -4.753337 -8.259939 -3.817884 -2.393311 3.486585 2.071721 1.711204 -4.767383 -2.401935 
2448666807715531102.mp3 :-147.500749 88.474178 -13.932871 27.255276 -3.486510 -1.341700 2.696192 2.172518 -10.195554 4.367895 -11.302204 -2.929339 -7.601600 -3.514660 -4.677046 -0.032059 -7.255297 3.141588 -2.754819 -6.413933 -3.438477 -0.576431 -4.097246 2.077450 -0.681322 0.497898 -4.782045 -2.397929 -7.167182 2.419354 -1.856431 0.631402 -1.676917 1.997098 0.485757 1.890702 -1.635020 0.967912 -3.283808 -1.309071 
2507573061826067207.mp3 :-168.299184 98.703950 22.243931 24.723401 1.651934 11.955248 -1.181884 6.509222 -5.419927 5.306110 -6.683014 4.264678 -3.943450 2.092016 -3.425051 0.846158 -3.425955 3.411828 -6.963911 -2.724202 -3.838362 0.681072 0.206283 -0.263563 -5.978208 -0.809484 -3.512649 0.179835 -5.907984 -2.182014 1.237213 4.400949 0.031520 0.238177 -3.795751 -0.095549 -4.043117 0.622621 -3.170472 -0.075864 
2504027603390586480.mp3 :-111.708173 103.110328 -0.783543 19.869062 16.058993 4.061142 11.117561 4.520872 1.474279 15.617158 0.787201 8.783147 0.043908 5.515627 -1.161436 2.734964 -2.888011 3.934052 -5.873229 4.602944 -2.709819 2.757616 -1.479156 1.052810 -4.624532 2.590982 -4.371678 1.004337 -5.353841 2.018323 3.214698 4.217052 -2.551322 0.242604 -3.430662 1.142851 -1.726141 0.507137 -5.586907 2.083254 
2474385939576870715.mp3 :-73.836328 96.387123 6.585539 19.460166 -2.407296 5.217334 4.569960 6.260245 -1.300579 7.553228 -7.502586 3.820409 -2.951793 2.772143 -6.718084 2.910382 -7.510200 3.502407 -0.645075 3.402903 -1.523465 -2.903581 -4.043955 -2.826373 -0.876356 2.779153 -1.855192 1.624288 0.079954 1.592625 -6.131506 0.317023 -0.668261 3.439090 -2.287838 2.578218 -2.321499 3.627120 -2.657193 -0.938433 
2475253168645214252.mp3 :-92.772964 95.885779 -5.522284 14.146874 -3.244462 10.129307 -4.366489 4.134523 1.669666 1.667976 -3.866466 3.405884 -2.114255 2.573085 -1.391127 2.869094 -1.338615 3.271795 -2.791211 3.726666 1.251416 8.016923 1.335152 3.940163 -3.100827 1.420267 -0.568303 0.518635 -4.185386 2.500876 -1.339180 -0.175621 -7.854912 -3.342458 -4.613588 -0.882374 -4.318508 -1.253203 -1.522771 1.403225 
2483096191106468958.mp3 :-176.946012 75.081308 10.256272 29.041713 1.587492 6.013529 7.910445 2.670196 -7.461208 5.177499 -6.194328 5.125012 -4.121563 -0.777460 -1.839924 4.036773 0.786866 3.570474 -9.079096 -2.892665 -6.750934 5.399664 1.361576 3.540196 -7.646023 -1.179913 -8.529515 -2.643563 -6.544544 -1.184041 2.026184 5.403263 -2.291932 1.070745 -4.488618 0.235261 -4.593267 -0.154281 -4.475888 -1.291382 
2460129302513074736.mp3 :-219.505081 146.186462 -21.113079 24.543900 9.112297 0.617181 -5.012302 -4.217114 -6.529549 -3.441974 -2.045914 -5.605705 -8.295817 -5.555119 -5.770175 -4.605318 -4.493730 -6.135336 -4.723104 -3.527874 -7.173989 -6.610933 -6.366959 -7.192485 -5.084448 -2.154838 -1.394815 -2.128664 0.618305 -1.733520 -6.730421 -4.540759 -0.048293 1.060555 0.424956 -0.398203 -1.608336 -1.884095 -2.862739 -2.872173 
2448367742781914712.mp3 :-67.276355 68.324223 1.136758 15.449974 8.381987 3.099661 -0.118709 0.243523 -0.359868 3.584187 -6.269060 2.702808 -3.857563 2.481454 -4.130672 -0.952233 -4.467618 2.463223 -4.313729 -0.032777 -6.196304 1.396217 -1.497699 4.227287 -2.360067 2.543575 -4.549627 -1.518455 -6.144618 1.628475 -4.687226 0.674998 -2.360966 1.936354 -5.056658 -3.605873 -6.576505 -2.359117 -2.843249 0.007218 
2469280471242504668.mp3 :-172.583361 107.054311 4.937120 23.562653 4.223699 -8.411268 -2.986412 0.876770 -15.896220 4.576375 -10.434837 -2.197763 -1.080660 -7.065933 -4.207221 2.359092 -5.159714 -1.807942 -3.131480 -2.119826 -6.806846 -3.999642 -6.285742 -0.887848 -2.625653 -2.302712 -5.852642 1.156369 -3.065425 -2.595929 -3.752868 -0.386691 -2.113281 -1.054391 -4.798236 -1.295208 -0.734716 2.331275 -1.609229 1.157820 
2500420696553342557.mp3 :-75.641994 97.145380 11.909715 23.794984 5.573779 18.763875 -0.337311 -0.123882 -5.910966 -7.486832 -2.039235 -3.980103 -6.620023 0.814550 -10.394837 0.076748 -8.058697 -2.161101 -5.669867 2.634212 -7.171755 -1.964920 -4.288080 2.715806 -0.305652 4.899335 -1.562063 3.217879 -1.339246 3.213735 -1.900372 -1.233197 -8.005939 -0.881298 -1.638611 4.530658 0.203503 3.868269 -2.092996 -0.283925 
2500813109883707697.mp3 :-175.168559 109.118466 12.968183 16.914040 2.870462 -4.706604 2.941425 -2.898361 -11.117628 2.351064 -18.793256 -1.395024 -7.368524 2.684007 1.749600 7.498184 -4.180189 -0.691652 -8.129761 1.096846 2.218794 3.575704 0.271733 -3.575884 -5.658011 3.564223 0.115318 -0.447731 1.449328 6.882623 2.965138 -0.083105 -8.890133 -3.498639 -7.374941 -1.361829 -1.604131 0.043868 -3.703426 -1.123323 
2479624237453438778.mp3 :-150.463879 114.070236 26.869375 25.588317 9.179859 7.249984 5.760272 1.055780 -9.534393 5.135831 -10.102963 -2.722598 -11.183452 -3.048236 -8.085264 -4.087528 -10.621766 -4.918419 -11.720390 -3.446309 -1.998879 -4.001532 -3.036989 -3.535364 -4.829456 1.875548 -3.102408 -0.827058 -1.861177 2.547620 2.272572 0.874830 -7.107358 -3.776443 -7.136988 -1.443524 -2.185830 0.216546 -2.627864 -0.018122 
2483978120462969247.mp3 :-111.276559 82.422977 21.790637 28.252796 5.619955 11.620794 0.197806 6.089126 -5.046086 2.829412 -7.787993 -2.128873 -7.380514 -1.553982 -7.358907 0.380096 -2.699746 0.094975 -5.124109 0.831491 -8.821341 -2.548431 -5.390224 3.973389 -0.570941 0.001172 -6.111819 -1.139124 -0.789403 1.954869 -4.535858 -2.435264 -4.970443 2.967978 -0.524974 3.452680 -1.070387 -0.899095 -6.381758 -1.803974 
2468515924429040728.mp3 :-242.975444 75.227038 14.086902 37.627604 2.148613 11.444256 2.600149 3.652447 -6.889716 9.575180 -10.676141 -1.010193 -9.225686 0.202639 -2.899913 3.561588 -0.128101 4.705331 -6.322768 7.072815 -3.681512 6.506158 -0.206158 -2.488199 -5.870413 -3.041299 -7.094890 -1.248968 -6.861779 0.881454 3.902794 1.674162 -2.557024 -2.671003 -4.897151 0.345545 -4.633651 0.240976 -3.305769 -1.569396 
2455590405642921650.mp3 :-156.100800 106.138144 7.364091 25.168912 5.420310 9.931178 0.916992 5.998280 -10.031873 2.648227 0.799527 -0.887928 -5.204173 -6.226515 -2.392038 2.809063 -7.547204 -1.333156 1.715314 2.067931 -8.255531 -0.598236 -4.580054 0.355421 -5.173203 0.068659 -6.022369 -1.854781 -3.455554 1.103446 -10.612538 -4.122940 -0.307165 2.957905 0.124729 2.858738 -3.557615 1.261337 -4.598900 -0.092352 
2480523547861680333.mp3 :-82.166656 78.311076 12.534246 30.350556 5.092364 8.511428 2.343551 3.441324 -1.785396 6.030265 -5.065781 -0.618537 -0.169630 2.124803 -1.270303 -0.731299 -3.598383 3.466674 -3.547408 3.479167 -3.079874 4.165696 0.741658 -0.609981 -5.428886 3.459246 -1.420112 2.272046 0.621579 3.025280 1.765239 6.219696 -2.971105 0.157004 -5.504458 1.099475 -2.781865 2.250741 0.092024 2.748283 
2500902406825588870.mp3 :-67.673712 60.279719 13.203390 24.083391 6.714827 15.959984 1.019066 10.533678 -3.497819 5.975122 -2.119494 3.481002 -2.809628 2.236837 -2.169074 2.982309 -4.467460 1.314877 -4.355821 0.025877 -3.523832 2.669945 -2.860200 2.700450 -4.514862 1.278640 -4.673508 -0.471122 -5.688096 0.358704 -0.799284 2.327590 -4.978469 -0.057242 -3.680838 1.698815 -3.938328 0.499778 -1.908029 2.451068 
2488026097167650433.mp3 :-119.856625 86.198508 19.072570 28.838882 1.357267 13.391388 -3.632033 1.867799 -6.289298 0.525996 -6.246347 2.927003 -4.248132 -1.267626 -3.255744 2.620606 -4.632512 3.747850 1.016438 1.519369 -3.710962 1.083528 -5.729195 -0.146607 -3.895699 4.154376 -1.177679 2.925377 -2.500625 -0.252733 -5.076587 3.885675 -1.311566 1.813565 -3.333953 1.773865 -2.150148 2.922489 -2.281760 1.254762 
2512668774109146732.mp3 :-115.112875 77.713813 14.099144 27.140080 -6.865998 8.639458 0.683065 0.520928 -10.144719 -3.085536 -10.712496 -0.541187 -7.016500 -2.742569 -6.197913 1.144989 -2.192074 4.324758 -2.643548 0.292133 -7.438014 -0.719714 1.578416 5.944912 1.764686 5.942912 -3.198413 -0.597944 -2.604939 1.014418 -1.245573 0.761797 -3.165242 2.677875 -0.904634 3.823272 -0.315968 0.400027 -2.578073 -2.122050 
2463175676826466364.mp3 :-54.844643 82.715931 -2.818357 26.585756 12.087463 4.207432 3.235332 6.291209 -11.370315 0.012878 -2.518863 -3.566351 -3.023203 -2.162408 -6.321492 -2.943680 -7.032981 -2.416889 -5.718129 -1.760668 -9.817628 -1.583638 -9.417565 -4.418203 -5.630311 1.623744 -5.223316 3.651452 -0.654541 2.953121 -5.003625 -2.689202 -7.023473 -0.189896 -4.111523 -1.084127 -4.008609 -1.741395 -1.968111 -2.049955 
2452089392214913724.mp3 :-104.381504 83.434312 16.596541 37.661163 14.853047 10.728181 -0.122762 11.705224 -7.496992 -0.048639 -4.233803 2.649683 -3.587337 2.930483 -2.750374 1.768683 -5.791255 0.755788 -5.882845 -1.296294 -4.708101 -2.720632 -6.542724 -0.445546 -3.985420 0.194792 -1.084300 3.236891 -2.028503 0.854943 -1.187471 1.709394 -1.084506 0.774889 -4.008073 0.699828 -3.607579 2.492062 -0.756383 1.172089 
248120498141872025.mp3 :-86.229514 88.490240 16.524701 23.768840 2.818326 11.497364 -5.531969 4.079924 -4.572762 8.425523 -2.956170 4.131584 -3.781447 8.666808 1.426616 4.471180 -2.901014 5.348849 -2.579227 5.145266 -2.751004 4.000179 -3.646889 4.821000 -2.992780 6.986151 0.585958 7.239231 -2.438955 -0.132010 -6.828405 4.467979 -0.745271 4.653562 -3.706842 -0.104273 -5.449170 1.892534 -1.716061 2.359982 
2451278525410764387.mp3 :-98.488133 85.815037 10.721254 39.899153 9.343091 8.955103 2.123416 3.251990 -2.661525 3.524950 -6.561827 -3.200855 -7.770114 -2.272238 -6.504439 -0.266817 -1.311039 4.907451 -6.429936 -4.402115 -10.481646 1.234356 2.148042 3.870635 -3.492920 1.346675 -7.092733 0.824944 -2.009214 -1.035100 -5.392683 2.527924 0.677481 5.820862 -1.042922 1.316706 -3.905561 -0.506345 -6.936290 -2.586186 
2506580319422643777.mp3 :-172.659570 106.755953 20.383185 26.092562 8.833137 5.545236 9.733017 3.815087 -2.414313 5.553728 -3.396271 2.105418 -2.700727 -1.422801 -5.423754 1.272813 -3.047744 6.256697 -2.607598 2.093793 -3.367689 5.388950 2.654692 4.207061 -4.760080 0.097534 -7.076644 -2.279281 -5.179940 -3.076759 -0.832156 4.590965 -1.252189 0.617143 -3.933224 0.202191 -2.962805 0.549806 -4.403179 -1.474641 
2501843479050337901.mp3 :-95.612687 105.790240 22.152498 25.533582 5.317553 8.751586 -1.832707 8.795588 -7.625360 2.854416 -5.111794 -2.996944 -2.767737 1.017999 -7.372992 -2.338725 -5.315363 -3.637537 -9.902441 -0.819050 -3.465013 0.667528 -5.945641 -4.085201 -7.542923 1.954952 -4.428493 3.092200 -3.128358 2.680253 1.673868 0.516876 -6.708937 -4.119918 -8.264480 -3.107185 -2.635179 2.081943 -0.303717 2.479109 
2508352531742225854.mp3 :-213.967028 100.530749 8.282046 30.036748 2.004393 6.051850 2.725704 10.624030 -6.013930 4.358166 -2.104391 1.252249 -1.940722 -0.043132 -4.751185 4.651799 -3.613433 1.515554 -4.960249 -5.508864 -2.738819 3.563255 -4.732568 -3.183696 -10.336743 -3.626385 -3.826273 -0.999453 -3.744208 0.579268 1.579416 5.083098 -0.771625 1.192551 -5.712365 -4.266281 -7.666894 -0.339095 -4.009559 1.427118 
2507018494972495171.mp3 :-168.347409 96.648004 -4.689993 16.180141 -5.386107 -2.773614 -5.494866 1.662178 -11.140599 4.759075 -3.495010 0.445390 -5.733567 0.256959 -5.026811 -0.634421 -6.620223 -0.421149 -5.310138 -0.880034 -5.271195 1.989904 -2.488348 3.712119 -2.608541 -0.512646 -6.303402 -2.852641 -7.675465 1.264216 1.246111 1.904122 -4.587061 -0.998134 -5.061491 0.166878 -2.687148 0.199131 -2.146500 -0.052416 
2448953239751201631.mp3 :-53.195389 81.719003 3.556757 23.431461 5.576870 8.501044 -2.346052 0.208097 -1.358557 4.570697 -3.494098 3.192605 -3.940379 3.132225 -2.445190 1.949429 -6.395917 -2.248548 -9.860354 -1.759939 -7.799230 -2.678397 -5.321398 0.116347 -3.044249 3.381424 -4.061005 3.066117 -0.634667 2.004887 -3.808281 2.384614 -0.449476 1.102771 -5.365861 -1.546429 -5.208234 0.360995 -1.899193 2.644936 
2500578923929096999.mp3 :-146.021982 147.218283 -19.069696 33.825172 -2.178077 13.256753 -5.728930 7.257122 -2.492089 -3.680519 -5.409882 -8.051106 -6.538995 -2.624206 -7.872419 -1.190256 -4.845499 1.228275 -5.252386 -4.554322 -8.880665 -6.920359 -4.660059 -0.192969 -3.614237 -2.591401 -4.865203 -5.427671 -3.421283 3.013475 -1.390771 -5.631046 -5.682053 -2.314371 -0.663019 2.442851 -2.534488 -0.062536 0.671950 -1.199971 
2478362561033239643.mp3 :-209.187193 131.426906 -24.233101 -4.080259 -3.148709 -17.336150 -18.322028 4.669891 -18.797216 -1.848567 -8.680000 -4.677325 -6.786702 -1.516996 -9.102608 -5.368785 -5.454524 -0.837103 -5.085391 -2.001391 -3.460445 1.646873 2.082804 4.403546 4.477564 5.578393 0.135978 -3.329892 -8.079133 -5.413904 -5.476899 3.032784 1.014513 1.275164 -3.074822 -1.607470 -1.395700 0.321286 -2.561629 -3.945635 
2472447328538584232.mp3 :-149.838971 87.527910 32.973873 29.435425 18.043432 7.447496 0.227304 2.098898 -6.700368 7.788636 -11.043770 -0.199754 -5.557266 1.637259 -7.018427 0.105383 -3.133675 3.556575 -0.818150 2.907983 -6.376678 3.382168 -2.687171 0.508826 -3.574970 0.096049 -5.229098 0.019207 -5.774069 -2.124302 -5.526435 -0.880640 -5.378375 -2.206718 -3.785771 -0.199570 -3.403839 0.888883 -2.764725 0.509704 
247564657448881732.mp3 :-87.665101 88.153940 -17.305169 32.232887 14.619138 -11.050753 -2.241542 3.466055 -9.134820 -1.093778 -8.523756 -1.033463 -3.941432 -9.790945 -9.763040 -4.256548 -11.530315 -1.427738 -5.812709 -3.915869 -7.210865 1.185790 -5.136693 -2.095520 -7.476367 -4.844870 -6.755684 -4.044057 -7.822432 0.051050 0.298793 3.230365 -1.827240 -2.009870 -4.447972 0.608483 -4.965453 0.664042 -1.523985 0.077933 
2495022531384568507.mp3 :-67.340127 91.429358 9.660964 1.846883 4.882380 -0.701110 -0.762728 -4.527309 -10.719009 8.810590 -6.225564 1.582180 -6.294001 -7.505995 -8.853895 -2.258772 -7.192232 2.794094 -9.521245 -0.450846 -3.933919 -3.185688 -6.069382 0.864938 -3.593442 1.087698 1.487559 0.309037 -4.391203 -1.577149 -0.310942 4.382962 -1.971724 -3.225535 -5.354728 -0.736950 -4.993982 2.149032 -1.878941 2.936376 
2453187965611001989.mp3 :-159.054191 99.730571 7.341803 20.603800 8.414380 -6.311299 0.392865 -3.007985 -9.378771 1.712485 -14.095384 -2.975294 -11.732320 -4.789610 -8.421577 1.237212 -6.794944 4.782610 -7.704546 2.893033 -4.881500 1.240855 -4.851834 -0.487699 -5.484214 0.903143 -2.954948 1.748195 1.729168 1.436784 -3.332123 5.779744 1.817075 2.859269 -4.021107 -2.529427 -3.813080 1.903550 -5.049743 2.777362 
2467787296812820071.mp3 :-82.824327 52.844342 8.614303 28.619344 5.257716 6.036567 -0.822611 6.651846 -9.191223 8.470229 -11.893123 0.782549 -9.234237 -2.242686 -7.146448 -0.684300 -2.716908 1.920296 -1.022330 2.788792 -4.840181 -3.974207 -3.218631 0.145834 -3.604861 3.231339 -1.981867 3.223824 -2.159964 -3.737313 -5.422004 6.909285 -0.147083 1.281551 -5.606437 -0.275142 -1.010700 1.483633 -6.062114 0.497250 
2471143598852010735.mp3 :-57.657507 95.379775 18.106744 26.171739 2.279560 4.645982 2.549258 8.854287 -7.342995 10.781295 -4.782150 0.047198 -0.331507 -0.903244 -0.585897 -0.398095 -2.291659 1.831519 -5.797745 1.044813 0.137537 2.559820 -7.878331 -0.162494 -7.399109 -1.653207 -2.078620 3.622941 3.128804 6.871226 -5.207931 1.708881 -2.027718 2.436540 -2.684259 0.685134 -3.714495 -1.365030 -5.764536 1.797914 
2483025741920383898.mp3 :-91.687038 61.716797 11.659076 31.193916 4.189063 7.113712 6.237387 0.651253 2.518610 5.345467 -7.799586 0.761962 -8.362659 3.205353 -2.075051 3.360939 -0.306603 7.087516 -0.573051 6.337248 2.822503 5.559152 -2.591330 -0.698847 -6.691877 1.289286 -1.822383 4.792622 -3.439155 -0.176458 -4.081985 3.433637 -1.371908 0.425003 -4.097798 -0.919670 -3.631497 0.851956 -0.942335 6.825046 
2508898853765709486.mp3 :-24.785374 64.882732 7.559852 18.904235 4.044921 16.067757 -2.671920 6.980379 1.036677 4.850351 2.267366 4.792472 -0.247501 5.295020 -1.992926 4.577936 0.692010 3.008573 -1.594676 3.099427 0.971673 5.940745 -0.356100 4.455657 -2.906810 1.895002 -2.587566 1.744506 -3.568204 2.448180 -0.305267 5.640498 -2.033893 1.197849 -1.128493 1.951439 -2.053792 1.678907 -1.855871 3.438037 
2493474741172313852.mp3 :-92.912601 86.277036 19.408931 39.116468 5.566991 8.896318 -1.183991 12.058985 -6.113266 3.083275 -5.003721 3.133660 -4.199782 -2.586471 -5.068731 -1.995596 -8.068519 -0.608423 -6.719682 -1.437081 -6.138071 -1.755807 -8.580661 -3.500315 -2.460500 3.046001 -4.395829 4.722374 -3.289513 -3.218487 -3.008696 3.494968 -3.154500 1.570227 -5.350582 -0.229205 -3.915218 2.212541 -0.866631 1.185903 
2484971696062081409.mp3 :-108.583725 86.001516 13.847811 15.171994 0.668249 -4.286538 4.104178 -1.646623 -5.656175 6.632831 -3.526753 2.540381 -5.060012 -0.482888 -1.785772 -1.292946 -4.934436 1.208582 -3.745196 9.155877 -0.719797 2.352230 -6.142097 2.329085 -5.892348 4.640147 -1.833818 2.800946 -2.097675 0.961095 -0.580901 1.850076 -7.425846 -4.624894 -6.649483 -0.341590 -2.636529 2.943652 0.245279 1.601917 
2457416812438485204.mp3 :-131.284763 69.815274 19.857073 32.775152 -4.649744 14.553368 -4.866873 6.692908 -5.588468 3.324331 -1.973207 4.100888 -2.541171 1.141139 -6.627582 1.541212 -7.463093 0.502597 -4.144486 -0.404144 -7.695073 -2.342277 -7.509350 -0.612684 -2.650184 0.119488 -2.929956 2.911706 -1.216942 4.124911 -5.473848 -0.780854 -2.701158 1.603997 -2.570293 1.362610 -2.398461 1.188700 -2.581553 -0.931809 
