6966326904897104478.mp3 :-211.067113 58.051779 9.142408 42.458915 10.807508 14.520587 10.509447 6.199286 -1.683958 13.728710 -3.815665 8.135519 -3.687294 -1.382164 -4.477244 1.392392 2.355220 8.601042 -5.023411 -2.165781 -1.249931 7.036727 2.932442 6.350880 -0.809881 2.693924 -2.707017 0.176490 -1.636396 -2.714281 -3.350013 7.304831 -0.147441 3.191041 -0.192562 0.900571 -5.423425 3.568633 -3.298102 -3.996501 
7025956271538437266.mp3 :-98.074614 103.829089 -7.425545 14.491603 -2.511722 9.314462 15.331272 5.447175 -7.865291 13.895459 -5.600152 3.110351 -4.701328 -0.148836 -4.985273 5.590312 0.495704 4.497473 -5.204544 2.126178 0.972770 5.158962 6.125588 3.533732 -7.003781 -2.278832 -7.812988 -1.495187 -2.469998 0.807356 -1.869234 -0.683374 -4.684878 -0.932833 -4.449471 -1.217464 -4.933929 -2.339617 -2.202306 -0.573698 
6966633696488862308.mp3 :-139.528952 94.212740 25.731793 29.092866 6.142642 9.403502 -2.535773 1.728502 -12.704774 -1.493333 -11.625368 -5.324163 -5.855319 1.790203 0.233257 1.647558 -3.488444 -0.003048 -6.521218 2.062927 -0.626730 -1.645409 -7.144203 -2.935538 -6.416649 4.393867 -2.277008 3.501610 1.027728 7.428699 4.211809 -7.753312 -5.136553 -2.603610 -4.150259 2.487365 -2.761655 5.488684 -4.412979 -2.683548 
6986933741673905928.mp3 :-144.027676 91.925962 2.160972 20.546920 6.237758 7.942229 -0.118996 6.922815 -1.112578 3.801041 -0.307297 5.224760 -5.482182 1.014210 -0.118124 0.122136 -1.139756 0.415608 -7.042105 -1.891006 -4.037680 4.641542 -1.440419 2.419101 -4.526117 -1.314821 -4.348694 0.802558 -4.751345 -1.005289 -2.057058 6.622019 -0.806524 0.316086 -7.946230 -4.371629 -7.725731 -0.861917 -0.220106 -1.180891 
6972519393315176873.mp3 :-83.693210 88.980841 16.240422 33.343732 -3.640197 17.257884 -6.019542 4.872820 -6.063947 -2.227893 -6.012640 -0.368048 -2.843769 -1.348229 -2.520066 -0.183504 -3.542362 3.419248 -1.237917 2.361068 -6.262339 -1.325701 -2.203508 6.886082 -1.722169 2.877446 -2.711042 1.797284 -2.712439 -2.876152 -6.570076 1.225679 -3.262413 1.411519 -2.440565 0.006673 -4.453931 -1.233852 -1.377201 -0.295905 
6956523944320101464.mp3 :-144.665740 108.095209 -18.178809 22.840009 -15.340608 13.658320 7.771143 5.607367 -10.847712 10.762401 -8.635187 0.381289 1.225070 2.018305 -2.502613 4.788709 -2.788534 5.882944 -1.299779 6.614482 -5.052109 -3.981475 -3.623685 2.248441 -2.496323 0.981775 -0.487664 4.722805 -1.831435 -5.512464 -10.124206 0.692998 3.724001 3.333059 -5.055559 -1.347769 -2.119070 1.124533 -2.969171 -0.751367 
6976986553046419872.mp3 :-101.875705 100.662972 6.249527 35.490979 -3.030740 2.328893 5.671567 3.302886 -13.462122 7.232071 -16.005335 -0.244937 -8.372226 -3.560158 -7.066445 -3.014910 -9.149337 2.726893 -10.029916 -4.946834 -4.617652 -3.206287 -3.134383 0.643890 -6.319101 -2.941957 -4.668917 -2.765360 -3.080590 -0.359852 -4.266379 0.990122 -2.488599 1.455858 -1.543307 -1.796998 -4.175743 -4.015414 -6.287276 -2.752659 
7003506942186588451.mp3 :-96.674245 91.186926 14.004498 17.445050 3.148680 19.638740 -1.526310 4.441476 -5.343426 1.335734 0.693223 -1.935374 -1.155855 0.032523 -0.807911 0.993419 -3.927285 1.188175 -1.592531 5.430613 -9.469896 1.036103 -3.165959 4.667653 2.084392 7.135558 -1.921294 1.859352 -4.866601 -3.257435 -4.934738 3.583936 -0.035479 2.406984 -2.244609 0.550722 -2.744627 0.099248 -5.532904 -2.846373 
7049159772394231216.mp3 :-41.879398 38.473716 7.021488 24.982422 -7.536918 -4.014887 -7.762132 0.419925 -9.520976 7.108804 -3.787232 1.562996 -2.618959 3.947929 -2.436373 -0.961882 -5.919904 -0.171395 -5.890672 2.300792 -4.585905 2.030985 -0.711293 4.635295 -0.971948 3.300205 -1.095934 2.048357 -4.854381 3.733127 -3.051943 2.040319 -1.998335 0.617833 -2.829325 0.975268 -3.733914 -0.323753 -2.685202 0.090757 
7025915265927189744.mp3 :-78.907232 87.816480 -7.076029 28.698937 6.706749 15.535146 6.581996 10.707407 -1.672734 7.514245 -0.462608 6.605394 -1.131480 1.733968 -2.608689 1.418448 -4.980979 0.558445 -6.079728 0.514193 -4.278304 2.049884 -6.886327 -1.498638 -7.481570 -0.121839 -3.650845 1.873151 -4.285587 -0.292783 -3.878089 2.429739 -2.424896 0.229442 -5.199944 -1.611521 -3.984557 0.457702 -2.376075 0.845552 
6980465171987102785.mp3 :-119.471241 98.198815 9.531400 31.121846 8.197691 12.930790 1.411073 5.570091 -5.160405 5.891538 -6.463998 -0.361162 -6.277603 -0.694584 -6.039624 2.223464 -5.374443 0.890358 -5.994116 -0.799875 -5.755179 0.429438 -1.719914 3.561499 -3.081811 1.306948 -4.882664 0.088246 -2.929933 -0.958862 -3.750976 2.515683 0.125592 1.037011 -2.462746 -0.565673 -5.405443 -1.279319 -2.921014 -1.374590 
7022918569053989012.mp3 :-39.727228 77.499665 7.360448 14.000140 -1.897352 7.320662 0.429453 4.218408 -7.783495 5.639725 -4.077522 2.133217 -4.514157 1.756564 -5.474310 0.638180 -5.830680 -0.720676 -5.142739 2.211354 -2.058906 2.571627 -3.421463 -0.222812 -5.027217 0.960522 -3.088249 3.275502 -0.377429 4.242190 -3.496289 -1.124318 -4.787164 0.656397 -3.262765 1.214651 -3.348575 1.083044 -2.742493 -0.381866 
699395435016545442.mp3 :-137.804120 79.702159 -2.563292 18.239450 -8.903848 6.107853 -6.616155 0.242278 -9.937395 -3.751573 -7.039248 -3.937149 -7.798930 -4.823052 -7.811379 -3.082637 -8.343714 -1.547131 -6.098418 -1.464097 -5.119087 0.258689 -3.195810 0.314432 -1.539016 1.201778 -2.597891 2.952495 1.252573 1.077346 -6.153695 -0.061531 -0.592785 1.810394 -1.912484 0.514673 -3.691136 -0.519441 -4.223285 -0.567645 
6968530722038921777.mp3 :-164.117998 112.855936 24.223337 20.193679 10.460129 6.359279 7.926630 -2.394734 -4.158807 -0.620183 -9.680831 -2.085260 -6.571555 1.201424 -4.249687 0.223927 -3.041277 0.258157 -7.726660 -1.681025 -8.475435 -0.953686 -1.774262 4.634380 0.230843 0.131760 -6.065908 -0.981416 -1.041773 7.210715 -1.038782 -1.205076 -3.816874 2.194850 -0.948443 1.280132 -1.849335 2.484284 -5.424477 -5.065181 
6953486647038820122.mp3 :-114.662847 72.920497 20.886850 33.414435 7.376092 11.139230 -0.083757 18.129853 -6.287884 7.602244 1.805230 1.667638 0.183969 3.104120 -3.666530 5.044418 -4.647048 1.105304 -2.751763 3.044832 -5.655417 -1.798781 -7.818310 1.430070 -0.493336 2.139131 0.439146 3.586939 -2.206685 0.423941 -6.209575 -1.777259 -6.244393 0.931064 -1.564374 2.023555 -1.270728 1.239399 -3.471574 -0.593606 
7027165167051911381.mp3 :-38.300183 80.480448 -10.877742 50.488071 -1.570840 10.371567 5.918883 10.208807 -6.443403 11.408002 -5.390267 2.754766 -3.943628 -3.068066 -2.285807 10.640540 -3.975906 8.309944 -2.458964 -1.652662 -8.370709 0.703637 -3.935208 1.822619 -3.210462 5.342054 -3.603979 3.136802 -4.099533 2.664283 -0.685732 1.076947 -3.849399 1.888941 -1.872904 2.818512 -2.042881 2.073953 -2.031656 -2.285600 
6983865588176667532.mp3 :-227.465450 81.507342 24.814959 24.928152 8.637926 15.358056 0.057088 1.749891 -5.314064 7.010332 -3.623834 -1.883521 -1.725186 -3.351644 -9.304405 2.534748 -5.858998 5.768235 -7.470931 -3.145278 -6.527385 2.549535 -0.261780 5.555418 -3.467888 -0.379533 -5.898116 -1.984945 -9.078923 2.120603 6.114474 8.509710 -3.116834 -4.060829 -5.410893 2.404458 -2.133350 -0.448545 -4.819641 0.212834 
7036025370488556803.mp3 :-183.333321 71.122137 -11.239997 0.019591 -17.547580 -27.703920 -7.193968 -21.771840 -4.302882 -3.234179 -11.129599 8.270749 -10.615576 0.384019 -9.288340 0.746344 -0.226229 10.193426 5.690095 6.882686 -4.957244 0.775681 -2.499358 2.253377 7.435162 11.900505 -2.738889 3.027796 3.651329 -1.171072 -15.275710 1.078982 -0.360561 2.357067 -1.576998 5.304089 -3.626102 5.995693 -0.143272 -1.360708 
6999356728755745413.mp3 :-69.036421 61.448495 3.227374 27.170238 1.021821 -0.298830 5.915943 2.682758 -6.214134 12.323073 -10.018191 5.524454 -7.001371 1.841276 5.458160 7.579913 2.373530 9.877486 -0.751408 2.653327 -3.848612 4.987796 7.020379 6.885485 -1.964973 3.199667 -6.671271 0.733121 -2.360143 4.445137 0.329378 3.859458 -0.032527 6.870687 -1.149921 3.444718 -4.478729 -2.141592 -5.428245 0.713311 
7014443251946683558.mp3 :-139.654279 92.258557 -0.696157 17.860612 -1.470906 6.340221 8.031413 -4.204524 -3.000442 1.807712 -11.547639 2.882084 -7.824963 -0.634211 -7.067364 -2.112885 -5.428796 2.945804 1.321076 2.471492 -10.731579 -5.895874 1.896948 8.871633 2.123350 6.594398 -2.236208 0.919676 -7.760766 -2.948780 -5.221412 2.868293 -1.133420 3.231779 -2.592449 2.100406 -2.434856 2.985246 -4.497999 -0.856363 
6966219079033247014.mp3 :-51.484167 64.496763 26.792663 27.665451 7.814039 7.509126 -1.125626 3.750523 -7.398286 1.961700 -3.730149 0.094828 -4.482358 2.744258 -5.298565 -0.837717 -7.248928 -2.081004 -8.893765 -2.126198 -4.626215 1.463863 -5.555859 -0.406674 -6.830091 -2.460554 -4.607670 0.552061 -6.489461 0.240498 -1.841750 5.804333 1.544241 1.455002 -5.797012 -0.564637 -7.817994 0.037763 -6.136483 2.152717 
7032507700583549072.mp3 :-208.691117 104.921362 30.435818 29.391721 7.207476 8.099150 5.425684 -4.105127 -13.744046 3.278964 -19.768508 -6.307788 -14.816482 -1.927884 -9.351681 -6.630643 -4.790086 1.272856 -2.952224 1.868599 -1.150185 5.517703 5.697395 4.952269 -2.404111 1.433319 -2.937500 5.614476 2.071290 0.367709 -4.504993 -1.282019 -2.460524 3.055906 -1.246523 1.913119 -1.335888 1.038390 -0.691462 2.961671 
7038590812468349815.mp3 :-39.304031 93.722566 -24.793801 41.761143 5.615384 12.652662 1.329112 8.548296 -5.240122 7.822694 -2.475714 3.534463 -1.072508 2.813958 -2.908210 3.038336 -4.480399 -1.806913 -6.626300 -1.553078 -4.271924 1.825281 -4.953688 -0.598430 -5.826891 -2.432307 -6.651214 -0.693589 -2.244806 2.076089 -4.874596 -2.303454 -4.365536 2.707079 -1.467606 -0.144435 -3.937394 -1.335151 -6.069428 -2.271102 
6963670357829771546.mp3 :-174.137715 109.031741 26.287093 35.115685 8.207169 5.342251 -2.817577 -6.410670 -8.885564 -0.472763 -13.119568 -2.551163 -8.570641 -0.513762 -4.441304 2.830280 -7.137177 -0.695611 -7.586507 1.047662 -3.559870 2.413811 -1.136761 -0.344393 -5.353539 0.389393 -3.474470 3.872051 0.026630 -1.025601 -1.528595 6.688613 1.013376 -0.649245 -7.609288 -3.594460 -8.919576 -3.763625 -2.773892 5.046276 
6975075298950958553.mp3 :-109.343632 107.103417 15.311879 31.141715 5.369688 7.914240 -2.095228 3.398828 -5.382376 -2.247610 -4.642713 2.900570 -3.813018 2.032964 -3.151783 2.057785 -2.826592 3.033055 -2.913648 1.185585 -2.256279 1.838598 -0.059566 2.859353 -0.616241 1.795071 -2.600853 0.943079 -3.495804 1.163303 1.609730 4.239446 -0.757337 -0.138773 -3.194718 -0.654705 -2.742717 1.842431 -1.524994 0.486853 
7022002243382552783.mp3 :-234.171988 95.475780 14.274644 -18.569408 -20.784265 -5.605252 -8.995993 -1.615690 -15.704187 9.396607 -12.949612 -0.407000 -4.702802 -6.630122 -13.376340 -0.475657 -10.799854 4.171710 -3.892786 5.360736 -12.109360 -2.906430 4.213741 4.603155 -2.369635 3.758739 -9.096663 -3.112467 2.004037 -10.626338 -8.883491 -7.222212 0.295042 2.470151 -2.062870 2.936556 -7.264424 -1.223121 -6.208190 -3.433935 
6983873878149454943.mp3 :-97.206908 82.564337 17.752505 26.516813 8.266017 5.663397 6.796787 7.930297 -3.203928 3.252250 -10.623684 -2.834058 -5.591425 1.618823 -3.551637 2.239517 -4.856965 0.423503 -8.376642 -1.870912 -5.014766 1.939311 -4.451820 0.599408 -6.173567 1.372218 -4.561785 2.472226 -2.825333 2.454458 -1.135305 5.396997 -2.168274 -2.044068 -6.280668 -1.970278 -4.227127 -0.858855 -4.250221 1.151792 
7043043517977368023.mp3 :-132.119998 105.532830 25.852766 29.278869 6.445219 10.629644 -3.431631 7.631193 -8.399069 10.288544 -1.957205 -0.216210 -0.305371 4.284261 -1.375084 6.077698 -3.884237 4.904860 -1.437665 -0.977013 -5.628174 -0.482897 -2.066450 2.811273 -1.824790 1.492496 -4.178113 2.724003 -3.031617 1.097589 -3.470670 -0.118951 0.670579 4.980530 0.395555 3.082533 -4.185525 -2.362709 -4.874306 -0.428851 
6962649073756464611.mp3 :-218.012476 96.700123 11.941041 29.464713 2.744071 3.186152 -1.808359 2.987538 -13.370613 5.169960 -9.198010 -3.076428 -4.107953 -2.769318 -3.762109 0.462261 -8.265987 0.922589 -6.964298 -2.122578 -4.350253 0.768160 -6.736840 0.258868 -6.896566 -2.153902 -5.417572 -2.350722 -5.746900 2.657236 2.262096 6.770548 0.042398 1.360520 -2.364155 1.988075 -0.576462 -0.321843 -4.163779 -2.961011 
7041796359603423931.mp3 :-63.536358 95.807923 -0.798718 28.402798 6.537688 4.923049 -0.477037 6.494980 -15.172919 3.445158 -7.264382 -1.808510 -6.777073 -3.234270 -3.073114 -2.414030 -6.820863 -1.599968 -4.215338 -3.177054 -5.344654 -0.805585 -4.383783 5.520827 -0.889859 2.183511 -2.984222 -1.184229 -3.148236 5.579501 -0.547726 1.765726 -0.008240 2.362313 0.653033 4.031876 -0.477008 2.226193 -2.995988 -2.897173 
7046191744299987259.mp3 :-165.011871 98.556966 41.440072 26.073675 16.541212 9.850140 1.457562 13.833696 -12.326398 10.190732 0.417900 0.128877 -0.130507 0.435305 -2.630344 1.910500 -5.572194 -2.357188 -5.588911 -0.057955 -1.755430 2.681237 -2.273746 2.436617 -4.803422 0.991802 -3.907519 2.485155 -2.322795 2.655309 -2.648559 -1.889598 -4.234154 1.792088 -2.809366 2.193724 -3.811247 -0.525156 -4.648060 2.185154 
6981994463940577968.mp3 :-92.950825 50.412536 -8.900949 31.428646 11.925281 9.758259 5.960638 12.035631 0.529399 9.479268 -8.536905 2.359915 -4.570698 4.012861 -2.102411 4.100009 -2.679302 2.749243 -4.712023 0.452616 -1.635433 5.552360 -0.052555 1.389154 -6.412320 -1.020326 -6.218500 -0.379281 -8.218139 0.180472 -0.770582 5.354899 -1.324933 -0.436038 -6.496709 -3.720956 -6.349077 -2.623458 -4.603819 0.540927 
7033746141614290614.mp3 :-84.694305 69.561711 7.331045 23.186131 2.027879 18.602918 -4.574089 11.158888 -3.024332 0.826974 -2.455255 -1.084243 -0.633022 3.519453 -1.013011 4.111593 -1.544341 4.398234 0.267814 5.202841 -4.691932 -3.046730 -5.978162 1.240778 -3.196279 0.961296 -5.890022 1.420642 -1.156330 -3.710244 -10.214860 -0.204186 -1.828571 0.768405 -5.215235 -1.100756 -5.388564 -0.844771 -3.970933 -1.931789 
7021943317564055638.mp3 :-89.095630 86.641382 -0.399254 26.420403 -0.715460 8.212746 0.854706 1.090843 0.265084 0.716573 -2.658406 -1.054674 -3.199467 -3.585953 -2.058008 -2.686819 -9.466990 -2.971866 -7.829275 2.514342 -2.923095 -1.073231 -8.214129 -1.266739 -2.217157 0.975559 -3.050892 -1.668701 0.851440 4.157931 -7.519292 -8.975338 -9.059658 -1.392729 -2.299322 0.311795 -2.032850 1.527362 -2.536814 -0.674448 
7034509686796340406.mp3 :-57.489994 88.039360 17.309047 29.433839 8.727535 13.979489 0.951915 6.856072 0.191176 4.580050 0.749977 1.476476 -0.606521 4.154466 -3.110146 2.763068 -4.703955 1.386387 -3.913127 0.413518 -2.389362 5.433527 -2.725358 1.989866 -5.693049 0.595243 -3.442531 2.350786 -1.500717 1.408387 -1.943000 4.100657 -0.828864 2.348074 -0.472277 -0.191497 -4.117953 0.832115 -2.552693 3.096977 
6958389679815928224.mp3 :-75.065420 61.652066 -13.966266 33.575454 -5.728761 15.089184 -2.091565 6.310036 -0.870177 4.232895 -0.830544 6.642841 -2.166972 7.245673 0.566413 4.552661 -4.301834 2.150520 -2.361889 4.803138 -2.169291 -0.742574 -5.918057 2.429806 -2.149199 1.762150 -2.345328 4.460068 -3.505133 -3.912915 -6.300198 4.518353 -1.190454 0.097541 -4.550702 0.368430 -2.689632 2.368623 0.269775 3.509892 
7042916550205876984.mp3 :-144.318816 65.765115 27.452436 21.945068 -4.604244 18.509032 1.951110 11.588129 1.683289 13.231082 5.765880 5.070926 4.681659 6.415948 -0.687392 3.685452 -2.613099 5.378804 -1.467360 0.837184 -3.791335 1.695015 -1.397931 5.080787 -3.226687 5.238227 -3.063414 4.397685 -2.092399 2.866522 2.200623 7.731580 -2.007544 0.068920 -4.546379 -0.505794 -4.945931 -1.676376 -1.969096 1.070415 
697280078448541669.mp3 :-51.788349 99.656539 0.015179 15.529500 6.410147 9.871119 1.445288 8.513539 -2.473446 11.684201 -2.666783 1.785681 -2.182102 4.791220 -1.364591 0.288697 -3.203794 -0.700597 -3.175777 1.000924 -3.619459 1.494737 -2.524936 4.068224 -3.551384 3.145115 -2.955735 1.225590 -2.394672 5.482486 0.494887 2.857336 -2.850937 1.897738 -1.453441 3.495677 -1.644217 1.134669 -2.949300 0.044710 
7007465110720020863.mp3 :-150.581795 101.886774 12.541467 30.535239 13.513868 9.894441 4.139124 0.168473 -8.572619 -2.761208 -4.811373 0.298340 -8.525744 -0.369549 -5.630407 1.436480 -3.423884 -2.670955 -13.034384 -10.280423 -9.056377 -0.025019 -6.119245 -0.978049 -8.817171 -0.626705 4.249689 8.104802 -2.222404 4.388961 -0.094024 3.552255 -1.320559 -1.543375 -7.178184 -7.556817 -10.336513 -3.951569 -5.971160 -1.836091 
6967942759115208238.mp3 :-86.444849 66.131099 -21.806897 -7.485236 -18.798414 -14.439355 -15.742137 -6.790803 -9.562748 -0.834484 -7.041023 -0.830366 -2.673511 -2.255375 -3.752662 1.259042 -0.689177 6.657885 2.285092 9.440245 2.725305 4.264596 -3.028456 -0.476494 -3.662011 2.743539 -0.917151 2.188301 -3.392522 -0.563567 -3.387939 3.104013 -2.067608 -1.152410 -6.574361 -1.333579 -2.125163 3.589318 2.087556 6.720889 
7027234335976763299.mp3 :-83.511374 100.264599 4.606147 32.111487 7.396080 4.397613 -5.314425 2.982567 -13.877998 6.417287 -7.118108 -1.019846 -3.688080 -2.536991 -0.759807 -2.016337 -4.946724 -1.937079 -4.497284 0.929132 -1.348533 -0.654481 -5.004164 1.373024 -0.398356 1.309558 -2.877872 3.367698 -1.523268 5.337016 -3.349001 -8.079961 -7.917215 -1.708739 -2.075202 3.611533 -0.763326 1.730025 -4.092987 -0.287170 
6978391301820534761.mp3 :-61.851434 81.449653 -0.199558 24.771573 -4.052334 14.165962 -4.600773 4.638205 -1.760811 3.217750 0.755705 5.121572 3.240536 2.017210 0.763843 5.498277 -1.697225 6.209485 -5.334631 -0.212790 -5.291560 4.432535 -0.956897 1.939726 -3.720536 -2.118319 -5.284403 0.598470 -4.040423 -2.124202 -3.846380 3.568379 0.597068 3.669911 -3.728821 -2.258609 -6.097427 -2.101486 -2.878564 1.357534 
7046237053375296553.mp3 :-70.201870 102.217265 4.430861 32.185722 0.060969 11.650052 -1.442662 5.798951 -4.544344 4.953073 -2.278305 -1.487455 -4.397479 2.352201 -3.265081 1.547769 -4.260409 -1.279942 -3.847501 6.165389 4.875068 3.203680 -3.253522 -6.210483 -3.544684 0.284627 0.334092 6.037245 3.195317 5.415016 -7.145993 -0.899615 -1.704448 -0.869002 -3.707393 -2.803990 -4.320679 -1.043134 -4.859373 0.149469 
7036604020201753804.mp3 :-69.598045 71.689122 0.769903 21.137897 6.354817 15.428890 15.425218 2.747583 -0.605939 11.353300 -6.053471 5.263733 -3.601162 3.288175 0.659118 1.555990 -1.528715 -0.468583 -5.594165 0.628475 -8.528675 -3.990384 -5.708801 -0.632174 -0.136229 6.612913 0.084782 6.058207 -0.713675 0.191369 -1.632425 4.057177 -1.446491 0.308088 -4.483191 0.063985 -3.266725 2.428342 -4.712545 -0.052837 
7044881811294722654.mp3 :-148.097048 110.691338 21.771286 21.897681 8.650586 3.020809 -4.529860 7.607750 -14.545389 0.404662 -6.575945 -1.203934 -5.737222 -3.980751 -1.497918 -1.473136 -4.084138 0.936668 -7.630426 -2.378484 -5.952934 1.154952 -4.255658 -5.210442 -6.709032 -3.445556 -2.998934 1.564398 -0.480345 0.449408 0.293733 5.887569 -2.953501 -0.197696 -5.309686 -3.975970 -8.389234 -3.568419 -4.290086 1.642567 
6967454184893107606.mp3 :-171.022162 106.249392 6.363891 15.212218 3.401193 -1.822479 -3.403295 11.289281 -14.226379 0.596856 -7.925610 -6.553014 -6.838486 0.688185 -8.153194 -0.647021 -3.018338 -2.839695 -6.122697 -4.068356 -6.647218 -2.007454 -0.964164 1.724705 -4.764457 -1.209323 -5.536844 0.474005 0.167927 2.605218 -3.932925 3.279964 1.434084 3.744011 -1.034931 -0.565068 -6.971431 -4.896170 -8.809493 -3.936288 
6972316238709680022.mp3 :-231.183021 95.169053 23.318959 23.408457 12.566880 7.855141 5.315685 5.186896 -4.555721 12.285637 -11.009147 1.085755 -4.998648 -0.048793 -5.943448 3.663463 -6.524113 2.759358 -8.938418 -4.502289 -7.656711 -2.581842 -2.490780 3.603263 -5.723561 -0.954687 -5.865254 -1.788212 -2.846527 3.880988 0.949235 1.188433 -4.167285 -1.068103 -1.047647 0.424908 -2.372865 0.685815 -5.791519 -2.900660 
6968115606835479048.mp3 :-79.996596 73.393458 12.643564 25.284955 5.317783 8.628321 9.694616 1.852524 0.316818 9.033194 -10.195827 3.206777 -4.765565 4.223122 -2.741737 3.733672 0.847382 7.907245 0.144034 1.275817 -11.985660 -3.274437 -3.870824 4.595008 0.635369 5.111956 -5.525509 1.537987 -4.675928 0.039282 -3.971533 0.600378 -4.365606 1.691106 -1.295384 4.462481 -1.302898 -0.835136 -5.231065 -2.583879 
7046293000258360330.mp3 :-100.304604 98.558212 4.556200 33.491484 8.103541 9.840283 8.374517 5.022695 -1.400430 7.249254 -4.621138 3.174822 -5.945291 2.478363 -5.286313 2.154361 -3.978865 5.630594 1.031031 7.620441 0.857601 4.081507 1.964650 2.753150 0.028015 5.708764 1.631821 5.173366 -3.117123 0.879294 2.571877 4.507879 -3.773348 -1.890811 -5.410733 0.967530 -2.038881 3.218861 -1.178538 2.901072 
6977572398606084814.mp3 :-145.688065 98.590563 1.708674 37.338548 -3.533777 7.576450 -3.503689 2.007451 -18.304991 3.635794 -5.207349 -0.025718 -4.793060 -5.210611 -8.511540 -0.312968 -6.603864 0.171739 -7.924879 0.084931 -7.145066 2.721634 -8.349012 -1.399076 -9.176083 -3.983001 -2.321642 2.077121 -0.124830 3.676949 -4.568238 0.430297 -0.856220 4.084451 -1.971469 2.310141 -2.379044 1.546279 -0.258402 2.271250 
