5416393852804476340.mp3 :-132.117058 116.887392 8.652143 26.501423 3.890364 7.787499 4.155455 -5.765465 -1.059011 4.014287 -11.444382 1.952454 -4.906824 -1.180635 -4.612043 -1.417870 -2.310447 5.103483 -9.036798 -2.319934 -0.846221 6.910127 0.165756 -1.790205 -5.270914 0.198350 -7.232689 -1.228526 -3.547922 3.220935 0.779371 0.275111 -3.168720 0.784944 -1.347331 1.565099 -3.731818 -2.757966 -3.124016 2.194422 
5396212341741944004.mp3 :-92.615919 102.647961 19.842407 26.682307 2.744395 8.049254 -1.374754 0.569006 -10.218261 2.738060 -7.307322 -4.978469 -7.747166 -3.923802 -8.018772 -4.559283 -8.276765 -3.250748 -3.950044 -4.343484 -5.766284 -6.380810 -8.431713 -1.825890 -5.895798 0.628965 -3.463893 -0.653490 -2.870426 0.421232 -3.505402 -3.305329 -5.249507 0.155495 -2.961698 3.525758 -2.113938 2.801945 -2.875868 -0.521061 
5358566150476885431.mp3 :-65.750392 99.869899 -0.078953 45.074130 3.171966 8.090523 1.909458 2.974953 -5.443893 8.106839 -1.778120 1.334333 -4.675120 0.744191 -2.429187 -0.950730 -6.862658 -3.094368 -9.479539 -3.071700 -4.419066 -1.752569 -5.946519 -0.965080 -4.203194 -0.328866 -1.334556 2.032968 -3.753637 -0.158981 -4.054346 1.615886 -2.512897 1.756195 -5.390304 -3.919329 -5.543428 0.231326 -0.608241 0.581838 
5372562276999523609.mp3 :-6.270488 57.176310 2.302234 16.837585 2.510850 7.146045 -4.906911 2.067421 -5.419010 4.196947 -3.449225 2.339016 -3.416906 1.173509 -2.873437 2.865599 -6.122486 3.029998 -3.418926 1.680243 -1.830843 4.310761 -3.490543 4.934033 -1.738189 3.444152 -1.854345 2.515545 -2.238770 2.411048 -2.142127 1.119928 -2.491021 0.905798 -2.289721 2.884680 -2.537437 0.804042 -4.019165 -0.590638 
5380604529748012573.mp3 :-207.516330 142.910828 19.497256 19.218963 3.158856 -3.877009 0.107929 -2.794792 -13.442486 -5.242732 -12.001908 -11.927135 -11.337528 -7.095721 -10.314461 -3.471400 -5.639744 -1.498798 -4.589661 -1.588548 -1.114518 -0.292223 -8.896898 -0.745933 -7.653236 -2.092107 -4.897369 -5.408652 -10.487462 -2.898305 -1.218430 -0.825713 -2.741145 -0.532398 -4.205220 0.335313 -1.938604 -1.321997 -4.606190 0.993356 
54058762720869731.mp3 :-120.620450 101.910334 18.699130 27.527152 13.240132 13.089634 -2.239263 11.661650 -5.266603 0.186687 0.667057 3.248330 -2.485708 4.762262 -4.598417 3.633944 -5.433041 0.711436 -2.272822 0.579529 -5.705377 1.774248 1.945671 2.271953 -1.749318 3.577419 -3.673622 -1.167109 -3.491743 -5.018365 -6.391238 3.759785 2.489021 4.969527 -0.434833 0.315714 -3.582126 -0.451382 -6.318091 -1.601626 
5353874498204344626.mp3 :-128.454087 97.112012 15.222422 24.768263 2.546657 5.915529 -4.488913 6.049515 -10.278785 -0.071481 -7.691726 -5.726517 -4.142578 -4.115393 -7.728036 -0.403001 -9.783042 -4.074020 -6.260800 -4.118421 -4.229343 0.467650 -8.085637 0.067605 -5.777726 0.476901 -4.417020 4.146369 -1.126655 6.140142 -0.876070 -2.419557 -4.802813 -1.440116 -2.457183 1.739148 1.649293 2.773207 -3.700833 1.325683 
5403249940187456841.mp3 :-154.684496 97.963243 0.013214 36.407928 4.993586 3.639431 -5.893078 7.156737 -10.121247 2.293384 0.370043 -4.941187 -4.918525 -1.976174 -5.333478 -1.268132 -6.504025 -0.981132 -4.077092 0.348848 -3.513547 1.485227 -9.141298 -2.845007 -6.911165 -0.891921 -2.822504 3.798868 -1.647543 -1.237286 -4.408945 -0.141693 -3.782195 1.437414 -4.606205 -1.723706 -4.294702 0.717140 -5.246209 0.228226 
5356047800223134321.mp3 :-114.568784 75.996065 -22.314282 5.161425 -2.785185 1.763181 -1.909707 4.368389 -1.510782 6.334813 -4.336138 2.911357 2.130698 -0.066402 -0.165726 2.714001 -5.460197 3.269456 -3.893744 3.069121 -4.621329 0.655656 -4.053015 2.390730 -1.179452 2.566542 -3.612073 2.381667 -0.371764 1.201383 -3.852703 -1.510644 -2.343858 1.764497 -1.425168 0.166711 -3.135999 0.351466 -2.200546 0.821742 
5392133966520800791.mp3 :-119.973848 69.622599 37.756717 28.334819 8.873881 -1.644268 2.419349 2.849084 -2.513845 6.992257 -4.046909 4.170743 -4.246717 2.725654 -2.208746 -1.741081 -3.430321 1.269450 -7.799403 4.591536 -1.811766 3.542863 0.086133 0.866228 -8.953410 -2.510588 -7.847022 -1.323570 -1.930015 4.023427 -0.823258 -0.019381 -5.836340 -1.511285 -3.499235 0.876497 -3.884149 -1.237641 -4.579661 -1.672417 
5395317198277378751.mp3 :-74.166295 64.080467 24.378137 21.774762 2.806843 14.086799 0.442086 5.201105 -2.163279 5.800955 -4.048983 5.787453 -2.614649 3.279306 -2.291696 0.914072 -6.645794 2.001764 -2.875862 3.615935 -3.241517 0.490044 -2.983245 5.993366 -0.597609 3.144616 -0.726561 2.751467 -1.194796 -4.353771 -6.592986 1.607814 -0.279511 5.324142 -2.741231 1.806792 -3.375000 -0.141313 -4.027524 1.726056 
5408663812395456189.mp3 :-124.973402 108.929239 -21.789671 10.405694 -7.825313 -6.630254 -8.620269 -1.729671 -3.151613 6.434479 1.377324 3.288212 -4.756234 0.599680 -3.676918 3.912904 2.321416 6.205176 3.360317 8.863046 2.168814 4.424462 -0.363608 0.722382 -3.160519 0.261352 -6.714946 -2.107593 -5.595352 -2.243009 -4.134332 -0.111915 -3.090776 0.289157 -2.465500 0.730333 -2.842369 -0.784075 -3.526288 -0.726816 
5378683293345595554.mp3 :-272.072142 132.132106 8.565676 16.843211 7.958107 5.572047 -2.598779 0.017739 -5.483260 -3.464546 -6.040467 -0.995403 -3.217360 -0.967391 -3.456902 -3.164575 -5.437098 -3.267555 -5.506287 -2.686463 -1.764455 2.739737 -2.131922 -1.225536 -1.970055 0.643460 -1.515582 1.220670 -1.378427 -0.964484 -2.031225 1.278348 -0.424562 -2.140241 -5.564153 -3.160771 -5.593939 -3.780619 -1.833966 5.028883 
5355326963703774540.mp3 :-152.193788 110.278377 7.696227 7.878648 2.006568 -5.200801 -0.336720 -11.283184 -13.173094 -6.223219 -19.342063 -1.423469 -4.149762 2.546037 -1.932077 1.366571 -7.234558 1.787235 -9.158924 -5.217680 -5.931084 0.494242 -2.677982 -3.608183 -7.348016 0.964391 -5.140340 0.813651 -6.853386 0.872045 3.129871 5.450797 -3.209378 -5.303479 -6.391751 -3.707570 -5.278884 1.896451 1.444076 0.602918 
5368566069822122872.mp3 :-69.120218 94.938347 23.188133 22.015368 -5.619317 9.563961 -6.436321 4.824859 -11.101487 1.787062 -3.441194 0.511638 -3.685749 -1.068239 -5.768837 -1.840488 -8.992896 -0.737429 -8.821695 -2.291203 -2.943553 1.430033 -3.086723 3.451777 -3.726175 2.353085 -1.313716 1.488226 -4.140368 2.797455 -1.495437 2.267496 -2.629161 -0.900073 -4.878167 1.720903 -1.691912 3.770728 -1.123285 1.072376 
5391833181416753357.mp3 :-43.224253 74.682840 -2.637808 23.140241 1.966802 22.781996 2.211776 9.341201 -1.478679 4.505678 0.149054 3.679209 1.302919 2.228752 -0.077467 1.725666 -3.398779 4.824103 0.144460 7.230648 -0.539937 2.494455 -3.289750 4.462486 -1.425174 1.487559 -2.192321 2.679852 -4.906148 -1.329094 -0.828748 5.776902 -1.938171 -0.635472 -4.669930 0.329494 -2.178657 3.237392 2.973465 4.972601 
5374192991964292767.mp3 :-165.017758 99.125112 22.497819 31.116593 11.486907 8.972012 -1.260762 6.230281 -4.815288 7.223121 0.225191 4.057511 -3.482101 -5.658635 -8.195389 -2.976931 -6.111358 1.458013 -5.162536 1.100965 -0.431477 3.077268 -2.635436 1.925974 -3.118402 -0.999844 -6.207153 -2.209643 -3.799601 4.997682 1.826166 0.191561 -6.401371 -0.925919 -4.003410 0.634574 -3.762743 0.834671 -4.933268 0.135298 
5399306565139867858.mp3 :-202.478262 109.431448 34.474539 14.299897 16.146147 7.012224 0.716029 3.813347 -4.299991 -2.861194 -6.359755 2.395271 -7.214101 0.208566 -9.002111 -0.955402 -5.266093 0.187420 -1.242731 6.460322 -1.357648 1.089438 -1.207998 5.768714 3.551378 6.870226 -0.485196 8.433429 -1.831488 -4.764048 -11.688004 -2.624750 3.376071 5.594885 -0.642811 -0.186487 -2.745663 1.873474 -3.862317 -1.141388 
5402597072112176712.mp3 :-73.243615 74.785302 15.853780 21.547911 2.938561 11.256935 -2.465820 6.176051 -1.789560 9.697789 -2.779958 2.004357 -5.347419 -0.616821 -1.463486 3.157391 -1.226509 1.432439 -4.173511 2.012218 -3.512864 0.470436 -1.452574 4.273517 -2.184730 1.526793 -3.641335 1.614428 -2.854444 1.792427 -2.080783 2.483316 -2.483413 3.441616 -3.818072 -1.231297 -4.243836 -1.227482 -2.365618 2.283458 
5357149106199208929.mp3 :-150.425469 98.019629 16.855800 31.705044 1.693069 2.167112 -1.539359 -0.563003 -16.748193 4.987550 -7.558241 -2.443869 -2.278630 -8.900043 -7.300019 -4.819307 -10.039924 -4.262267 -8.008073 -1.480228 -7.810770 -1.108945 -7.326303 0.760696 -7.847778 -4.972293 -5.135933 -4.465980 -10.385418 -3.744753 -2.586111 3.404856 -3.779216 1.007113 -5.265898 -1.753265 -4.829481 -0.479340 -3.269326 -0.570410 
5411704285687666379.mp3 :-210.002592 116.003224 4.676167 13.411897 -0.121042 9.482582 -4.879999 2.674491 -14.093255 1.394623 -5.552713 -0.635615 1.080338 -9.190163 -5.384942 -11.151556 -9.290529 -8.030373 -7.143474 -3.896047 -3.808421 -5.192485 -5.198360 -1.190951 -2.306472 1.444901 -2.011736 -0.000534 -2.102714 -4.850700 -9.131693 -2.031509 -2.638018 -0.427931 -3.426340 -0.016544 -4.025932 -2.529760 -2.057659 -0.327101 
5404877381382858309.mp3 :-259.380136 68.864275 8.684299 22.713142 2.711735 10.010025 0.772153 6.307208 -7.836525 -2.119897 -1.471848 2.093889 -4.295992 -1.485028 -5.408754 -2.291396 -6.437734 -0.942301 -8.760346 -3.197603 -2.073456 -1.921294 -4.951066 0.075815 -5.158497 -3.047569 -3.715579 0.833374 -3.335333 1.685861 -2.416922 2.516448 -0.711277 0.172436 -6.535897 -4.001533 -6.718116 -1.972201 -2.221236 1.087273 
5361363223316584500.mp3 :-90.564484 102.378352 9.443584 29.490326 2.943342 -0.475724 -1.391949 6.464758 -12.967901 7.278019 -6.193462 -2.863222 -4.761775 -4.116501 -5.555507 -1.783720 -5.958170 0.615126 -5.517673 -1.653871 -6.217512 2.584354 -5.048831 2.447639 -5.938608 -2.699378 -7.296492 -4.231747 -7.224773 2.123399 0.630009 3.659162 -4.590851 -0.632946 -5.010572 1.662600 -2.710197 0.765578 -2.185270 0.365537 
5399800808601545194.mp3 :-55.727170 95.907717 1.981121 26.443582 0.229478 8.575673 -8.882498 1.329326 -11.193171 -1.313789 -2.777494 1.530234 -2.980970 4.314376 -1.630253 6.556809 -2.709900 1.661428 -2.644137 2.747265 -6.153230 0.607537 -1.174443 2.559316 0.216109 1.560643 -3.043053 2.232783 -1.681428 3.055013 -3.984151 -2.992421 -2.144529 4.480874 1.158268 3.369613 -2.792009 -1.261519 -4.373357 -1.413031 
535794108291351643.mp3 :-241.990873 80.783679 -13.077606 10.068915 -8.330580 1.946466 -2.530838 5.490244 -4.789068 4.705182 -3.736436 1.111316 -4.923151 -0.458501 -3.730136 1.238572 -5.485021 -0.328931 -3.388993 1.965914 -3.510952 0.158926 -3.613036 1.826860 -2.860839 1.064816 -3.342953 0.658510 -3.686437 0.505045 -4.334977 -1.482950 -3.910151 1.030820 -1.588912 2.762257 -1.313227 1.870063 -1.087757 0.996214 
5393594257070999769.mp3 :-98.523434 74.077832 25.964793 29.934143 6.422569 2.946474 4.434907 6.279346 -4.698746 1.340921 -3.674630 -0.535456 -4.265709 0.858270 -6.476035 0.138817 -8.270593 -2.812691 -6.953282 -2.255212 -3.654296 2.404879 -4.496775 -2.245319 -8.817710 -1.974317 -7.583434 -1.589201 -4.346640 2.750504 -0.851347 -2.591373 -7.129183 -0.437687 -3.667148 -0.424130 -3.626214 -0.766312 -4.378018 0.271567 
5354301146895750685.mp3 :-72.495486 107.097614 3.017947 28.880308 8.359432 3.072472 -0.778513 9.185783 -13.894114 2.747751 -0.233160 0.419244 2.495501 -0.398780 -4.317302 2.006125 -5.461475 0.905893 -4.909815 -1.499145 -5.519427 2.512348 -2.896660 2.600975 -2.748222 5.823598 -3.635670 3.372476 -2.143592 1.019691 -7.945556 -2.645186 -3.558159 1.945281 -3.902242 -1.685814 -4.745104 -0.370831 -3.029786 0.793273 
5365725822304381665.mp3 :-199.068610 102.385486 2.026374 17.566035 7.216121 -5.062228 1.792680 -13.772959 -11.322312 -0.579456 -13.113083 -2.315210 -6.512912 -7.389038 -9.578772 -4.827809 -11.777847 -2.849937 -7.974829 -1.987380 -9.893293 -4.216337 -3.054267 -1.402318 -5.694412 1.252854 -3.814428 -0.054561 -3.464187 -0.818185 -1.844439 0.578841 -3.235171 1.405048 -1.879224 0.179573 -3.875215 -0.588138 -3.626799 -3.155634 
5395468174884401735.mp3 :-120.377684 94.892599 12.561106 37.733662 15.071019 -4.432677 0.265792 10.905551 -20.405054 2.101610 -7.633235 -0.952298 -4.645762 1.980376 -3.941016 -2.973930 -3.101058 -1.219670 -5.143194 -1.520638 -7.243400 -1.928433 -5.569940 0.465897 -0.643524 5.471083 -0.398459 2.771456 -4.508285 -0.821218 -1.433434 3.916498 -2.041906 -0.741105 -3.672837 2.267835 -1.016773 1.261619 -2.936929 0.227800 
5390303316618401947.mp3 :-72.008671 103.367398 7.932137 26.071926 13.566592 2.403720 1.575152 4.259121 -10.068832 5.417481 -13.001928 -0.139522 -7.889566 -4.009607 -3.685379 -1.215238 -5.893546 2.938624 -4.041816 2.119723 -4.479897 0.124159 -3.523145 0.799300 -1.482683 2.964242 -3.325246 3.953667 -3.130400 -2.228150 -7.789155 -1.015850 -4.758859 0.726832 -4.200788 -1.274711 -5.067225 -1.452915 -3.534182 1.933994 
5397016595632742024.mp3 :-133.101785 103.872252 33.016763 2.617268 20.486050 10.745132 0.513786 5.099817 -5.316176 9.182754 -1.469805 0.523641 -1.594924 2.734733 -5.546055 -0.510041 -1.796714 -2.926211 3.435122 6.790699 -6.968420 5.775903 -5.281455 4.323695 -2.860845 2.258302 -3.187092 -2.436595 -2.669952 -7.045507 -4.508081 3.562352 -4.433105 -0.601357 -4.492816 4.265845 -3.272702 7.335317 -4.156435 6.789566 
5420924802698709880.mp3 :-68.275442 72.391002 14.289353 25.767828 14.451787 10.106790 2.199600 10.080064 -7.365220 8.107851 1.378930 -1.197546 1.534332 0.697150 -4.884359 3.782292 -2.560534 -1.287175 -3.706178 -0.351109 -11.244265 1.616555 -2.805624 2.992043 1.085918 7.573601 -3.463593 3.354943 -2.389768 -0.974884 -7.983022 -3.422891 -3.447444 4.773932 2.552730 4.957181 -1.056421 0.236590 -4.439728 1.963419 
541051311227450794.mp3 :-59.027676 79.892372 18.185147 23.662180 5.555296 15.199429 -0.077961 5.783188 -7.608527 4.068296 -4.718983 2.866285 -0.741792 4.396435 -0.282878 4.965212 -5.022466 -1.313443 -6.517085 -1.514065 -3.306530 1.837968 -6.298509 2.361251 -2.506532 0.982621 -0.357506 6.734765 -0.151415 1.853426 -0.448073 4.021286 -0.104350 0.755135 -4.804231 0.964133 -6.786935 -2.483194 -0.666560 2.631045 
5411841949313428433.mp3 :-129.802327 61.174997 9.939325 32.082183 2.743738 11.543467 7.578574 6.468791 1.721111 6.941447 -1.754637 5.254245 0.290554 4.374147 -3.138825 2.524510 -3.766547 3.537854 -4.379281 5.084573 0.406690 1.199808 -2.391428 0.950570 -4.129315 -0.580210 -3.764105 1.524121 -1.865378 -0.339026 -8.807628 -3.327111 -4.475831 2.783353 -1.534289 0.426124 -4.741268 1.025850 -3.764082 -1.460100 
5360733250694449005.mp3 :-101.147886 102.842722 11.485032 15.854489 4.831092 4.296913 -1.022167 4.811825 -9.258539 1.995462 -5.765662 -1.331998 -6.113631 0.800605 -5.438759 4.388317 -7.854057 3.697998 -5.484879 -1.497617 -3.370445 -1.820446 -4.173302 1.574355 -3.529345 -1.060107 -1.397809 -0.182091 -2.483795 2.672160 1.632725 3.513075 -0.322891 2.027523 -0.261618 3.430408 -0.989254 1.094636 -1.958964 3.697455 
5376072885590819084.mp3 :-91.297066 80.903858 22.394333 26.181925 6.401248 3.960859 4.484273 7.897548 -10.317115 6.480817 0.378931 4.182993 -5.578938 -3.781970 -0.366402 4.994724 -9.484354 4.021374 -4.728671 2.485043 0.729137 -0.134740 -7.798977 -3.756129 -7.124779 -3.926483 -5.767842 2.423330 1.099305 1.561879 -4.221314 -0.203517 -2.902293 2.387702 -3.503140 -1.618775 -4.333380 0.199346 -5.110728 -2.624955 
541388724335502690.mp3 :-105.286544 102.768958 20.086786 26.776367 1.086229 10.570366 -0.635019 12.187974 -0.137858 1.361227 -6.462618 3.710470 -3.712867 -1.009408 -8.033535 1.889976 -2.266663 -4.004794 -3.758173 0.630869 -1.349230 2.058124 -8.631748 -1.437278 -6.437431 2.486003 -1.854024 6.435679 2.622357 2.109244 -8.160880 1.718324 1.062481 2.225177 -3.881972 -2.513707 -4.157420 -2.665828 -1.470753 0.617510 
5414848228059581428.mp3 :-100.721488 89.815370 1.070399 21.968189 0.073261 6.245467 -10.285821 3.647146 -11.620340 -3.180146 -10.196910 -4.144436 -7.212543 -1.871218 -2.540125 1.485987 -7.985588 1.655258 -6.189576 -3.353063 -10.552948 -0.379638 -5.612045 0.654035 -2.925145 1.108127 -5.573643 -1.804114 -3.518981 3.338642 -1.173111 1.283861 -2.362808 3.659575 -0.054506 4.413788 -0.282111 4.235262 -2.556510 -3.068347 
5354626838684213577.mp3 :-83.238105 88.793139 13.739315 17.216812 -2.023414 9.310248 -3.451257 4.151216 -1.982721 9.742938 -10.534901 1.064140 -4.922087 2.224261 -3.986354 2.750617 -2.642442 5.932615 -0.742058 3.487250 -3.577312 6.820205 1.806016 2.967677 -3.176847 2.009781 -2.751422 2.737695 -3.342677 -3.101635 -1.027346 4.953334 -1.402562 2.278036 -4.255421 0.335913 -3.094796 2.218338 -1.057854 1.434516 
5415543046487515917.mp3 :-100.231980 77.007987 11.303792 24.580177 5.960479 2.444013 10.021635 8.451710 -5.835319 8.293593 -13.216313 4.939402 -2.399996 2.612765 -1.920900 3.388811 -4.831019 5.989008 -0.861196 1.798399 -8.114986 -1.835466 -2.610505 3.079019 0.186361 2.663756 -8.697992 0.120284 -3.752195 3.109910 -4.829114 -3.626800 -5.070350 3.272571 -0.125970 1.739070 -2.037404 -0.375352 -6.600516 -1.916345 
5406305970183881419.mp3 :-175.588473 89.869816 16.428202 34.334811 5.002893 5.831986 -3.181966 7.641093 -14.147895 8.785846 -5.340016 1.097277 -4.056560 -0.558959 -3.764728 0.757248 -6.441353 -0.325428 -8.603058 -1.700916 -5.346850 -1.443863 -10.462996 -0.140958 -8.256923 -5.723295 -5.511329 -1.583791 -6.382161 2.332770 -7.359235 -2.291892 -3.524457 3.095907 -3.234904 0.256691 -5.138187 -3.397013 -7.997800 -2.285365 
5377247659853938059.mp3 :-56.104738 78.265816 1.083747 24.752125 -7.514397 7.951503 -1.178493 -0.869376 -4.499115 -3.224199 -8.978522 -1.756561 -13.251796 -5.191503 -12.990809 -6.106729 -7.458803 -1.148328 -9.601544 -2.100245 -9.595988 -0.902177 -2.193751 3.241478 -2.063896 2.317762 -4.440342 -2.788419 -6.535615 2.144115 3.139134 5.101583 -0.507938 1.692455 -1.758519 1.637334 -1.594902 4.282814 -2.704936 -3.256722 
5394691147101431933.mp3 :-93.749096 68.592910 11.115240 21.410494 7.612067 3.302821 -1.992979 3.222480 -11.791811 3.541030 -3.835988 -0.346731 -3.495711 0.484592 -4.574721 1.005723 -4.810712 -0.790982 -3.957338 -1.155582 -5.005801 -1.141640 -5.415930 0.991919 -1.878913 2.027432 -2.611844 1.405686 -5.413793 0.248604 -1.656041 4.384508 0.511938 2.630464 -2.549711 1.868591 -2.273793 2.240756 -1.315966 2.620633 
5385511958750456601.mp3 :-169.250400 101.764321 17.258391 22.457090 -0.820692 9.147768 2.747599 5.874497 -0.773808 7.969595 -6.506747 3.982994 -3.558849 3.337925 -1.277251 6.219986 -0.286226 4.820066 -3.106670 -2.516966 -5.944627 0.918642 0.372511 4.559918 -0.486302 0.940814 -5.349839 1.012459 -4.540857 -1.714920 -2.997320 3.861297 1.934881 5.998778 0.881198 1.983298 -3.878138 -2.464121 -5.353507 -0.221681 
5366275497610063514.mp3 :-216.429603 86.365990 25.171672 23.082676 6.951187 4.623306 4.757114 1.131426 -4.492942 4.079611 -11.118388 1.151392 -6.200549 -3.169680 -5.443136 1.254546 -3.048971 0.860406 1.352614 7.471472 -2.284891 -1.652644 -4.016800 -0.213979 -1.154769 2.978110 -2.135627 7.068447 -1.635466 -4.481925 -9.251409 1.079046 1.185437 1.918204 -4.933198 -1.921060 -2.808796 1.877241 1.019416 0.267905 
5416473898824183484.mp3 :-77.290093 93.222727 14.454153 20.985571 6.470136 4.488488 -4.326430 -2.764738 -5.232587 3.912865 -9.967372 5.561775 -4.293275 0.315118 -4.090252 1.459085 -9.222699 2.956144 -6.759149 1.115542 -6.197724 -2.694506 -3.626520 -1.902878 -3.834719 1.642590 -1.954552 3.756551 -3.059120 0.505881 -4.384417 -0.526750 -4.852674 -1.090846 -5.105208 1.307027 -5.789753 1.532332 -1.144894 0.002182 
5374216888658978320.mp3 :-169.840887 103.864465 4.259391 29.407779 6.680354 5.526939 0.708215 8.676758 -4.836647 6.448731 -3.217954 1.317443 -5.248887 -2.036893 -3.096273 -1.211588 -4.488464 4.532334 -5.480394 1.154537 -7.865130 0.240692 -0.273190 5.628232 -1.706079 4.326667 -3.173833 -0.305631 -6.996811 -5.140558 -5.525414 6.316334 0.168579 1.517395 -5.490964 -0.878569 -5.848325 -0.660996 -4.280392 -2.455935 
5362706071310995151.mp3 :-228.543140 95.599314 13.181857 30.282929 5.215422 4.635371 -1.921971 -4.799444 -12.611524 0.685443 -14.877742 -1.337088 -10.324499 -3.846325 -4.518742 1.630558 -3.266401 1.270438 -7.386264 -1.090835 -6.962114 4.654024 -2.900152 0.609014 -5.671056 -5.693500 -6.505195 1.616088 -4.077731 -5.893253 -2.899020 4.655455 2.145155 1.809355 -4.535994 -2.680396 -6.887460 0.509958 -1.530348 0.706725 
5427704234942203482.mp3 :-196.151648 86.003313 4.545309 31.467029 14.259187 15.380903 6.011655 10.619877 -1.237273 13.161528 -3.804721 9.338961 -2.795462 4.275256 -2.639071 3.190375 -1.273225 4.273946 -0.466066 3.890000 -1.017087 3.733795 1.048355 6.195605 1.511517 5.122203 -1.723455 1.863803 -1.602170 -0.884738 -7.691286 -1.925363 -2.001472 4.787624 -0.278692 0.524452 -3.167122 -0.886905 -2.254614 0.854540 
5422129331542676255.mp3 :-105.906760 95.217345 12.860008 28.473100 7.187368 11.204657 7.195579 4.992074 -5.404467 10.555004 -9.897114 1.236298 -3.642520 -3.172420 -3.199781 3.755034 -1.917377 5.729314 -3.424073 6.105261 2.159527 5.598763 -1.938500 -2.125494 -7.721203 -1.401071 -2.219021 4.514245 4.586262 -1.009784 -3.905143 3.580596 1.086804 4.160208 -4.112056 -1.617385 -4.555511 -1.332390 -4.076796 3.811334 
