6697525041031653383.mp3 :-182.376618 107.058958 39.844464 9.875565 5.392335 -4.487783 -4.057620 1.270381 -13.364910 -0.708810 -7.991153 -5.537296 -5.691793 -1.839562 -8.940601 -5.059558 -11.060519 -6.822559 -8.608087 -5.870578 -6.679016 -6.717335 -13.124246 -5.541941 -4.048080 2.606604 1.007236 2.346774 -4.867598 -2.243641 -5.255823 1.275495 -5.055128 0.150388 -5.360305 -0.947984 -3.109412 1.396866 -2.769488 1.879145 
6722002865011353219.mp3 :-151.644964 114.533497 9.569086 8.815315 17.501027 -8.428749 5.255413 -0.130523 -9.420185 4.161172 -9.117094 1.683603 -6.672090 -1.503430 -5.261089 -4.234548 -5.198178 -2.779043 -5.607045 -2.062889 -7.098967 -1.227503 -4.058051 2.237114 -1.820798 0.485558 -4.259858 0.215491 -3.358645 2.676581 -5.676570 -2.044162 -1.922133 2.347294 -0.008810 3.337383 -1.473266 -0.355415 -3.115658 2.975836 
6764641992176803059.mp3 :-214.887549 130.754765 38.062004 44.511551 17.224715 10.681391 0.172779 9.016255 -10.605048 1.265209 -1.795311 -2.598030 0.595636 -5.033093 -2.422727 0.185778 -1.869704 0.928116 -1.332622 -0.705817 -4.924861 1.121820 -3.275235 0.686094 2.207818 5.648464 -1.437769 -0.104605 -6.583923 -2.050352 2.119791 4.189067 -0.554823 1.586007 -4.104070 0.812754 -2.862391 1.747058 -2.402018 0.231230 
6754819315677083304.mp3 :-100.325917 93.260089 12.327554 32.422821 -3.234476 9.618605 -6.651305 11.813707 -9.111258 6.721711 1.596863 -0.699335 -3.250641 -0.330153 -7.944269 -0.584463 -8.579388 -0.561158 -6.037851 0.289613 -6.628046 0.048214 -3.457012 1.859139 -1.761386 0.759558 -4.445761 0.559031 -2.821602 0.892421 -7.283990 -2.631348 -3.772988 3.524349 -0.809624 2.827382 -0.899792 1.491488 -2.338285 -1.499324 
6737056644954108976.mp3 :-89.436117 68.925705 8.002077 32.437087 7.936825 12.779177 -0.932476 3.278119 -5.135343 3.554272 -6.455251 -0.207949 -9.027974 0.522584 -9.009666 -3.369184 -9.196944 -5.601900 -7.907906 -4.469060 -7.987258 2.950544 -3.425379 -0.894640 -4.452956 1.336557 -3.882104 4.014528 -5.386967 1.650516 -1.676279 2.168731 -3.482570 0.517091 -5.149539 -1.539571 -3.859756 -0.943422 -5.235122 1.386881 
6771813748805143346.mp3 :-41.827407 61.420073 15.847072 21.808839 8.401251 10.293594 9.334247 15.345272 -4.996753 4.378115 1.470664 1.431015 -2.183221 8.700767 -2.625510 3.491232 1.373173 4.311133 -5.703070 2.533153 -1.727477 0.799936 -1.590420 3.992979 -3.869845 2.966578 1.610606 2.295565 -2.417631 1.756218 -0.661802 6.688268 0.070560 1.348294 -3.653930 -0.501003 -6.639315 -0.815479 -1.376652 0.735770 
6716731074681682127.mp3 :-66.305866 64.735436 -13.628874 34.443460 -1.922883 16.807083 6.323928 7.042048 -6.194788 6.834056 0.293356 3.861614 -2.091364 -1.430401 -5.221679 0.459740 -7.050722 4.944430 -9.458953 -3.798779 -5.978435 -5.995125 -4.267865 4.366349 -1.447605 3.671507 -3.658616 -1.764564 -6.543832 -0.708624 -7.805898 1.160142 -2.414509 0.164581 -2.814431 0.871991 -4.657724 -0.593666 -6.460339 -2.290915 
6742124129875384804.mp3 :-81.642326 93.577349 18.485764 24.916137 0.477116 12.598495 1.077906 14.707169 -7.511834 9.335859 -0.359135 0.960987 -4.306407 0.606039 -2.696228 -1.674008 -6.466032 -1.425390 -5.554412 1.269732 -1.716164 1.731607 -2.786594 1.473652 -7.531569 0.338680 -4.226343 2.445089 -0.497530 0.719122 -3.430706 0.323527 -3.434884 0.187809 -3.902328 -1.474774 -4.410922 -0.621719 -5.616562 0.493004 
6753856160118364269.mp3 :-64.266300 127.659865 -41.172311 27.998555 -0.723271 -11.257978 -7.659972 9.682704 -20.510050 -4.949571 -1.318322 -3.932141 -6.450699 2.533932 -7.073374 -2.204567 -9.031152 -3.153565 -5.480317 -1.411092 -7.450620 -5.229024 -9.216852 -2.913401 -5.337573 3.280531 -6.699440 -1.919293 -4.954780 0.300267 -6.843888 -7.246722 -10.426192 -1.259316 -2.208478 1.856551 -2.314160 1.987026 -2.453635 0.953341 
6766452641527092678.mp3 :-103.627596 87.194703 28.282792 27.718403 13.141338 13.175207 -2.560449 7.224201 -4.647175 1.699483 1.202553 -1.025183 -2.375223 -5.009324 -7.213215 -0.420545 -8.398774 1.884040 -7.939308 -4.161486 -3.342045 3.794454 -5.638082 0.704122 -6.696890 -0.847126 -7.542206 -1.776455 -7.452341 -2.607237 -2.155745 3.211748 -0.445675 -2.403757 -7.170307 -0.744511 -3.780142 -0.854912 -4.198697 -0.444400 
6698301538426682461.mp3 :-135.627629 114.687924 9.854700 25.012373 7.595271 9.491858 -1.574666 9.192309 -4.120927 1.590553 -1.113344 2.813350 0.366869 -0.581605 0.653414 2.546251 -4.834919 1.412460 -2.074387 -2.971205 -9.017641 -0.860653 -5.321814 -0.676440 -2.661719 1.011243 -4.587053 -1.846020 -6.105829 -0.484004 -4.048376 -0.065093 -2.993343 0.435422 -3.056897 1.966025 -2.243457 1.206412 -3.228259 -2.019980 
6735305512644895796.mp3 :-25.044965 70.381037 19.344057 24.667827 6.473558 12.496180 3.303391 7.072790 -5.438042 6.836877 -5.765011 0.999811 -5.687898 -0.176248 -7.528812 -1.194980 -6.612159 1.679497 -7.003262 0.773311 -2.293395 3.503833 0.455253 6.717819 -2.161097 1.042601 -1.590621 3.110359 -4.335652 1.973453 -2.953798 3.945077 -2.685944 0.045894 -3.188813 1.625927 -4.590909 0.095612 -4.785050 -0.174792 
6711515895977787364.mp3 :-34.415526 84.065901 -5.058625 11.580994 3.489324 10.132494 0.731144 5.489166 -12.229657 6.717210 -0.807250 1.394182 1.474105 2.296988 -3.183338 1.799085 -1.206368 -0.785965 -2.356944 1.224874 -5.066440 1.604812 -4.129479 1.548518 -1.373270 1.749502 -0.255561 4.486486 -0.039113 5.483686 -3.146592 -1.275631 -5.093077 0.805144 -2.887722 2.833779 -2.751129 1.153961 -3.226868 1.605252 
6717363657170995863.mp3 :-33.630425 87.832644 9.043442 19.405508 5.756970 8.982875 4.789344 4.101041 -3.416063 7.013873 -5.645021 1.765074 -4.585438 2.151685 -2.959553 1.948592 -4.524234 2.239913 -3.671940 2.470493 -2.974978 1.697842 -3.064242 2.052761 -3.402233 0.930568 -5.433496 1.568408 -1.120572 2.017768 -6.132581 -2.449849 -5.235751 1.277557 -2.861378 -0.338671 -4.554751 -0.807764 -5.548134 -0.733737 
6752904732151749583.mp3 :-83.988101 103.827816 8.574801 28.488625 2.118994 15.442585 0.564804 0.505582 4.118346 2.232905 -0.956043 4.354448 -1.440618 1.966978 -1.519214 0.476886 -5.737686 0.083581 -5.460830 3.338824 -4.249967 0.024859 -5.448435 5.249554 -0.533295 0.774130 -3.985914 0.472383 -0.714700 -1.362759 -10.838336 -3.629953 -3.627540 2.190705 -1.994274 1.124719 -3.244614 -0.427706 -4.180321 -1.831018 
6760773632900166277.mp3 :-158.091398 128.267676 13.799969 14.646681 6.741670 -0.761429 3.427460 1.809829 -5.082189 5.820658 -10.438742 0.494642 -7.368543 -0.231898 -7.545284 -0.010249 -4.667287 2.706691 -1.344245 7.173218 1.478672 0.529954 -6.096731 -0.464271 -5.256651 2.984592 -0.727920 4.415412 2.623366 1.197806 -3.283191 -1.498996 -4.848529 -0.925635 -3.392689 0.877274 -0.772031 3.838760 -1.669997 2.112056 
6727996619684845676.mp3 :-207.354013 139.513491 39.020036 20.473722 17.289899 4.218424 -3.247659 1.241341 -7.548891 -6.013727 -10.286948 0.757303 -2.020509 2.452358 0.813791 1.509983 -5.922689 -1.561460 -4.531558 0.150379 1.741424 6.543853 0.896907 2.350124 -4.505025 0.364278 1.920263 5.880917 -0.514637 -0.560285 -4.040941 2.528244 -0.860849 0.595220 -6.268423 -4.198221 -4.367089 -5.559683 -4.840834 1.780372 
673862184391167342.mp3 :-149.889136 75.598721 13.991340 28.797631 4.805506 10.031733 -0.097660 8.206657 -4.318965 4.818600 -3.344154 2.610624 -4.987014 0.230125 -6.445203 0.221399 -7.980407 1.645480 -5.061152 -1.151629 -7.846310 -3.480263 -6.935051 -0.151583 -6.689502 -2.229633 -5.132088 -3.148563 -5.316967 0.514175 -4.649543 0.033570 -3.563552 1.702155 -2.962975 2.475709 -2.667544 1.333935 -4.127060 -1.684858 
6691763961434662255.mp3 :-133.197252 107.311962 25.525512 20.490596 11.229171 4.668599 2.370693 1.102270 -5.105219 1.556822 -0.790283 2.862564 -6.614983 2.384289 -4.572638 1.449827 -1.628472 1.650276 -2.798678 3.978863 -3.707296 2.276555 0.056072 3.842231 -1.864934 1.693747 -1.239398 5.601207 -2.233021 -5.531776 -7.052193 4.172618 -0.060705 2.438630 -4.869219 -0.991415 -4.410843 -0.572436 -1.475714 2.304193 
6730716635870660410.mp3 :-210.309651 125.925730 11.718670 13.433066 11.849192 -4.095837 -3.863457 -3.342351 -11.992730 1.163700 -13.789174 -5.808860 -10.181960 -5.604271 -5.510534 -0.188558 -6.982654 -0.895615 -4.517893 -3.478749 -3.946814 1.716285 -3.086115 1.300454 -5.583638 -0.600321 -1.903432 -0.268916 -2.452425 -4.228188 -3.457782 4.269117 -4.053918 -3.434881 -7.085269 -5.209300 -5.109171 0.643536 -4.959377 -5.048849 
6709968870549092842.mp3 :-96.641716 95.072302 10.727969 28.324144 6.206628 4.982015 2.457269 -4.378126 -9.314691 7.040474 -10.701125 1.283435 -5.426688 -0.219930 -4.954004 2.193497 -5.173204 2.985706 -7.278694 2.089276 -0.801431 5.023727 2.394880 -0.529873 -5.455460 2.321010 -3.433322 -1.215161 0.060610 4.859759 4.774251 1.320676 -6.711332 -2.665963 -3.214818 1.406096 -2.540584 0.748134 -3.931199 2.621673 
671221743482776227.mp3 :-94.871749 93.255221 4.177112 25.905014 5.227036 1.759495 1.205530 9.314506 -8.379111 7.149442 -0.069120 0.744820 -1.118220 -3.394953 -7.177378 -1.525608 -7.137374 -2.931531 -3.955872 3.390774 -6.189705 0.345002 -6.981320 -3.411288 -3.917989 -0.227400 -1.861986 3.196284 1.116886 5.775385 -6.022761 -0.849983 -1.742481 2.204143 -2.945047 1.020630 -2.158045 1.188908 -2.913064 -2.390480 
6693117683267044017.mp3 :-85.118129 65.285073 14.457129 19.323909 4.055976 -1.832899 3.103975 -2.793347 -5.513842 5.966601 -10.393710 1.073280 -9.551838 -0.655252 -5.115164 -0.332598 -6.357162 0.012814 -4.768105 -1.153728 -2.917542 5.211942 3.610815 -1.798506 -4.828853 -2.323358 -8.140263 6.334274 -2.911047 3.026018 3.068175 4.481763 -3.461802 0.572348 -6.258587 -1.658597 -6.075869 -1.785773 -1.723652 0.456001 
6746710614848070200.mp3 :-95.387283 70.173724 -6.515913 15.033658 -0.146926 -1.000328 7.165685 -2.418677 -7.858634 1.841369 -14.791499 -3.382446 -3.281331 -2.847897 -3.815616 2.473325 0.673679 7.328389 -0.248234 -1.154584 -11.489042 -1.677046 0.510663 6.623918 -5.782797 -0.079529 -8.063414 -5.258860 -12.516486 -1.929713 0.819404 6.298763 -1.711730 1.174325 -2.367515 0.892268 -4.877869 -2.111867 -2.216595 0.976277 
6741357245468046774.mp3 :-90.856709 83.844059 8.180459 30.945268 8.389559 10.447493 1.524030 15.027430 -11.613957 14.607516 -2.059523 -0.196075 3.670853 -1.729497 -1.963123 1.335640 -5.682174 2.501926 -7.033896 1.277563 -1.684573 0.251132 -5.873667 1.382854 -4.313254 2.489251 -0.392831 5.209160 -3.187990 0.166838 -4.448770 2.755847 -0.692838 2.009728 -6.490194 -2.166638 -5.111416 1.767171 -0.484824 5.987159 
6695099882577959034.mp3 :-124.083904 89.456329 10.597543 33.839324 7.190210 20.216580 -1.415506 9.610796 -7.621280 7.828760 -6.710445 1.599451 -7.686023 0.636856 -2.396185 0.564152 -2.321104 0.622387 -4.768786 3.533625 -5.729429 4.552369 -1.961619 1.634155 -7.207382 -0.651042 -4.091894 2.711269 0.500451 0.072648 -2.328066 3.457852 -0.045061 -0.282526 -5.314375 -2.727181 -3.793806 -1.096071 -0.827707 2.033168 
6756989395366774314.mp3 :-110.827560 78.258706 -7.373249 25.043490 1.068090 12.186344 -1.805168 7.855044 -5.002877 3.363934 -0.610714 4.977909 -1.300716 1.970144 -1.315353 3.381783 -0.068989 2.781636 -3.550837 -2.538142 -2.978710 7.553633 1.283720 1.751327 -5.218898 -3.694336 -4.961289 -1.171265 -0.318036 11.635743 0.313503 -4.369325 -3.731081 1.196690 -1.881672 0.811183 -1.915375 1.060532 -5.841135 -3.453121 
6730954637218204079.mp3 :-226.730093 70.906207 29.510239 26.502351 14.617542 23.349351 3.073169 8.799183 -4.227033 8.544780 -7.285322 3.470576 -5.695834 2.868028 -6.727101 2.075259 -2.782756 2.157643 -1.437339 3.703958 -1.152653 1.330480 -2.794764 3.439701 -3.804125 1.934541 -3.610140 -1.132937 -7.060704 -0.534531 -1.445849 -0.051988 -5.500135 -1.236117 -4.427868 1.564149 -1.345766 1.950830 -7.253567 -0.821600 
6698040159269632716.mp3 :-129.816346 83.464570 14.647517 25.906558 5.252946 7.630862 -0.962262 6.884935 -10.436686 2.806926 -5.825701 -0.219140 -4.596594 1.607899 -1.843997 4.630222 -1.960522 1.965527 -1.124927 4.245222 -2.452581 2.671678 -1.605380 -0.538598 -6.808162 1.486395 -3.095326 -1.347504 -2.008654 2.969588 -4.075510 -4.052040 -8.894688 -2.028799 -4.428428 1.698217 -3.079971 0.046854 -5.483788 -1.800673 
6724560292906964494.mp3 :-231.033426 46.809268 -8.314640 -1.062975 5.437819 -8.937933 -6.001066 6.376678 -10.006176 3.871753 -11.939977 4.317811 0.242584 1.489115 3.888037 9.959023 -11.155357 7.788790 5.627137 10.395398 -3.881287 -2.952829 -0.706197 -4.312742 0.911118 5.092511 -4.397845 6.181173 3.263946 -4.102670 -13.176177 3.498975 1.538961 0.028442 -7.784402 0.524543 -3.072788 -2.301467 -0.053621 3.216413 
6715202898916799487.mp3 :-55.715375 79.933210 4.988960 23.052023 4.536164 5.911123 -4.533140 3.312321 -13.396200 1.880253 -9.159084 0.071367 -4.920499 -0.316889 -6.134786 -0.029674 -8.501725 -2.010179 -5.045328 -0.108055 -6.406420 -0.184999 -4.754816 3.390160 -1.273847 0.638634 -5.760685 -3.344986 -6.881790 0.785971 -0.563433 3.577089 -1.516394 -0.017858 -2.897724 2.381203 -1.693912 0.620350 -1.590662 1.881274 
6708584323726007691.mp3 :-102.026799 93.987833 -4.287118 19.572128 -4.173099 3.173405 4.047725 -0.350018 -7.471698 -3.326467 -15.815913 -3.921677 -0.894358 4.274294 -1.449247 2.424846 -5.769013 2.720482 -1.772314 4.336108 6.092798 2.465950 -7.208681 -4.603201 -4.861923 5.191787 -0.247319 6.806430 1.758461 -0.323139 -4.984922 -2.740474 -6.313008 -1.789678 -6.479481 -2.560312 -3.708159 0.090560 0.162109 5.696643 
674104656207416183.mp3 :-64.586401 102.809244 4.434932 26.323243 3.411819 7.178109 1.526336 8.119867 -3.768164 3.055583 0.339851 5.297274 -1.434479 1.841585 1.557534 4.675302 -4.476648 4.922018 -0.720260 2.622324 -4.657700 1.382764 -7.399425 -2.693636 -3.932060 2.409080 -3.294930 4.615173 -3.424917 1.445188 -3.205752 4.648658 -1.257358 1.172085 -2.305709 2.449863 -1.883212 2.842270 -2.191317 2.311532 
6722844962694042008.mp3 :-107.353114 77.591566 12.232261 41.575453 -4.198209 14.525064 9.739358 -5.140759 0.480726 7.625373 -4.801724 7.216350 -5.372630 -0.243126 -4.668871 -2.917032 -1.361157 3.149547 -3.837021 6.100028 -3.181097 6.563669 4.424375 3.163749 -3.163072 -0.489704 -7.518859 -1.895323 -9.565747 0.535779 1.351665 3.159225 -4.688691 -3.747315 -7.130760 -2.204354 -5.312072 -1.242439 -7.001073 -1.646901 
6709227044800351055.mp3 :-172.914397 107.101444 17.170020 26.240421 8.093626 5.611634 4.763781 1.119958 -0.596682 5.452944 -1.680001 2.152007 -0.713271 2.916032 -2.625694 3.673939 0.845313 7.335142 3.956428 4.510227 -3.971185 4.168208 -0.852309 8.157829 0.026818 1.131079 -1.623172 2.305424 -6.378153 -4.867446 -4.784666 5.444504 0.959465 3.731942 -3.146937 0.960887 -3.161347 0.885972 -0.343528 -0.713602 
6752461653804949525.mp3 :-129.378575 83.411729 23.914227 31.303181 9.508928 2.211104 3.535900 8.326754 -7.970465 10.051839 -6.052438 0.815449 -4.539270 -3.263470 -8.690215 -3.655731 -11.508421 -4.045382 -8.654926 -2.731624 -5.497130 -0.262251 -2.996818 0.575601 -7.135755 -0.715971 -4.291515 -0.004772 -2.408358 1.054250 -6.030918 -1.939523 -2.048875 2.945584 -2.936004 -0.354957 -6.746215 -2.667741 -5.157222 -1.693848 
6735401676757010230.mp3 :-95.940095 91.468079 10.447134 26.843863 4.475408 11.665814 5.457512 5.793048 5.607046 6.055504 -5.063137 3.812739 -0.504893 1.243679 -1.824778 9.436846 0.876968 7.033166 -4.112156 3.433864 1.411136 2.547330 -6.205583 -1.287693 -4.749545 3.261101 -1.615401 3.204413 -1.762377 2.024223 1.820137 5.979034 -2.853047 -1.803489 -4.248621 2.658502 -0.440795 3.803296 -2.383023 0.175018 
6699643179407499061.mp3 :-103.890806 86.755347 7.524694 39.634266 -4.699471 1.842635 -4.399141 7.243239 -13.053530 -2.307891 -0.294697 -5.217561 -6.043716 2.038729 -10.879834 2.315137 -5.951088 -4.266099 -7.544600 -1.589146 -8.694162 -3.953405 -3.272210 -0.364495 -4.708988 4.744178 -5.201713 2.228716 -4.331240 -2.967245 -7.583901 -4.135712 -3.954379 2.474604 -3.005209 0.972355 -3.147435 -0.363476 -4.295744 -1.274250 
6692010954689446280.mp3 :-129.140166 114.861763 21.286243 0.955061 16.461365 -4.147631 -2.743503 7.090517 -15.330383 1.674990 -2.983958 -9.323542 -1.955283 4.059195 -10.928333 2.761116 -2.456568 -9.379061 0.424994 2.099569 -5.430566 10.588505 -7.317702 1.827176 -1.776745 -0.971410 1.404940 2.745907 -7.092800 3.945715 -0.870614 0.586726 -1.366495 -1.942159 -8.293536 0.980083 -6.359812 0.683884 3.991289 0.242276 
6727786021840673491.mp3 :-170.765537 55.279345 4.690344 32.182775 9.591469 11.195859 12.335206 5.105771 -1.205217 10.108714 -5.699930 6.782946 -5.988539 4.453552 -3.046577 4.258965 -4.535360 2.851682 -4.313418 7.434375 -0.190303 2.739311 -0.220475 3.164673 -2.600339 5.000483 -5.230851 3.761435 0.990952 2.679376 -5.893216 -2.793587 -4.379521 2.294640 -2.337223 0.487404 -4.050801 -1.029067 -3.737800 0.563418 
6695668358044917140.mp3 :-119.133955 79.035906 14.075479 31.632832 4.485286 11.455823 -3.103089 11.718185 -7.150617 2.738041 -1.480216 -1.619824 2.097878 1.338923 -7.367524 1.130050 -8.772001 -3.076832 -4.838706 -1.285058 -7.301376 1.095425 -8.656423 -2.532980 -6.231184 -0.706630 -0.208534 4.404794 0.482111 3.059133 0.120156 3.475531 0.152252 -0.359411 -4.603668 -2.295038 -7.256878 -2.854971 -4.420849 2.020503 
6742147435906345683.mp3 :-107.717120 105.785686 0.282372 23.055231 5.391161 7.189598 6.532055 -4.344055 -3.301783 1.413010 -9.461493 -0.406874 -4.337434 1.348809 -6.095456 1.484188 -1.914194 8.321001 3.093554 7.130847 1.132907 1.359803 0.717674 4.067103 0.008559 3.935143 -3.503126 1.442575 -4.151159 -2.480011 -1.528251 3.447886 -1.710917 3.285956 -1.739591 2.745957 -1.805534 1.958313 -2.413708 0.901824 
6750608582346846733.mp3 :-70.542282 102.038662 3.094530 12.998733 5.343628 -9.770590 3.227104 3.180599 -11.206371 -0.458746 -6.085401 3.500103 -6.103356 1.603438 -0.012468 0.967375 -8.398977 3.842705 -9.354212 -1.542995 -5.601305 6.568544 -2.146438 -1.102693 -4.743893 -2.464848 -3.720180 4.037825 -4.101936 -1.006733 3.196390 5.662662 -3.050320 0.460103 -6.107059 -3.577501 -6.986938 -1.020050 -3.805056 2.055926 
6768980097883767140.mp3 :-60.770675 88.928426 16.847288 30.768907 4.667604 7.782488 -2.314092 3.464164 -6.669305 5.311972 1.130073 2.870108 -3.802077 2.773729 -3.993693 2.780688 -2.095022 5.513416 -1.660331 1.830264 -2.983267 1.813511 -2.880389 1.202871 -5.640134 -1.870426 -5.570245 -0.028434 -3.605871 3.516084 -6.509603 -5.007839 -3.966319 1.854541 -0.529665 2.724215 -2.466586 0.708479 -4.925541 -0.492674 
6772270697317783998.mp3 :-143.472766 87.872877 11.780670 20.194600 11.246876 -1.062502 -6.841026 -5.799885 -5.087404 -1.154345 -9.185903 -1.431625 -10.569797 -0.313704 -5.637945 -1.637265 -6.066362 3.055366 -4.708786 3.584954 -4.453875 -1.450775 -8.187158 -3.740503 -4.349607 4.292001 -3.810721 5.864022 1.070654 2.428404 -5.178932 -0.140876 -1.862536 4.260541 -3.589013 1.335959 -4.396708 0.752087 -2.623111 -0.285039 
6752629651972337107.mp3 :-3.893553 64.720421 -5.041556 30.092589 2.162872 13.740467 1.224207 12.026106 0.722339 9.148938 1.800342 8.796292 1.276336 2.086172 -2.380953 5.529468 -1.428513 4.172672 -3.213940 2.905147 -3.714600 2.060468 -4.620814 -0.691748 -6.122940 -1.469479 -5.086227 2.093774 -2.496333 2.872283 -2.331640 0.615372 -3.594196 0.092063 -4.493126 0.398038 -2.340169 1.578681 -1.861719 0.971834 
6746101649337092129.mp3 :-131.528081 92.470626 25.876990 26.702104 7.938679 -1.512078 0.824538 -3.311717 -5.767282 1.999046 -10.583701 -4.962070 -6.644966 -3.298985 -4.920932 -1.679746 -1.231874 2.335950 -7.496304 3.969836 -1.030768 3.802800 0.714676 1.350097 -5.283411 2.908261 -6.409560 1.204338 -1.396169 4.500707 3.925887 -0.192327 -5.899019 -2.258526 -4.377837 3.556764 -4.034868 2.429254 -3.850848 -1.504587 
6733713980530241977.mp3 :-81.077908 83.120702 29.383128 27.120063 6.740892 8.481897 1.501702 6.673559 -5.776695 1.882798 -3.924325 1.912875 -1.425831 1.394993 -4.008178 1.414959 -4.244692 0.191605 -0.857385 1.035015 -2.511088 3.457566 -1.627240 5.528676 -3.519483 1.491536 -4.263897 0.024820 -4.338449 -0.377803 -3.522768 0.926425 -0.164780 2.020745 -1.443514 0.846829 -2.257110 1.338920 -3.553746 -0.127158 
6745947725118385160.mp3 :-96.208347 74.788517 34.634998 29.718161 4.798520 13.569178 1.610969 11.905810 -8.223168 6.045348 -5.970060 -2.070207 -3.754576 0.589921 -1.961164 3.026506 -4.401445 -0.070474 -2.155477 1.630533 -2.586165 3.334164 -4.619734 0.316047 -7.605255 0.545537 -5.290205 2.424866 -0.793447 1.375606 -0.842303 -0.079008 -3.144175 3.203413 -4.207317 -0.454356 -2.750877 0.495547 -1.446061 0.623438 
6744399732660239745.mp3 :-144.954900 92.700922 24.945457 9.774948 3.599905 -3.992344 7.375631 -7.701134 -4.347795 4.258832 -12.414204 -2.764089 -8.138715 -5.354297 -6.019452 -0.767790 -0.300246 4.812653 -0.258015 6.528908 -6.198963 -2.656576 -7.278993 -1.944138 -4.908616 3.328363 -5.234966 2.991202 -4.212762 -3.852665 -9.454616 1.697683 -0.411993 0.286800 -5.669008 1.395329 -2.934938 1.256343 -7.016117 2.012817 
