4797131854271670941.mp3 :-120.689998 88.100198 9.491358 29.210891 6.108063 4.664539 0.186796 2.982166 -5.063685 4.793113 -10.009740 -0.970680 -5.385320 1.181236 -4.593665 0.145215 0.378358 3.279712 -2.609006 3.620131 -4.500665 -0.505448 1.176518 4.409025 0.855290 4.940968 -4.327901 1.373414 -2.673991 1.570259 -3.058208 -1.913832 -3.645089 2.366180 -0.694237 3.654224 0.888915 1.756034 -5.210969 -2.911881 
4779135827263859106.mp3 :-180.878502 83.953942 45.398131 28.688896 22.861188 14.347991 2.779844 8.646017 -8.870440 10.984860 -6.220132 -1.460545 -6.602836 -4.452666 -1.902039 -1.189804 -1.161031 2.228114 0.925015 4.262662 -1.772950 0.002261 1.144257 4.618799 -1.444632 2.552478 -5.105029 0.569925 -0.220437 6.273066 -0.063458 1.480058 -2.329806 2.830772 0.261392 1.890701 -2.681449 -0.274213 -6.441440 -3.995100 
4773531245421234714.mp3 :-183.270643 114.731682 17.806075 15.013351 0.276943 -1.773201 -15.232247 -0.857582 -21.101376 -3.749463 -17.096969 -10.349931 -11.123054 -7.645798 -3.661835 -9.469633 -7.230738 -5.000015 -8.369338 -4.708581 -6.948066 -8.068026 -4.797342 -3.405683 -5.479757 2.651473 -4.393432 2.247098 -2.190520 6.427193 2.912414 -1.908149 -2.513501 -2.558716 -5.430677 0.755478 -3.090903 1.214649 -2.436074 -1.238749 
4752401413735983314.mp3 :-155.295075 116.964268 23.610038 29.661462 9.840972 7.891951 -5.114717 4.758906 -0.053868 0.162085 -5.898036 -0.689882 -5.748201 1.166824 -3.441624 5.111053 0.563657 2.274466 -3.300543 -1.262268 -4.220818 3.863770 1.232168 2.849945 -3.257950 -0.792360 -2.966528 4.860160 -4.296923 -2.023487 4.274450 11.465901 5.775536 0.411522 -4.686600 -0.553656 -4.105901 -3.572808 -2.988286 4.780795 
4732836465020709344.mp3 :-155.062966 123.975417 23.637333 27.652929 4.167567 11.958530 -1.610630 1.952502 -8.809365 4.375109 -11.936471 -1.492380 -6.535250 -2.181825 -8.282275 1.102773 -2.897849 4.992603 -0.659365 2.431729 -2.960258 -1.127002 -3.993786 0.968712 -4.269114 0.599404 -2.689199 2.125172 -2.832323 -1.478166 -6.411109 0.969306 -0.548474 1.061725 -4.146588 -3.690977 -5.671116 -1.110535 -4.414544 -2.009249 
4722574888501186353.mp3 :-159.487259 97.927464 14.294437 26.214706 2.885415 5.822378 0.307413 6.626117 -13.243341 8.138178 -8.026719 2.816675 -1.289222 -1.589282 -7.371863 0.201107 -5.709237 4.592713 -2.575680 0.747572 -4.489395 -0.335148 -0.900622 3.451659 -2.592671 -0.101114 -4.747643 -2.178922 -2.771650 -3.470150 -7.035760 -1.537068 -0.260673 2.173224 -2.950834 0.506421 -6.680340 -1.560343 -4.807706 -0.608704 
4730349685658991930.mp3 :-213.750217 121.115172 9.790129 21.557251 2.773507 2.830124 7.349312 -3.651821 -1.455388 2.573958 -7.976657 0.452699 -5.828100 0.872433 -4.624831 -1.835607 -4.231769 0.150100 -1.072797 3.451452 -2.833104 0.276023 -3.219983 2.229785 1.263004 7.657583 0.416128 5.324621 -2.748954 -1.467304 -9.379933 -3.904359 -0.829538 2.299184 -1.250830 -0.204696 -0.589183 3.653835 -1.551359 -1.187543 
476748351799678016.mp3 :-174.027679 101.101721 30.712990 22.543646 15.478185 2.321430 10.900584 1.270514 -2.422941 1.802573 -10.597911 -3.106045 -5.382711 6.131209 0.074048 2.631284 -2.161540 4.823273 -0.102426 5.350983 -3.171011 0.662703 -2.974020 3.769242 -0.570601 4.765560 -2.121242 2.850968 1.047425 0.363247 -4.436060 -0.167476 -1.306885 1.561570 -2.723724 -1.228295 -4.879569 -1.076953 -2.917092 3.123690 
4763316843004838854.mp3 :-245.667058 75.500020 -23.259888 22.767910 -3.551091 7.946666 0.648142 9.111356 -6.925303 14.138888 -3.072216 7.839896 -2.288387 4.519310 0.409288 1.208201 -4.740437 -5.642379 -3.758472 8.006971 1.912786 -5.937603 -10.226940 3.304488 0.696752 9.177784 6.910746 7.656579 -0.893054 1.445168 -4.408524 -5.241834 -9.328505 -6.436042 -5.965604 -2.592137 0.158524 1.431959 1.942755 1.436922 
4755803295258202944.mp3 :-115.766648 125.269997 -5.913764 20.551232 -1.107941 -2.747581 -4.449812 1.148007 -15.660821 -2.025718 -13.771362 -3.612039 -4.454827 -4.483493 -9.372969 -3.679935 -10.196354 -1.453630 -7.823640 -4.189580 -4.564880 -1.790670 -4.934748 2.863684 -2.636706 0.044882 -6.101833 -2.582165 -3.804088 -3.153573 -10.049449 -6.136963 -4.288227 0.780204 0.242712 0.901082 -6.234821 -3.727370 -2.458940 -0.131363 
4777792413693233125.mp3 :-93.929040 70.258285 18.564491 15.598423 5.092426 6.092065 12.376986 -5.665854 2.950249 6.069378 -6.035855 6.977270 -8.505852 1.897858 -8.326006 1.131496 -5.337412 1.874739 -0.967966 2.343169 -1.236889 0.893079 -9.182193 -1.756435 -2.792792 1.934824 0.738110 2.697379 -4.372311 -1.144363 -4.342261 2.296235 -3.531408 -0.262119 -4.218311 -1.350248 -3.476067 1.052082 -2.119951 3.484915 
4755767905292067711.mp3 :-59.598367 74.620911 11.094555 31.734600 -2.476192 11.811470 -1.034217 5.175878 -8.611692 2.992308 -0.709312 -2.934679 -2.834565 1.303133 -5.096291 4.960368 -9.363812 -0.331596 -5.732568 -0.533247 -6.175047 0.488265 -5.511285 -0.540277 -2.265941 -1.205288 -4.659911 -0.871739 -2.722298 3.031795 -1.059790 2.681168 -4.965624 1.199150 -4.962587 0.851249 -2.593820 1.458720 -4.313413 1.346951 
4721517282557947414.mp3 :-51.563626 77.215294 1.622283 8.856074 -2.752833 11.749579 -3.446111 0.273083 -4.105748 3.414832 -6.471733 -0.388598 -9.879587 1.127378 -6.072626 1.333128 -1.644744 5.078472 1.340774 1.283815 -6.008181 5.927367 3.046303 7.125746 -1.372357 2.491720 -3.411166 1.348092 -1.684190 3.426226 -5.697992 -1.030082 -1.938065 3.473676 -0.604337 1.937854 -2.389016 -0.966341 -7.281047 -0.431450 
4747445830124761607.mp3 :-122.838356 86.270597 -13.204239 11.511622 -7.822641 19.207200 -5.409439 9.428953 5.546732 4.388379 -2.497535 9.226095 -0.633820 7.293178 5.285284 7.139971 0.559996 7.203976 -4.951813 2.037550 -3.421159 1.807420 -3.173056 2.985301 -3.733584 2.536526 -1.120175 1.615423 -1.761473 3.220400 0.050354 1.401046 -2.168195 -0.546879 -1.939376 1.453367 -0.607278 2.097602 -1.092799 0.362017 
4728348676381658827.mp3 :-315.594653 118.947820 16.298328 25.107382 -16.702871 1.410035 10.340918 -17.479178 -6.022848 2.717808 -12.895216 -5.808483 -1.644931 -4.760574 -2.346594 0.839457 0.355129 9.370618 8.612273 11.498348 7.859264 1.067783 -2.103982 -0.445381 0.482768 3.056772 1.606780 1.846768 -0.794464 -5.642907 -8.167129 -3.320929 1.736899 6.100185 2.562407 0.096522 1.052390 4.629194 4.081904 0.494222 
4745247777427335432.mp3 :-66.981793 76.527286 13.536588 26.623617 3.002938 -7.105428 -0.393976 4.043686 -16.167411 8.418045 -6.027242 -0.201310 -1.912257 0.270564 -5.229277 0.169519 -6.559670 1.687163 -4.125346 2.412277 -4.320111 1.144937 -5.888257 4.329093 -2.025992 3.582730 0.584103 1.889072 -3.167014 1.648125 -5.470549 -5.655412 -7.289659 -0.332951 -2.331076 3.402800 -1.312999 1.386464 -2.840520 2.206925 
4774832723359993701.mp3 :-137.948158 117.563862 8.407423 26.906121 4.681464 1.720535 0.273933 10.300552 -7.432774 3.163649 -5.533022 -2.571648 -0.609643 4.305496 -4.965199 2.322168 -2.790777 1.062077 -4.988966 -0.794142 -1.089144 3.506589 -4.336541 -0.695086 -4.941099 1.863217 -2.766455 5.111555 -0.251691 0.764705 -0.849361 5.077424 -0.030977 0.713528 -4.418009 -1.016044 -5.927364 -0.552992 -1.914044 2.444070 
4778166164613011865.mp3 :-49.771856 81.953068 18.506610 36.049614 10.582309 6.598184 -2.691641 14.724607 -8.758335 7.247683 -2.642876 -2.194461 0.010802 4.810720 -4.265289 2.086496 -5.034291 1.454162 -6.068733 -1.155482 -5.983721 1.110335 -4.960925 -0.547343 -2.882418 -3.595141 -4.337857 2.853694 -3.445641 3.914177 -1.533615 2.142953 -0.697405 4.385769 -0.896199 0.753614 -3.772576 -1.371958 -5.095517 -0.726767 
4751203945608275450.mp3 :-112.588687 78.588365 13.061493 25.203892 5.916650 8.265198 -2.843421 7.594442 -4.141136 4.445306 -1.813723 2.222984 -1.993764 3.181476 -4.287316 2.438276 -4.807803 2.435345 -2.368024 4.301656 -4.061586 -0.011539 -4.675080 0.072386 -3.478532 1.108893 -3.183539 1.412267 -3.405964 5.117963 -0.130019 0.752678 -5.285658 1.080064 -2.235214 2.859431 -0.906153 2.009693 -1.943794 2.236802 
4736885203039254433.mp3 :-142.914045 77.115083 15.955206 19.652340 11.361813 12.130162 3.892606 4.071251 -5.126226 9.385439 -6.856825 -0.881811 -3.579809 -1.388420 -2.943374 3.500050 -2.625213 2.087368 -5.084444 1.581168 -0.447309 1.712711 -3.970003 -3.898744 -10.170555 -1.476425 -4.329737 3.834802 1.314949 0.018228 -5.721728 1.527727 -0.621005 3.413432 -3.535709 -2.941011 -5.099665 -2.806295 -3.845536 3.365450 
478093230717749547.mp3 :-197.327059 115.359226 -8.229146 20.148389 -1.447351 2.899036 2.884005 -6.998182 -14.500982 -5.233623 -13.903398 -0.745582 3.781789 -1.370035 -8.325756 -11.628338 -14.728765 -7.072023 -7.105276 -5.204818 -15.082017 -10.495028 -5.956932 3.194894 -3.460066 2.027404 -4.466874 -4.378308 -3.923017 4.255146 -5.111955 -13.879361 -8.753683 -1.300612 3.391821 5.542437 3.657494 -0.776186 -10.078182 -3.451906 
4757333096198897705.mp3 :-101.213548 99.837546 14.398076 28.427257 1.332023 -5.070727 9.884095 -0.489002 -4.357071 6.395183 -9.801369 0.642214 -6.523580 3.620729 -2.521964 4.207374 -7.878386 3.612185 -6.427374 5.312230 -4.648753 -3.454604 -6.049718 -0.115257 1.592965 9.195943 0.360851 4.259799 -1.619782 1.304682 0.041310 1.833700 -4.888237 -1.166952 -4.640426 1.342482 -2.162913 4.901560 1.926028 3.697337 
4782286513541838815.mp3 :-135.106236 107.883063 21.195010 19.756330 3.401478 1.180540 -1.196738 -7.954159 -9.194192 3.560038 -12.767745 0.509457 -9.212904 -1.246319 -5.781960 -3.221373 -2.314274 3.838644 -1.403823 6.394769 -0.327220 3.761732 0.438389 2.864313 -1.462747 6.636490 -2.464569 5.774763 -1.810862 -0.278320 -4.818700 0.809152 -1.758097 2.794039 -1.112539 1.010756 -2.829089 1.921299 -2.132865 3.373839 
4763752026566803687.mp3 :-206.731226 90.074325 -18.348800 33.710959 -15.195772 -2.876046 0.077966 -2.758010 -15.332355 4.426959 -5.280237 -8.991928 -2.775634 0.748349 -3.104973 1.020916 -6.681775 3.125060 -1.318758 2.095740 4.247973 10.040002 3.748641 5.790538 -2.983967 2.053919 1.747689 3.143009 -2.827093 0.466361 0.850252 8.626449 5.158280 2.582905 -5.916898 -2.275570 -3.628150 3.073108 -0.888559 -1.575467 
4740359657903549407.mp3 :-201.776937 135.369542 -0.294285 9.297195 2.423779 0.741122 -9.403783 -9.306815 -11.175336 -7.430509 -8.359995 -1.507321 -4.554930 -3.432730 -4.430865 3.118109 0.895092 3.815927 2.866502 4.681648 4.116443 4.089997 -1.213998 4.788669 5.171766 6.516586 0.285332 -2.228793 -2.315619 6.304833 -1.912519 -11.581401 -13.483621 -4.173850 -0.607151 2.998470 -2.830004 -1.652545 -1.485606 -1.247917 
4767752862945589562.mp3 :-190.452034 101.592680 25.522816 36.199363 4.783996 0.589677 -1.404474 5.728402 -12.736469 3.748176 -7.404386 -1.261023 -2.809716 -6.246012 -7.085608 -0.928454 -8.629467 -1.557945 -6.358190 -1.391437 -7.906380 0.854322 -7.354859 -0.392031 -9.494326 -2.909935 -7.159889 -2.713342 -9.834776 0.651489 1.722077 4.267477 -2.879330 0.783500 -3.879715 0.459880 -3.848804 -0.099298 -4.477678 -1.295855 
4794659995518227526.mp3 :-75.507195 83.512789 9.100659 21.201691 -0.048082 2.629428 4.150835 -3.007117 -1.792079 6.993559 -9.403814 0.827477 -8.196943 -2.309089 -4.553703 -1.875229 -8.287844 -2.260751 -1.356756 4.798325 -3.476771 -1.264837 -2.943594 1.538288 0.041177 3.964821 -2.849303 4.961335 -4.181902 1.670841 -8.389696 -3.731833 -4.046813 1.345779 -2.143556 -1.345355 -1.762695 0.881961 -2.305572 0.634729 
4762954185865541235.mp3 :-133.007640 94.482434 16.654488 16.939930 7.164345 6.844881 0.085445 5.960257 -8.809539 6.556700 -3.587641 -0.149227 -5.035732 -2.574649 -3.699244 -4.615629 -9.872892 0.830673 -7.087429 0.477481 1.908314 2.584446 -3.408981 3.078536 -4.661771 -0.538350 -4.263657 -1.095456 -2.851307 -0.951196 -1.287032 2.268153 -2.400298 -1.707152 -4.505422 -0.186487 -3.513651 -0.318856 -4.195945 3.901909 
4781917872613585826.mp3 :-84.830078 84.264405 35.884435 35.920746 5.656189 3.185321 2.576823 13.617185 -4.864109 2.107309 -3.799113 -0.831415 0.560647 1.796574 -6.146226 4.514403 -5.296603 4.031262 -1.035843 -0.801362 -4.501560 0.915040 -4.932740 5.773656 -4.188454 4.149277 -2.399645 0.991075 -6.644571 -3.702981 -2.691024 2.766457 2.080466 3.083939 -1.880432 3.661697 -1.431783 2.635501 -3.957615 0.073254 
4746219893882577803.mp3 :-207.932403 182.261471 -58.587131 -39.201475 -34.590088 -28.575353 2.313668 -23.294957 -30.553932 3.367934 -8.340444 -15.485661 8.479221 -1.025032 -13.448240 -2.828949 -1.505782 -5.226205 -4.635019 0.502454 1.585661 -3.699752 -3.516609 2.134484 1.121341 -0.640967 1.198481 -0.569995 -0.814390 4.004230 0.340906 -6.149833 -5.829781 -2.934698 -0.268693 2.616355 3.792739 3.356042 2.170779 2.253058 
4725158342461559911.mp3 :-48.852635 91.020143 12.471715 19.791234 -5.211440 11.348174 -1.975778 6.448448 -10.040446 1.356463 -4.684892 -3.914589 -3.775181 0.680465 -2.396097 2.204317 -2.405940 1.224059 -1.820116 1.300839 -4.456665 0.854518 -4.249803 1.259082 -3.870777 1.875563 -2.950667 3.020964 -1.600282 4.904633 -1.105036 2.198214 -0.541749 2.484952 -1.755235 -0.894353 -5.089476 -1.408904 -3.903607 2.119048 
4788822881516199895.mp3 :-33.656639 65.627343 26.476656 27.266439 5.612022 14.923857 -1.461991 4.197179 -12.481457 6.845694 -0.073608 3.779346 -0.171374 4.608391 1.700191 3.323901 -2.330755 3.902104 -1.599888 3.144603 1.012039 1.108529 -4.018505 3.948207 -2.556517 2.187120 -0.267348 4.277133 -0.689806 1.207019 -3.457527 2.178120 -0.862361 4.909541 -0.772984 3.484645 -2.402339 1.119099 -2.300088 3.175821 
4734525342283993839.mp3 :-250.094430 98.806153 14.145181 21.253279 0.726077 3.008395 -2.411713 -0.652798 -14.432854 0.593022 -12.101424 -0.098919 -7.100574 -0.640793 -10.569688 -2.469637 -8.781284 2.783032 -7.142897 1.854964 -1.285699 -3.746079 -1.096911 2.033281 -1.595600 1.541386 -2.750311 -0.018718 -4.541644 -4.102702 -8.041252 -2.089943 -4.906853 0.731074 -4.690209 0.374998 -5.618287 -0.748413 -3.997411 -0.494925 
4795272090385879603.mp3 :-86.675212 100.399679 -9.164280 32.146004 6.678141 10.273817 -1.862283 8.043583 -9.866516 10.281753 2.561219 -1.153511 0.746149 -2.338344 -5.924693 0.984048 -2.963926 1.931273 -3.183138 -0.224678 -5.613688 0.063191 -3.280694 4.757992 -2.497909 1.872275 -3.127822 -0.471017 -8.206460 -0.983254 -1.260379 5.417026 0.323476 3.219246 -2.081991 0.536979 -3.088446 0.751409 -4.392611 -0.486400 
4767982958898768817.mp3 :-155.491089 90.291587 14.709837 23.427951 5.651381 4.849862 -3.964217 3.519526 -10.423256 2.618761 -0.860773 3.392085 0.243513 3.161970 -2.419757 5.286791 -2.805124 1.807204 -0.869538 -0.024192 -7.336303 0.561737 -4.586766 0.982519 -3.948890 3.536886 -3.621680 0.776959 -0.501688 5.148879 0.848164 3.500874 -2.055567 0.777014 -0.762457 0.894454 -2.550752 0.173399 -4.896809 -1.710715 
4754432768040982058.mp3 :-14.392935 78.628380 -16.003186 25.450113 -3.543667 9.741935 2.133618 7.459089 1.376692 5.528527 -2.951696 2.968896 -0.428625 5.815492 -0.104948 8.027533 -0.501479 2.251916 -2.610374 6.594888 1.128761 4.237878 -4.359491 -1.029152 -1.083900 3.905930 -0.654045 4.500400 -2.172136 3.907705 1.549709 2.855271 -4.043951 -0.017594 -4.073179 2.303198 -1.266756 3.278332 -1.418372 3.556733 
478719506669021985.mp3 :-225.134121 69.331755 4.193622 22.097761 4.289016 6.616997 3.873450 1.239321 -6.684890 5.670212 -12.225118 2.477839 -8.410772 2.009290 -8.160921 -2.587972 -8.147443 -1.733960 -7.314629 -0.047829 -6.081440 -1.637092 -4.061113 1.748817 -2.551357 3.318521 -2.692098 1.937726 -2.500252 1.465349 -4.951739 -2.153324 -5.012316 -0.569500 -1.218051 0.345167 -2.035556 1.435629 -2.096445 -3.286522 
4738510676322527541.mp3 :-37.768834 83.898656 -10.956371 26.214352 -6.415433 10.881166 -2.000443 -0.341112 -2.221077 1.808636 -2.367222 2.458598 -1.866088 1.379774 -3.740017 -0.754162 -4.324052 1.850607 -5.272281 2.201581 -2.058630 2.313601 -4.729765 0.072107 -3.432933 -0.254277 -5.521400 -0.484281 -4.128754 0.104633 -7.012652 -4.235328 -7.090682 -2.927987 -6.705382 -4.368764 -8.124090 -2.332312 -5.993158 -0.789952 
4737568507039919253.mp3 :-55.711316 80.238152 10.869097 24.684044 0.792980 6.001850 -0.742921 5.240164 -10.616585 7.379290 -4.718314 2.426730 -4.062188 1.555902 -6.673049 3.186187 -7.296292 -2.916630 -6.247527 -1.678272 -7.146157 -1.974126 -7.111721 1.519923 -2.382020 2.934740 -2.435210 0.313566 -5.369007 0.024398 -3.142096 0.513985 -4.606023 -1.780744 -3.738076 0.442645 -1.897277 2.859216 -1.634542 -0.625881 
473169973675620906.mp3 :-156.370167 92.104152 33.407630 39.974818 7.291204 5.638070 1.456638 5.995566 -12.376253 0.354937 -7.499124 -3.554741 -8.557195 -1.580527 -7.024377 -3.052674 -9.608044 -2.105304 -8.121298 -2.445444 -5.205924 -0.160508 -6.202946 1.959531 -5.123561 -1.855693 -3.505052 -1.605679 -5.912394 1.150276 -1.444817 1.900407 -2.233744 -0.478126 -2.319839 1.067572 -3.558648 0.455471 -3.698235 0.097485 
4785986240381075601.mp3 :-38.374019 72.939193 10.923376 25.516211 5.297227 8.451084 0.378286 6.230004 -3.197916 9.409331 -0.254911 4.992860 0.004298 6.947790 -0.052548 4.354922 -3.315677 2.245183 -5.046770 3.056972 -1.364083 2.116124 -4.165177 2.239437 -2.592161 4.434026 -0.115484 5.869720 3.256650 7.668264 -1.553557 -1.149542 -3.457796 2.649755 -0.211756 1.367938 -3.016903 -0.761396 -3.824766 0.919695 
473199040052350144.mp3 :-80.583420 96.576750 22.203071 22.629005 3.457115 10.910782 -2.547795 6.802017 -8.850118 2.848049 -7.053016 -3.178252 -8.555937 -0.681835 -7.097098 0.407560 -7.077905 2.377695 -6.234774 -2.076002 -6.244735 -1.263541 -4.347268 -0.394812 -6.215873 1.697685 -4.493217 4.369372 -3.099995 -1.254460 -4.800083 1.915284 -0.105443 1.981560 -2.923390 -1.856111 -4.129833 -0.565380 -4.206229 1.787543 
4780890893926156479.mp3 :-116.163082 85.504950 15.986338 34.024948 6.683787 9.639305 0.567461 6.191315 -5.975888 6.630427 -1.169161 4.350666 -1.469353 1.390787 -3.503302 -0.535956 -5.825713 1.454455 -4.132533 0.645478 -4.218971 5.627530 -0.238118 3.949431 -1.478791 -0.190294 -3.890666 -3.129888 -5.268172 2.370120 0.451364 1.505865 -5.666406 -1.804043 -4.376229 1.003972 -4.149531 0.026747 -4.382878 -2.588653 
4748350236168039101.mp3 :-190.805035 63.520495 -3.790827 29.613976 -7.721685 9.110222 -3.077174 2.961576 -12.168329 4.249063 -4.833686 1.319629 -3.081521 -0.879121 -3.898732 2.943554 -9.176864 -2.403768 -4.211892 -0.216711 -6.640999 3.520133 -2.988138 3.831115 -8.089637 -1.268477 -7.574967 -5.144319 -5.401447 3.052911 2.303968 6.598447 -5.051877 3.416515 -4.209794 -1.630606 -4.921239 -1.342596 -2.151842 -1.504905 
4724137250624361466.mp3 :-202.610854 102.367538 0.210907 28.722712 -2.652509 10.799613 4.271938 -3.074591 -7.866962 -0.910825 -10.641639 1.103145 -8.759591 1.543219 -6.412123 -3.203639 -3.159871 0.838146 -6.207087 0.857631 -2.521978 3.481820 -1.359355 0.670200 -6.856286 -5.579005 -4.526439 1.132706 -1.054822 -1.245093 -4.715858 -0.151151 1.252894 2.936881 -2.916298 -2.615380 -2.996459 -0.844684 -5.332942 -1.720286 
4791450388841909287.mp3 :-105.601807 47.323440 5.307115 25.130640 -6.897840 16.781751 1.980168 12.866773 3.131240 -0.981076 -3.245306 7.790517 -4.910516 1.796281 -0.039814 7.757915 2.920303 9.401284 0.311422 2.090896 -3.965101 3.129985 -1.900907 3.501685 -4.046531 0.059010 -4.043644 3.058458 0.343062 2.977921 -2.476738 7.322239 3.983149 5.415002 -0.903955 2.113974 -1.922233 0.282195 -2.833405 1.746480 
4767374457034458435.mp3 :-136.760739 86.699677 0.688180 23.815925 7.550180 12.473963 1.821296 11.174259 -3.428694 7.268214 -2.383490 2.734238 -1.356632 5.604608 0.683123 3.844790 -2.979705 5.132793 -3.572554 -0.284647 -2.099142 2.257680 -3.238107 3.433865 -2.466614 1.034848 -0.617820 3.167424 0.714597 -0.535148 -3.821612 2.141072 -0.669002 -1.354271 -3.888291 -2.201327 -4.795224 -1.469281 -1.544020 0.469799 
4747822903396709901.mp3 :-279.227378 98.934358 7.516816 2.476330 -8.878084 3.617749 -11.153830 -3.728020 -7.931036 -2.299930 -12.019154 -8.462284 -15.936635 -5.784757 -3.696762 -3.855900 -4.465880 -1.519916 -10.935028 -11.910141 -7.539487 3.611215 0.487352 3.133890 -5.373811 -6.272579 -8.413679 -2.958746 -5.357064 5.215098 6.143465 1.545040 -4.669613 0.051901 -5.008684 -3.344622 -6.570494 -4.805445 -2.412296 -2.339504 
4766325685400343096.mp3 :-120.877004 97.429344 10.047888 35.678805 11.536258 4.477063 -2.076675 1.910749 -6.620275 6.608592 -15.791726 1.723809 -7.826047 -4.980038 -7.219951 -3.471440 -7.122021 1.453529 -3.494900 6.554567 0.996933 1.226989 -5.448351 -2.031306 -6.292019 0.330247 -1.549734 -0.048998 -3.352105 -2.248371 -5.050826 1.468419 -3.257893 -2.629661 -6.578115 -1.685386 -4.068311 -0.792890 -3.106063 1.993599 
4749040812624670223.mp3 :-197.473713 103.625046 12.178812 6.809241 6.165903 6.033710 3.388671 0.029861 -11.577836 3.831189 -11.451006 -1.603841 -6.521023 -1.035728 -4.051336 -3.981077 -3.517381 1.482018 -4.158683 2.831742 1.279692 -0.382625 1.935512 1.089739 -2.635796 3.125222 -0.957975 0.153909 0.799712 -4.513161 -6.255491 0.209328 -2.853838 0.930966 -4.709850 -0.939836 -2.384155 -2.333306 -3.568997 1.650070 
