4201811551490398575.mp3 :-135.527855 117.875425 2.487366 32.541018 9.096273 4.533527 1.246601 6.264241 -13.551797 2.746928 -5.713798 -3.010472 -2.273798 0.406702 -7.620106 -1.272536 -6.616150 0.522945 -3.454496 -4.604742 -5.437024 0.340739 -2.836236 1.229418 -5.726185 -1.886577 -3.973443 -1.968863 -8.144681 -1.214385 -1.451790 0.494271 -2.427449 -0.726983 -5.144259 -0.798877 -4.050346 -0.687887 -2.693135 -0.298387 
4239847952754843302.mp3 :-170.789021 121.489149 6.212323 11.234107 1.257409 3.267620 -3.049568 4.303405 -11.845829 -0.090608 -0.941301 -0.684930 1.641796 -4.492762 -3.118675 -1.611633 -7.868315 0.422587 -3.419655 -5.556362 -9.874048 -1.186994 -5.149791 1.603049 -2.638222 2.562597 -4.006017 2.518516 -0.642209 4.278008 -2.418548 -1.566440 -1.594830 1.958009 1.401260 3.695408 -2.649225 -0.544763 -5.130368 -3.659132 
4243542141923262453.mp3 :-143.122368 105.248751 12.293294 16.542856 -3.445954 -5.727357 -5.807850 -3.285536 -13.092220 3.880064 -13.115558 -1.790158 -7.401150 5.207153 -5.886743 2.307139 -5.034886 3.666662 -6.648141 0.537936 -8.624333 -1.213520 -1.039366 3.888119 -0.527543 3.396604 -3.814131 -5.072767 -2.084594 3.814873 -0.917946 -2.340043 -4.700775 1.042987 -0.775347 0.982972 -2.779764 0.707687 -6.499893 -7.263247 
421569288186229315.mp3 :-150.594052 92.900843 -7.616336 41.841837 1.073535 7.562244 5.424816 -2.296092 -3.249011 2.948874 -8.625512 3.270588 -8.287112 1.615998 -3.373719 -2.033664 -3.256186 1.351786 -2.375302 4.116847 -2.321273 2.485227 -6.040860 -2.060335 -4.978695 4.259584 0.908180 6.408127 -1.227312 -0.040067 -3.001161 0.903638 -4.116777 -0.259777 -5.677090 -0.111801 -1.823394 2.438182 -0.777388 4.689076 
4268126312884740333.mp3 :-156.123593 76.814218 -21.222177 22.884598 -6.227760 14.663038 -3.889741 8.350446 -7.766748 6.235439 0.822806 3.090417 -4.955236 1.126152 -3.568764 3.379391 -4.401486 2.012241 -3.013621 1.449308 -2.340325 3.549205 -3.018703 0.493789 -2.418959 0.781856 -2.094872 1.768941 -3.883715 -2.152290 -3.675295 0.554060 -0.765480 -2.112365 -4.398916 -1.295460 -2.941572 1.042153 -1.405668 0.118196 
4245154275920821482.mp3 :-93.468896 75.399938 10.777636 16.314338 -3.676066 -0.586091 6.027749 -6.905210 -7.122999 3.044297 -10.330689 0.266327 -8.491783 -1.094084 -4.791168 2.402008 -4.474335 2.365588 -9.780732 -0.267752 -6.252732 1.566647 -0.940387 3.802442 -2.662080 0.370027 -5.698959 2.239398 -1.685976 2.391551 -6.510814 -0.373464 -1.640108 3.911623 -0.158211 1.493124 -5.188154 -3.849991 -9.566366 -1.159625 
4257591933248975051.mp3 :-72.095485 80.745007 10.333339 31.544282 4.255898 6.298198 -1.101433 9.310852 -10.639145 7.369286 -0.522082 1.285983 -1.575086 1.391191 -2.869486 4.216413 -1.022027 4.170466 -0.556955 4.166772 -1.208506 4.726382 -7.312608 2.087119 -3.520049 -0.812157 -2.123798 2.927431 -3.647049 -0.861164 -5.047653 1.760062 -4.196592 2.598362 -4.631859 -1.504722 -3.135705 0.477660 -2.534764 4.582937 
4234710604735156913.mp3 :-90.271530 109.856012 6.039976 27.741993 -1.519240 -1.152932 -13.068478 7.439410 -18.494936 2.640097 -8.101005 -8.452643 -9.660537 -5.705405 -6.530511 -3.955549 -5.816567 -5.073889 1.065253 -6.932221 -1.617920 -2.303354 -7.441152 -1.246364 -4.640389 -1.975261 -6.804975 -2.352754 -6.376084 -0.519664 -3.389176 0.946842 -4.151739 0.033835 -5.374158 -1.336638 -4.867152 -3.269062 -6.139459 -0.640305 
4222282881696739707.mp3 :-154.960843 88.604896 -19.258580 39.553010 -8.076712 8.860772 -3.231279 -4.752770 -0.550902 0.424929 -7.643285 4.538141 -5.565533 -2.318374 -2.075847 -2.007515 -2.762260 0.166153 2.715148 8.080326 -3.201743 4.578751 -7.313196 -1.705531 -0.980868 3.144523 1.135403 4.474586 0.312962 4.427061 -4.323828 -0.939409 -5.699772 1.750384 -0.459739 1.274796 -3.486955 0.628225 -1.464758 3.056413 
4220103329452162738.mp3 :-130.462880 111.278080 2.357457 33.508767 0.676445 3.750909 -5.085758 9.434829 -3.718334 -2.502605 -5.735335 -0.319229 1.206352 1.413054 -5.739936 0.850957 -2.314239 -1.527563 -0.313161 -0.038649 -5.703852 -3.252568 -6.231135 1.318075 -1.794565 2.792438 -5.310221 -0.475910 -6.075133 -0.276767 -3.645822 0.837663 -5.066323 0.521683 -2.449084 1.574754 -3.225503 0.645966 -4.322153 0.481621 
4226716244150291618.mp3 :-166.864959 105.648281 17.089658 29.075899 1.969299 -1.394873 -10.315922 2.806456 -23.420465 -2.170975 -7.935626 -11.840263 -10.531486 -12.896316 -9.300534 -7.021060 -15.896774 -7.534948 -6.726922 -5.266443 -10.636507 -2.928420 -8.041054 -3.397149 -6.358754 -1.498158 -7.705961 -2.746987 -6.390368 -3.090141 -7.256288 -2.606762 -3.027464 1.295970 -1.327817 1.578777 -0.702946 -1.770528 -2.737178 1.810260 
4224700629749217549.mp3 :-128.800137 55.870075 10.935344 6.419735 13.029900 3.242426 12.532250 3.864046 -1.710824 6.313446 -8.238743 3.129610 -5.892436 2.238514 -2.757493 4.659444 -3.773873 5.585196 -7.415860 1.480901 -2.889078 0.851491 -2.914199 -3.095476 -4.342688 -0.354042 -7.924334 0.099556 -7.585824 -0.069333 -0.087848 -1.842912 -8.033942 -4.119966 -6.917349 -1.480337 -5.653437 -0.478657 -3.983278 -2.627729 
4209251808202267232.mp3 :-103.438580 102.237993 12.485589 26.169190 1.739965 0.300191 4.678564 -9.848917 -5.347995 -6.918619 -6.216407 2.397727 -4.173074 3.751025 -4.229089 1.893968 -4.606964 -4.196937 -5.595120 2.553940 -5.600239 0.606457 -6.083084 2.114371 -2.062326 2.027648 -2.912484 3.091770 -3.265737 5.151855 5.418453 3.913209 -5.891730 -4.868941 -6.165968 0.543311 -1.040299 6.143098 2.454336 -0.303628 
4266353824219516860.mp3 :-110.578010 89.139980 23.695144 25.559165 7.785190 9.610868 -2.230357 5.701380 -4.535997 -1.147430 -5.970560 2.327259 -5.573769 -1.507709 -3.448238 1.846865 -5.349625 2.501579 -2.489484 -0.240362 -5.492817 -0.247644 -6.599741 -1.184390 -4.630275 3.459156 -1.969019 5.396269 -1.646478 0.445001 -3.896672 4.067259 -1.035357 2.135968 -2.901690 1.657277 -2.427048 1.333392 -0.924854 2.622071 
4247069188608806081.mp3 :-129.600048 91.527936 23.078057 31.802481 6.142636 9.216119 6.268443 10.533666 -7.585343 3.199609 -1.027658 -0.778639 -2.026991 0.932985 -3.548401 2.610824 -5.549635 1.807544 -5.399917 -1.596322 -2.305284 -1.712531 -5.281863 2.523036 -3.240860 -0.103483 -3.942914 -3.156655 -7.063937 -0.008373 4.006784 5.400233 0.407957 -0.180047 -4.157100 -1.601559 -3.372695 2.229541 -4.605683 -1.264794 
4230714901957846121.mp3 :-98.241556 122.233699 12.366011 29.865866 11.260978 -0.625347 -2.508508 11.129707 -10.383003 4.548790 -5.022871 -0.984671 -3.938233 3.770977 -5.435189 0.247685 -0.769962 0.957084 -0.408895 0.584154 -3.265776 -0.160675 -1.702194 2.278680 -3.547832 1.104705 -3.939414 -1.465696 -3.772337 0.101696 -7.476471 -1.021762 -2.784999 2.012681 -0.421234 2.298374 -3.654526 -2.163661 -6.747330 -2.541490 
4230142802931325022.mp3 :-260.925316 126.393061 1.318224 23.060631 6.973341 8.900107 -0.131361 1.098853 -7.513473 -1.994911 -8.906177 -3.424571 -4.900419 0.241869 -5.403833 -2.983686 -4.847893 -0.260382 -7.732992 -2.577381 -5.280992 -1.329521 -5.655271 -3.514470 -6.705792 -3.705173 -8.312271 0.073467 -2.962331 -3.439939 -2.549844 3.340688 -3.580859 -1.171654 -5.492259 -4.946839 -6.203235 -5.334550 -3.584534 2.412965 
4267122559200763181.mp3 :-125.898254 85.919132 21.242035 36.866655 12.026608 7.179103 5.356434 2.978639 -5.844901 3.111538 -7.681296 -5.037986 -7.887318 -2.505229 -3.788862 3.462634 -1.142709 1.267158 -6.470543 6.067183 -0.783351 5.878730 -0.319397 -0.465502 -9.117752 -2.746054 -7.520645 1.327742 -0.629152 6.463869 2.500652 0.803293 -6.092387 -0.879298 -3.788637 1.684530 -2.594129 0.386700 -5.041500 -2.177202 
4270326596820493209.mp3 :-120.532996 79.772085 16.010165 25.736862 13.993739 11.459180 2.871777 13.144191 -6.201519 11.779250 -5.080362 7.560561 -7.765118 3.351644 -6.496506 -2.270438 -7.204936 -1.650724 -4.566326 5.647153 -4.899936 4.023725 -3.110925 1.619713 -7.158541 4.769796 -1.789956 3.052095 1.490247 -0.205543 -6.953792 1.260539 -2.928424 1.577563 -4.984777 1.762800 -3.455184 2.455504 -1.876992 -1.280234 
4254269038885569979.mp3 :-148.257256 71.557685 12.861838 19.258764 -1.154323 3.509376 0.375570 -9.122993 -10.703360 -6.967661 -16.234225 1.164946 -13.949672 -0.430272 -6.162025 5.805401 -6.828428 1.125593 -3.168743 7.693231 -5.389635 -1.789686 1.215804 6.868295 1.539184 10.764916 -2.648705 7.613105 3.053772 3.810111 -5.751536 -3.537467 -2.448654 7.362929 -0.891958 4.161481 -2.074494 3.522487 -1.293891 -6.431918 
4257276345879837812.mp3 :-155.945538 124.970272 22.518162 21.538730 3.980852 8.997170 -1.358166 6.464581 -4.404914 1.862274 0.261041 3.278777 -0.640006 0.312794 1.346690 2.670699 -6.680373 -1.162492 -2.821143 -1.408056 -3.187441 3.080084 -4.153637 0.296798 -4.041641 0.032590 -4.192842 3.283109 -1.291707 1.619713 -0.883768 4.303709 1.414212 0.127634 -4.733388 -1.963820 -6.164889 -2.402003 -4.133628 1.630675 
4213291863916772012.mp3 :-113.865018 106.069545 14.979837 20.845388 7.622523 13.129817 3.317440 10.535482 -1.492728 1.822776 -3.862651 2.190610 0.021464 2.983653 0.018842 3.303563 -2.124834 0.986354 -5.038261 0.568640 -0.878428 4.644668 -1.755003 0.322576 -4.760212 -0.793851 -4.964501 1.020323 -2.639577 2.266862 1.171235 -0.448651 -4.107146 -1.241679 -4.798121 0.407066 -1.268475 2.762318 -3.658380 -0.314284 
4209312183229730135.mp3 :-124.457492 137.645719 -35.640421 27.768661 -14.427487 -4.252750 -10.790413 6.190761 -22.795833 -5.121280 0.262343 -4.042394 -6.991940 1.239021 -8.368965 -4.802016 -5.127890 -1.776531 -5.576097 -0.021326 -3.364643 -1.273602 -4.049649 -0.816786 -3.510087 -0.265283 -1.901802 1.340681 0.950195 3.687780 -2.042661 -0.007695 -2.896356 2.354600 0.279641 0.792436 -2.292321 -1.105082 -2.975242 -1.063470 
4216614061034475094.mp3 :-185.817373 110.607102 6.986840 23.277997 0.523628 0.320344 -0.630897 -5.283610 -9.970679 -1.259770 -14.756857 -2.659530 -7.998637 -4.734298 -5.258768 -2.158568 -1.781960 -1.033338 -6.173408 0.235194 -1.204987 3.375046 -1.096932 -0.687412 -4.958067 0.358206 -5.934566 5.412954 2.614984 -0.722170 -4.599717 1.644143 1.503101 1.656943 -2.910749 -3.859778 -5.479809 -0.185638 -4.001216 -2.119404 
4237260222051128783.mp3 :-69.295423 73.604299 23.434386 23.688970 1.096106 9.186947 -3.219225 16.053735 -8.993944 14.085290 0.782542 1.329171 0.069843 2.697941 -8.627196 2.795510 -6.774562 3.115021 -1.523092 0.705021 -1.294122 4.856666 -2.641260 1.524279 -4.537080 -4.457292 -3.605505 0.150231 -2.119979 -0.452918 -4.510175 -0.009670 -1.542472 2.772644 -3.381058 1.309288 -3.779704 0.251323 -6.099945 -2.031096 
425538470917412257.mp3 :-118.909680 103.729366 -1.805117 28.442758 -2.578898 8.120006 7.944423 3.138658 -10.699968 0.891570 -7.531844 0.110500 -3.751644 2.230102 -3.445813 3.011662 -7.804922 1.410052 -5.721019 -3.104928 -4.945361 -1.424992 -5.184459 0.421684 -3.389870 0.557627 -2.976696 1.943554 -1.302580 2.991615 -2.956271 0.215213 -1.021627 4.129415 -1.072214 1.389958 -5.224087 -1.155680 -3.087051 0.226995 
4260959261974021066.mp3 :-116.560308 118.352650 31.262161 38.561714 9.022731 4.333548 -4.632734 11.637854 -13.781574 7.888148 -2.013539 -3.458316 -4.395247 -3.658708 -4.997235 -1.979854 -6.485364 -2.677646 -2.900140 -6.519293 -5.922735 -2.812114 -5.558870 2.128962 -5.349942 -1.477701 -5.399583 -1.882806 -5.747073 2.854352 -0.566599 5.102314 -0.805385 2.441149 -1.756019 2.036433 -2.131131 1.405987 -3.368379 2.607610 
4278478786252786137.mp3 :-114.705949 108.532246 1.204929 28.817441 3.642204 15.583929 -2.990000 2.736646 -6.596134 -0.871351 -7.527651 0.862698 -4.561209 3.129872 -1.857231 3.780923 -5.017948 -2.082938 -8.623484 -1.028385 -1.788999 3.224265 -3.323352 0.097287 -5.566838 -0.586611 -2.866036 4.037465 -3.895329 -3.987949 -5.920540 3.579410 -0.612603 -2.192224 -6.696643 -5.263190 -6.995022 -2.470907 -2.804891 4.963661 
4198539048954020174.mp3 :-72.880787 56.400187 44.519246 27.307532 -2.592460 22.702559 7.597672 7.310860 -2.718932 15.693590 -5.732191 6.233874 0.012225 -0.411519 -2.078117 3.635411 -7.206421 -1.315915 -9.125453 -0.924721 -4.467477 -0.694875 -7.585377 -0.718426 -9.835449 0.499626 -0.629220 2.938567 -0.531910 3.230036 -1.324418 3.179652 -3.935621 -1.510183 -8.859882 -1.842176 -6.304392 -0.548179 -5.205526 -0.034924 
4228487028157759626.mp3 :-82.307224 97.807087 6.188940 32.451394 6.018555 11.708411 11.551493 2.967838 -1.356799 7.574686 -1.637433 2.094297 -0.002652 3.979204 -2.962238 4.111845 -5.487361 9.464062 -1.708146 2.057447 -9.716419 0.723446 2.085706 6.167856 0.944266 4.218057 -1.694437 3.338101 -5.854798 -1.126011 -4.825091 0.958022 -1.382235 3.828802 -0.944416 1.252933 -3.214467 0.710749 -4.215200 -1.177267 
4262456723800391210.mp3 :-160.470904 91.932027 20.531840 31.032577 10.686791 4.699010 6.376696 1.760400 -5.015243 4.445620 -12.762297 -2.595471 -6.997728 -4.615377 -7.110818 -2.916588 -6.135278 0.984558 -4.451986 -0.424027 -2.108544 2.100537 -4.041544 -0.723211 -7.667408 0.342366 -3.547356 0.126427 -2.488027 1.319256 -4.633082 2.123578 -3.382462 -1.827007 -4.813624 -1.129719 -5.287963 -1.617702 -4.124097 -0.976001 
4254370756270747502.mp3 :-27.509733 68.461034 1.704335 27.958089 0.803480 9.531918 1.230756 7.417593 -1.589310 6.746558 -0.926753 5.616707 -0.778217 3.580524 -1.248533 3.447663 -2.729715 0.701859 -6.892792 1.097271 -2.359411 2.049073 -5.334190 1.067411 -5.280456 -0.382267 -3.460509 1.685121 -2.966231 2.972434 -0.173184 5.599526 -0.370477 1.356380 -4.319824 -1.734575 -5.793079 -0.926465 -2.160912 0.493389 
4215825500532363853.mp3 :-89.626390 90.018776 13.290471 31.339815 -0.413058 1.616485 -1.099824 5.583408 -11.762347 4.806095 -2.087501 -4.352695 1.255832 -1.179220 -3.240729 -0.010576 -8.058042 1.270777 -3.759058 0.997347 -7.959569 -5.266829 -3.311438 1.865578 -3.004219 4.146375 -3.413046 0.711388 -7.464250 -3.651659 -7.337780 0.153437 -1.158221 2.873591 -3.547049 1.486012 -2.674289 0.814338 -3.428682 0.461692 
4243442930318273563.mp3 :-134.516453 79.561370 17.345467 22.920178 6.165365 6.851557 16.398924 -7.966885 -4.425322 4.907525 -11.863269 3.783839 -6.021338 -2.432536 -5.337659 -4.985059 -0.456410 5.608688 -3.116628 3.611349 -4.161918 -2.402574 -4.785826 -0.559642 -1.625188 5.706411 -5.981219 1.293458 -3.797061 3.769922 -3.473959 -4.813666 -8.950188 0.347884 -1.729552 2.890541 -0.214684 1.852041 -5.010375 -2.106316 
423849906116182347.mp3 :-146.319291 77.872989 -0.839303 17.865872 12.869101 1.412112 9.323755 4.734247 -7.372169 7.590016 -13.060102 -2.808083 -5.428261 -2.943762 -8.581889 -1.536216 -9.842625 1.124108 -4.460534 1.629278 -3.815453 -2.474457 -7.201228 -1.179102 -4.680585 3.882054 -4.574220 -0.862001 -8.082825 -1.510267 -3.170669 0.878648 -8.448882 -2.887738 -4.232081 0.895767 -2.882015 1.815361 -1.705451 0.420874 
4215346071325461107.mp3 :-84.997623 50.531902 -2.801298 31.126771 6.206024 13.980221 2.304510 6.297270 -3.049119 6.412029 -2.972758 5.917692 -2.025453 2.223425 -2.074327 2.539978 -7.619623 1.080346 -12.406484 -0.326439 -0.047159 -5.266947 -7.854725 -1.365285 -8.505756 1.173099 -1.125084 5.583305 -1.960609 -0.741289 -5.327743 7.885131 3.090909 -1.483083 -7.389736 -4.997338 -6.431795 2.214533 -0.967433 0.454343 
4260792695293910016.mp3 :-130.058082 83.035277 -4.751089 23.573989 -7.953612 8.707667 -2.587202 5.921343 0.568059 2.121138 -2.044374 5.182759 -0.725585 1.697385 -1.182560 5.710244 2.995466 10.645456 10.471960 5.573156 0.195078 5.569555 3.265948 7.930217 -0.019111 0.984716 -3.938659 1.815823 -0.026813 2.543201 -3.048763 1.063113 1.157573 5.180727 0.219841 2.718120 -0.291053 0.021399 -5.240005 -0.615137 
420408950067584603.mp3 :-83.283845 88.553116 17.464616 29.882313 4.059529 4.531016 3.048577 9.716017 -10.564832 7.991748 -1.821258 1.076438 -3.977804 0.651079 -7.687148 0.683363 -5.546078 1.798252 -4.547041 1.494487 -2.470953 4.969649 1.359771 3.694078 -3.647908 -2.162478 -6.182102 -0.570080 -1.400554 3.569853 -1.406022 2.916080 -1.400688 4.346704 -3.345719 -2.075964 -5.240661 -0.530954 -2.383508 -0.036668 
4239989595562573015.mp3 :-131.094377 95.272936 1.992173 23.733187 0.418932 -0.377131 2.160600 9.422034 -11.795914 7.930035 -1.205378 -2.580490 0.118010 -0.460509 -4.228436 0.988605 -7.874182 0.949672 -5.866394 -0.487818 -4.698982 6.637646 -3.762160 1.146911 -4.023853 -2.167710 -4.420968 -3.615790 -9.538808 0.694512 2.299531 2.752797 -3.693081 0.105739 -6.333180 -1.329883 -5.286040 0.299166 -1.787953 -1.743910 
4234807999985853947.mp3 :-89.428625 98.282921 -21.265287 38.797868 3.478848 2.304541 6.259051 6.384356 -11.648939 11.301964 -3.655318 0.175884 -0.353166 -1.261135 -10.496325 1.960086 -6.415040 1.451093 -1.465502 -4.486677 -3.830449 6.817383 -4.384841 1.354815 -2.596834 -2.375136 -3.491572 4.361707 0.142581 0.395871 -5.822897 -0.274533 -1.483376 2.709673 -4.417245 -1.717121 -4.076452 -0.904688 -2.707220 0.873859 
4208602927679383265.mp3 :-214.747192 125.276081 22.491735 25.607944 3.344560 8.565147 -0.114922 4.919128 1.241381 6.314065 -0.412973 1.651676 -0.199768 1.281777 -2.178181 2.202385 -1.292306 0.358831 -4.074901 -0.861114 -4.892810 4.046002 -0.479468 0.724956 -0.356450 -2.130473 -4.643476 0.015369 -4.953763 3.804914 2.955704 1.902302 -3.767795 -3.456287 -5.443690 -3.107856 -2.691915 -3.554296 -6.930427 -2.813613 
4237233781646121411.mp3 :-218.139847 82.888235 -10.929800 7.807889 1.693326 0.679684 7.010180 -6.100708 -7.520661 4.325825 -14.330371 1.179563 -3.168081 0.487489 -0.882901 -2.488009 -10.174173 -0.675626 -4.653429 4.295221 -2.859747 1.934229 1.133625 -0.829178 -7.490267 -0.332872 -5.528666 3.786928 -2.940898 -0.438132 -5.216341 4.307721 2.816747 3.040417 -4.538967 -4.859718 -5.578643 -1.945831 -2.157193 1.239242 
4251785950882055193.mp3 :-73.857901 83.049922 24.992180 18.574547 7.359541 5.800575 -0.312203 7.778318 -4.013658 4.012605 -5.620871 -2.611187 -4.255593 3.864955 -2.287871 1.775771 -6.550882 1.006698 -5.565865 -4.478627 -8.597409 -2.904213 -9.520906 -1.726604 -2.260404 -1.413854 -3.913513 1.551939 -7.988513 -0.368668 -2.156054 4.656283 -5.173020 0.310996 -5.326466 -0.647831 -0.957860 1.263970 -4.573903 1.398699 
4196779778695015863.mp3 :-84.068912 84.997619 -3.763428 21.842172 -7.035590 16.191591 -7.617957 4.331147 -4.476995 -1.690784 -3.643844 -1.103731 -3.146961 -1.331654 -2.311327 -2.767169 -2.348627 1.322022 -2.468518 3.790605 -3.746880 -3.515783 -5.344173 3.460907 -1.213104 2.620594 -3.064687 1.276365 -1.302134 -2.212077 -6.781569 -2.848599 -4.592124 2.104059 -2.101690 1.260105 -2.478002 -0.499060 -5.179431 -0.307454 
4238571160518876571.mp3 :-164.960997 114.435437 23.115538 16.975327 -3.649663 -0.168693 -8.240441 0.301711 -9.756532 4.162664 -7.980988 -3.226902 -2.233069 2.053793 0.680670 0.301865 -2.122641 2.750347 0.686130 -0.478695 -1.980267 -0.875311 -7.739039 -1.725238 -1.830403 4.182140 0.616486 5.290250 -2.163135 -2.946068 -2.783430 5.318503 0.616560 -0.149765 -4.130639 -0.911090 -2.754957 2.139060 -0.995102 2.392520 
4272368278777330785.mp3 :-236.720749 111.514726 -8.462298 5.319102 11.692964 21.530460 -2.948996 6.859063 -1.934800 1.143693 -6.805918 1.580623 -10.717236 -1.990821 -11.394080 -5.654638 -8.235387 2.574032 0.437966 5.679421 -8.950022 -6.393175 -4.268219 6.902536 5.588841 7.651162 -1.591624 1.511278 -6.527354 -3.027552 -8.007063 -5.677325 -2.520393 3.450538 0.871217 2.888076 1.066804 -0.153469 -3.229220 -4.384441 
4235225357406896257.mp3 :-97.912268 86.570039 41.018077 28.927479 10.836549 7.859584 2.079976 7.949900 -11.157441 0.899503 -9.083993 -2.138476 -6.980165 -4.123815 -5.288125 -0.628179 -8.327475 -1.531962 -3.573269 -4.661753 -6.573726 -1.472142 -5.078534 0.890440 -3.800642 2.590331 -2.051511 6.541513 -1.938297 0.251170 -2.550058 2.024731 0.596223 5.409090 -2.807527 1.091340 -2.827841 -0.837255 -6.444472 -0.083158 
4264261491638502142.mp3 :-177.701524 134.793197 0.371892 15.618877 -4.143384 3.618169 -5.829092 -1.689886 -15.937250 -6.867829 -14.390934 -12.544208 -11.129600 -5.756951 -7.449467 -6.167871 -6.317875 -2.979967 -7.071874 -6.886070 -7.115952 -4.511334 -9.011724 -5.579920 -6.951393 -4.395191 -4.859023 -1.581412 -3.168977 -1.266361 -6.129671 -2.151887 -3.120090 0.072221 -4.096877 -2.277303 -3.078853 2.147482 -2.108833 -3.496563 
4211040833195325626.mp3 :-200.216841 106.902014 -12.365148 48.627161 5.201234 12.096028 6.509500 -0.099835 -4.480650 2.467400 -3.710357 -1.711789 -5.047354 1.914280 -1.897316 4.473147 -1.541953 5.210570 -3.140815 -0.723337 -4.229323 2.010318 -0.416163 4.498479 2.866204 0.857779 -8.729387 -1.807881 -1.318586 3.646507 -5.957124 -6.394218 -3.892138 4.333254 -0.005946 1.755906 -3.285798 -2.034203 -6.776082 -6.851186 
4211095306139131486.mp3 :-144.255193 87.063661 13.727704 32.133252 2.481650 7.694762 2.873451 -0.314431 -1.395768 3.408276 -10.295124 -0.487343 -7.870121 4.399070 2.266338 4.868989 -3.299788 3.227991 -5.104490 0.015069 -5.843795 2.025262 -1.661700 -3.100539 -3.587182 0.692731 -7.928889 5.129784 -1.706647 2.417360 -3.001330 -1.181423 -3.878467 1.090531 -3.852260 -0.892078 -4.873009 1.444431 -4.870627 -0.714947 
