4179068604983503428.mp3 :-171.305074 106.775995 -27.454811 32.690279 -7.271150 -1.881723 -8.953846 0.416754 -17.932864 3.604077 -11.841810 -1.786098 -5.875562 -3.632457 -7.499698 -0.468296 -8.572737 -4.310723 -9.271865 -3.660783 -9.341683 -1.884700 -5.984643 1.149723 -7.019920 -6.232185 -5.533209 -4.247300 -5.134080 -1.307884 -3.677018 4.120593 2.861744 4.144266 -1.848948 -0.466528 -6.066468 -5.541049 -5.193980 -1.666490 
4130061450426238268.mp3 :-151.064889 86.259283 20.661142 36.758600 -11.780397 -13.096624 -1.626417 -1.661273 -12.635428 -10.167530 -3.109162 -9.262692 -5.835691 -4.974656 -6.680021 -2.041877 -4.773483 -0.628882 -2.158509 2.189212 -3.572058 3.524935 -10.839098 -2.163813 -7.106979 4.269829 -4.108025 7.811025 -9.084268 1.951120 -6.037261 7.900611 -2.893089 0.696119 -3.621735 -0.028695 -0.817542 -0.164202 0.290389 4.502515 
4181911408858618544.mp3 :-42.001623 81.279869 7.188435 20.645608 4.029583 8.669168 -0.707662 6.739818 -2.771847 4.444636 -1.841025 2.657291 -2.277662 2.733079 -3.511126 4.251372 -3.010131 1.818351 -3.589732 2.061033 -3.046237 1.878780 -3.710019 1.739902 -3.003343 0.316569 -1.400810 3.758045 -1.331820 1.619544 -3.296135 2.499295 -1.698742 0.530576 -4.165859 -1.453531 -5.602508 0.308647 -2.366530 1.424828 
4179032911232541874.mp3 :-222.970024 108.603363 21.179740 30.385549 9.914880 12.625035 5.745945 6.415884 0.217479 10.676876 -5.898510 5.879417 -2.326823 2.561988 -4.524819 0.562202 -3.314175 2.888102 -0.016349 7.427447 -0.268829 4.724769 0.028694 1.759973 -1.253749 3.894749 -0.653418 2.762498 2.417608 2.519471 -5.559644 -0.424559 -3.442918 -0.181733 -1.872066 0.041734 -3.796776 -0.057589 -1.046708 0.427910 
4170220836692642341.mp3 :-208.143173 119.060584 1.258397 13.301711 7.318794 1.105839 -2.467685 0.127418 -10.394227 2.262862 -12.253842 -4.096501 -9.474112 -7.623075 -8.043072 -3.968664 -8.752503 -1.469571 -11.059438 -1.449658 -2.188292 -1.983331 -1.680069 5.187822 -3.255148 -1.533793 -6.003479 -2.471436 -2.625513 -0.949401 -1.695701 -2.919707 -7.929233 -2.119858 -3.325877 -2.941984 -3.354588 -2.007399 0.081018 5.129993 
4115797809340185332.mp3 :-148.085763 87.878534 5.834002 17.799825 4.613274 -4.300637 3.770400 3.899114 -14.585531 12.754775 -8.365092 -2.991018 -8.301179 -7.137868 -9.423960 -2.548410 1.683848 12.832780 2.148381 7.803991 -7.873713 -4.500351 -2.152705 1.302328 -5.484206 -0.650581 -8.832294 1.687607 -8.674059 -8.658905 -7.762275 6.940592 4.832643 4.664426 -2.387176 4.542164 -0.159544 1.609326 -5.035569 0.369110 
4104315290818919406.mp3 :-122.726748 109.937555 -11.486135 20.326471 -4.185728 1.395058 -4.418399 -6.281648 -2.649497 -1.244406 -6.255253 -2.580123 -4.811991 -2.012907 -7.516674 -0.435853 -8.250878 -1.118331 -6.408679 -0.108301 -1.974815 -0.119724 -4.509410 1.016814 -0.785109 2.346212 0.155358 2.269667 -1.891786 -0.396665 -3.007614 -3.005728 -7.611000 -2.113157 -3.494181 2.783972 0.143074 1.917351 -0.836511 2.250647 
4184475452011117335.mp3 :-119.080806 116.118620 9.166018 27.095997 8.203927 -3.887248 -3.733071 4.824940 -11.895475 5.100440 -5.433881 -3.757317 -4.624155 -2.355854 -3.354912 1.694726 -5.637443 -0.956738 -2.411289 -2.025095 -5.955115 1.979124 -6.281453 -0.362644 0.759667 0.248201 -1.742037 5.081490 -6.686157 3.489674 -1.951426 -0.088148 -3.868551 -0.874703 -3.320297 -0.460545 -1.805202 1.743549 -0.734457 1.660675 
4113176416884527991.mp3 :-5.693175 75.865844 -9.182287 34.773909 5.081189 6.760345 7.139411 7.602213 -4.522015 4.497154 -3.004316 3.417282 -8.489256 -2.097529 -7.776296 -2.176887 -10.663370 -5.824331 -8.480119 -3.382767 -11.036031 0.632728 -7.795968 -0.694629 -6.448936 -0.440950 -3.661606 0.479346 -6.291288 -1.127876 -3.670268 3.322473 -1.821773 1.040770 -4.427014 0.606808 -2.778832 0.836941 -4.747784 0.894904 
4166344035243251055.mp3 :-48.506796 73.034781 10.709437 21.169201 4.264863 4.873816 -2.566496 2.821852 -6.901733 -0.289985 -4.946988 2.030791 -4.979553 3.544664 -3.526655 1.269789 -4.540690 2.616806 -4.558217 -1.065064 -6.304195 -0.106818 -4.038160 0.139968 -5.422761 -0.442282 -8.321619 -0.326588 -4.022540 4.274822 -2.142494 0.683676 -5.542902 -2.379784 -4.628083 0.868689 -3.141266 1.482190 -2.879340 -0.851513 
4154755408765526976.mp3 :-128.947042 94.458932 17.286647 34.914143 3.196069 10.334485 9.716329 0.480195 -2.700571 2.551580 -9.188949 0.103531 -6.498447 1.451079 -2.365030 -0.245470 -5.261313 2.174575 -3.151862 6.813234 0.661286 4.245174 -5.878102 -4.787184 -2.828002 3.917813 0.759112 4.818388 -2.895641 2.520601 -1.027259 -1.539306 -5.617817 -1.917970 -3.655553 1.059105 -2.652485 2.448821 -2.011841 2.320180 
4191117358872015692.mp3 :-82.748923 95.471747 7.392662 18.463478 3.588060 11.102540 -1.772865 2.314749 -2.272558 -1.195525 -3.640749 2.742866 -0.476096 2.846226 -4.256737 0.653113 -3.517030 0.614668 -3.161523 4.022593 -1.261650 -0.160998 -2.402670 2.824060 0.403001 3.202323 -2.607496 1.614644 -0.957612 -4.460208 -8.788829 -0.489039 -1.189755 2.044444 -2.272649 -0.712036 -2.683426 1.196448 -2.183498 2.435881 
4112392814370752305.mp3 :14.987211 66.403567 -0.090848 20.662203 3.383933 4.525589 1.976389 6.336757 -2.060154 7.040773 -1.945929 6.317084 -0.327504 3.679879 -0.980808 2.436064 -3.916024 3.146660 -3.297740 3.670443 -1.955986 1.256336 -3.501251 2.180392 -4.450125 1.640033 -2.329122 3.336199 -0.606975 3.954002 -2.686615 0.290929 -3.031631 3.143068 -1.207535 2.273443 -3.245097 -0.340815 -3.079286 0.398275 
410577731346799292.mp3 :-99.510342 85.986529 16.517095 31.770141 10.617266 16.656685 2.609679 10.341332 -5.999622 2.005011 -1.875911 0.251755 -0.676854 1.511738 -4.069768 1.651456 -6.770065 2.211521 -7.027897 -2.488651 -5.158201 -3.682415 -2.486191 7.218609 -0.129191 4.184773 -2.969989 -0.871860 -3.973871 0.416243 -2.808788 -0.352076 0.350915 3.146928 1.419781 7.831406 -1.837163 2.387997 -3.847816 -3.387146 
4108400935991974.mp3 :-153.886452 111.925600 20.354124 22.498062 11.256193 5.299378 5.842651 -1.229844 -7.680739 6.609558 -11.502400 -1.501612 -7.758566 -0.405518 -5.188691 -1.234857 -6.353343 1.783086 -4.912445 3.015324 -1.100261 3.120569 -0.437714 0.254808 -6.741041 -1.377111 -5.749342 1.696807 -2.613045 -2.055301 -7.014301 -0.337844 -2.018044 1.067412 -4.976818 -3.529970 -6.874828 -2.674291 -6.047328 0.757017 
4141862482703235303.mp3 :-143.630822 69.974459 11.911380 33.048127 -0.341355 6.376651 -2.280045 1.312240 -2.379238 4.650370 -3.959601 -1.240477 -6.830066 1.547887 -4.656824 2.136406 -5.426058 1.673633 -3.988898 3.651423 0.720613 2.515827 -8.987870 -3.271880 -4.583762 1.422846 0.249174 4.733244 -2.432119 -0.964561 -0.342526 4.380946 -2.775861 -2.648499 -5.689490 -0.492562 -3.656141 2.050238 1.104120 7.566768 
4128499683852836708.mp3 :-59.900981 100.793935 0.656293 18.307563 0.998048 3.185932 6.118822 3.596302 1.049934 7.828313 -9.111467 4.893047 -3.084364 -0.763644 -3.277137 2.656778 -0.874005 8.267874 2.936412 5.427316 -3.276254 -0.677139 -2.073943 4.220513 -2.754223 3.657744 -4.590155 1.435121 -1.697530 -1.243177 -6.600052 0.372772 1.292901 5.561225 0.627169 3.112019 -1.281093 0.965860 -3.030094 2.115225 
4115162038599478300.mp3 :-162.357996 122.643217 15.595378 22.858944 7.061058 -0.821186 -2.844059 6.868338 -10.689088 0.344750 -6.438239 -2.449220 -0.293836 -0.122434 -6.171740 -4.727042 -7.153985 -2.996949 -4.308745 -2.865537 -5.741085 -2.916025 -4.057696 -0.693737 -1.738613 1.052729 -3.005281 0.314934 -4.473241 -2.545335 -6.339078 -1.608217 -2.814206 2.160980 -1.173308 0.719830 -2.019646 1.231179 -1.018098 0.733027 
4134900849145583914.mp3 :-123.395853 72.933192 13.351851 21.955035 -3.301989 11.801327 1.222795 5.284665 -9.735848 6.310876 -5.197146 -0.042484 -3.469639 0.937176 -0.295629 4.851182 -0.685939 5.752153 -1.654618 2.231130 -1.661584 6.144118 -0.789648 5.651482 -4.289911 0.471055 -3.629864 -1.950188 -6.945731 4.084725 2.692003 3.406400 -4.406092 0.717162 -2.785853 0.051030 -3.310771 1.501398 -5.783447 -0.919482 
4113888486932278769.mp3 :-46.623531 92.585002 -8.774830 26.316818 -2.538257 6.979847 0.901770 1.781842 5.087846 -0.315358 0.816003 5.048733 -1.994932 1.216547 -1.071330 2.296424 -2.160881 4.351090 -2.424312 2.512401 -4.690260 0.792519 -1.851357 2.447583 -2.600072 -0.401787 -3.982796 -0.301181 -4.788832 -3.253311 -7.196520 3.404541 2.078361 2.333298 -3.094086 -0.837384 -5.971213 -1.778340 -3.372021 0.891307 
4163586264755977362.mp3 :-90.156747 95.083510 35.372462 17.996624 9.979869 11.198016 2.683050 8.972027 -1.303099 11.097621 -1.960283 2.299414 -1.348988 -0.162566 0.213880 0.217666 -4.625784 0.845776 -6.988751 0.365099 0.901045 4.139352 -2.999017 -0.622534 -7.500368 -0.458744 -3.485190 2.349461 0.745959 -1.539704 -8.012601 0.951655 -1.468002 3.097714 -3.937772 -0.529746 -3.432431 -0.793188 -4.685033 0.295238 
4168084914094270094.mp3 :-24.145597 60.247316 25.618190 27.234209 11.130700 7.286443 2.830791 9.461412 -3.265200 9.966475 -1.330167 2.215145 -1.785489 4.887800 -4.618730 2.613788 -1.641146 4.655544 -2.025357 3.619293 -0.582570 3.586485 -0.648807 2.388036 -4.023197 2.269840 -2.616764 -0.174803 -4.598883 1.307950 -0.862955 4.272919 -3.146912 -0.531664 -3.225411 1.105366 -2.779947 -0.182932 -3.659476 1.386082 
4136168336662874695.mp3 :-138.824038 66.232033 10.453390 35.214410 2.832538 11.015608 1.581272 -0.447301 -2.740627 8.273489 -11.605756 6.032891 -7.615621 0.078419 -3.447095 -0.393918 -4.927599 5.135424 1.595614 5.655187 0.349488 1.703044 -3.944064 -2.471457 -2.283392 1.738192 -2.308312 1.206819 -3.577259 3.160734 -4.415202 -2.576751 -5.179273 0.494085 -3.636160 1.550065 -3.703369 1.147465 -1.176265 -0.385953 
4165324681071033110.mp3 :-157.099570 111.512539 -16.647044 18.832304 5.339335 -7.289885 -0.216130 5.749486 -14.706832 6.432213 -6.611878 -4.951576 -1.276447 -3.480453 -10.522330 -2.045497 -7.361731 -1.635737 -2.285827 -0.426461 -2.201725 -2.206570 -10.221354 -4.269038 -2.113832 0.890652 0.567030 3.305208 -2.072268 1.768941 -1.070104 -3.362965 -5.962825 -1.980331 -4.179970 -0.030118 -1.406033 1.445650 -0.598507 2.855254 
411168715707652136.mp3 :-93.343687 78.160854 10.546470 33.414626 3.697206 7.819986 15.959164 5.178040 1.398294 10.497361 -4.071410 6.688457 -1.981073 2.171833 -1.475340 2.701211 -6.515456 0.307718 -6.696179 -0.146649 -6.853603 0.987647 -4.041399 2.407481 -3.848813 1.158432 -4.675527 0.949509 -1.262844 -0.852713 -8.797555 -2.204587 -3.346449 3.264089 -1.852304 1.080746 -4.393130 -0.693974 -4.504414 2.033393 
4179248283824940693.mp3 :-85.008185 96.322698 12.884120 29.647536 9.124731 1.062995 1.872654 9.490754 -15.317483 2.143216 -5.422407 -3.455066 -1.029822 2.641865 -6.773864 2.119872 -4.033847 -0.573032 -3.487410 0.958347 -4.192881 -0.239411 -5.118338 -0.685626 -3.219735 1.611200 -2.984718 4.995538 -1.493401 0.710078 -1.871675 2.715274 -2.107605 2.514394 -1.218241 0.346510 -4.240175 -0.154287 -2.402263 1.486589 
4125734843524444702.mp3 :-189.413169 90.960990 -0.542883 24.172816 6.894096 -0.947471 -1.063955 4.692620 -8.939470 6.120801 -16.479268 -1.113055 -8.431598 -3.750449 -9.526249 -2.404720 -8.370417 0.190190 -5.318973 5.738782 -4.501533 -3.828754 -0.127187 3.309805 -3.183031 4.193494 -2.434701 5.630410 5.220659 1.077258 -11.981924 -5.788689 -0.700284 5.476972 0.924895 3.208638 -3.003078 -2.076910 -9.102415 -4.151825 
4188181147815870792.mp3 :-27.193903 64.920582 4.836630 12.911265 1.275227 3.412931 -4.092243 1.578593 -8.583031 2.179706 -6.872491 1.128102 -4.187475 3.771074 -2.512005 0.392806 -6.701247 -1.969865 -5.539152 -0.132339 -6.895701 -3.163932 -6.136198 0.095724 -3.444948 2.015143 -2.858309 2.764781 -2.999172 0.356675 -1.927639 3.494100 -3.425784 -1.611093 -5.534563 -0.718203 -3.324250 0.927658 -3.511493 -0.449007 
4111951153919418924.mp3 :-227.235075 108.370024 7.410229 18.633311 -2.009273 4.207637 3.367876 8.558842 -5.080598 8.885601 -0.105529 -7.131690 -7.701930 -2.903182 -2.237804 0.573764 -10.596081 -5.502502 -2.073774 1.086269 -5.181387 -5.095927 -6.139380 0.188404 -7.055420 2.420441 -2.162801 -2.748179 -0.825873 3.914469 -8.854996 -4.354819 -0.472687 -0.133077 1.941491 1.498339 -2.830365 2.003232 0.726678 -0.930940 
4139043348310341026.mp3 :-118.645263 84.024794 27.234108 38.010245 6.783673 9.916077 -1.584402 12.671190 -15.505328 4.653807 -7.116748 -6.892798 1.226973 -4.259591 -2.269251 1.187203 -6.904288 0.503041 -10.105265 -1.691732 -4.087998 1.145720 -4.317178 1.839302 -6.648534 -0.670094 -2.050865 3.885393 -3.716429 2.562503 -1.601007 7.369150 0.838343 2.875680 -5.237097 -3.728741 -5.982525 -1.869694 -2.301549 2.985330 
4174826451852277302.mp3 :-164.960997 114.435437 23.115538 16.975327 -3.649663 -0.168693 -8.240441 0.301711 -9.756532 4.162664 -7.980988 -3.226902 -2.233069 2.053793 0.680670 0.301865 -2.122641 2.750347 0.686130 -0.478695 -1.980267 -0.875311 -7.739039 -1.725238 -1.830403 4.182140 0.616486 5.290250 -2.163135 -2.946068 -2.783430 5.318503 0.616560 -0.149765 -4.130639 -0.911090 -2.754957 2.139060 -0.995102 2.392520 
4136326250950957517.mp3 :-88.112632 75.612981 8.923189 34.589169 13.605242 8.844245 1.829799 8.143268 -4.762286 7.746820 -0.042826 3.298344 -2.508109 -0.294473 -6.072164 -0.919174 -6.883864 -0.453735 -3.591530 2.977818 -3.389073 0.603045 -5.790291 -1.763166 -5.868758 -0.215246 -5.183331 1.447334 -2.988177 1.525123 -2.553901 2.586313 -2.093958 0.751217 -3.608290 0.472323 -2.817023 3.471812 -1.624532 0.196299 
4142349498761690725.mp3 :-121.120172 88.851216 6.478463 23.226830 8.226492 3.076821 1.365024 5.788713 -7.397111 8.339839 -6.700561 2.420060 1.634070 9.729577 -1.942150 0.087984 -4.813131 4.100015 1.082699 0.312036 -4.898303 4.458086 0.372999 3.558865 -0.277435 0.373868 -3.204844 1.058223 -4.743451 0.474747 -3.468770 -4.447166 -4.509780 0.768510 -0.150301 3.767424 -2.276013 0.533981 -2.308689 0.377530 
4182891183069223681.mp3 :-119.026871 98.342193 21.122220 33.156283 10.900525 9.691536 6.132276 12.597720 -3.597533 10.247058 -1.284245 1.542197 -0.047248 2.210451 -4.016760 7.374214 -4.701860 0.610318 -0.558634 -2.951980 -7.831988 0.056923 -3.438717 2.393861 -4.583758 0.037649 -5.346009 1.601743 -3.325214 0.166564 -5.949072 0.895339 0.530090 5.872462 -0.932703 -0.236128 -5.560507 -2.933157 -4.531073 -1.142904 
4180765736177541278.mp3 :-69.588525 85.779993 22.336664 23.278671 6.241061 5.775642 -4.571120 6.730840 -12.493083 2.738327 -3.773473 0.866782 -1.522263 4.242978 -4.649523 0.588792 -3.592688 -1.168846 -5.411640 -0.135390 -0.831529 -0.045515 -6.153327 0.674862 -1.882756 2.555635 -1.809442 2.736448 -2.954738 2.935822 -0.217351 2.648804 -5.231926 -2.048461 -7.616808 -0.024198 -4.348143 2.839463 -2.436779 1.188602 
4153339242307259561.mp3 :-68.121655 58.576426 11.921574 29.068853 -2.000097 4.462918 -0.533423 0.445480 -7.615243 1.898817 -10.935410 -3.474196 -8.357453 -0.903911 -6.972179 1.032199 -9.996533 0.684322 -4.893777 1.114557 -5.484801 -7.582518 -7.759115 -3.207883 -3.015714 4.094904 -1.198198 0.531989 -8.841521 -2.718206 -1.847577 1.873241 -7.361673 -1.271113 -6.781777 1.977238 -1.039121 5.444194 -0.953990 0.595861 
418118862476872814.mp3 :-136.828648 81.751797 42.086015 29.321497 8.019665 7.077392 1.896893 4.320614 -8.842521 4.379002 -10.054751 0.181475 -5.206846 -1.628022 -4.206438 1.110525 -3.014907 2.710995 -0.408477 2.900241 -2.419987 -3.345043 -5.663295 2.557475 -3.807217 0.674232 -2.839848 2.882993 -3.591146 -4.244705 -5.633564 1.545717 -1.842868 1.341422 -2.460500 0.936770 -2.743510 1.760389 -2.311974 2.460320 
4125932626196697244.mp3 :-66.204361 84.419853 18.006697 39.677655 10.431147 10.723099 1.074790 5.459615 -6.386569 3.932379 -10.972346 -1.754266 -10.127959 -3.145875 -6.624819 -3.287824 -4.874833 4.289026 -3.466142 0.840820 -3.100727 0.924413 -5.191279 -2.833987 -5.925201 -0.970761 -3.101211 -0.120832 -2.346518 -1.116427 -4.130872 2.122544 -2.600699 -0.681987 -5.026783 -1.346460 -4.345892 0.813761 -1.059335 1.358532 
41415232672499448.mp3 :-56.277832 61.516503 5.666816 29.751816 5.187605 21.265536 11.393724 9.465804 3.113426 7.795559 -5.134769 3.160899 -1.726097 2.517814 -3.743430 2.094193 -2.932036 3.645875 -1.059996 3.162096 -4.527755 -3.728106 -7.238647 0.752898 -2.191627 1.714990 -6.487520 -0.446441 -4.373448 -1.111294 -5.692566 1.182070 -5.120089 -3.710425 -5.547128 -2.001249 -4.914503 -1.519236 -3.141128 1.178976 
4152811667636491855.mp3 :-65.938425 67.650387 9.803523 14.479256 -10.201437 13.509273 -1.730870 1.038312 -6.193497 -2.661037 -2.904275 0.434273 -6.456270 1.014919 -2.113076 4.331060 -2.993239 4.190335 -5.068612 -2.576138 -4.673381 1.058008 -0.408986 1.295193 -4.407556 -2.140485 -7.120022 -3.352796 -1.284996 2.175513 0.438553 0.007043 -2.423493 2.975907 -2.828098 1.496021 -5.203442 -1.650739 -4.374658 -1.043426 
4185745885842548603.mp3 :-64.746238 84.953467 7.420997 15.683723 -2.793923 11.397221 0.362387 5.882560 -6.616774 5.280723 0.858811 1.455166 -1.053849 2.538046 -3.055235 0.814833 -3.441870 2.074035 -4.095167 1.758356 -1.692011 0.836249 -1.828922 5.358172 -1.336115 4.437935 0.406614 2.579074 -5.556698 1.375055 -0.069760 7.135934 0.903718 2.517426 -3.521888 -0.280529 -3.156462 2.243549 -0.560487 0.893862 
4139686543425791303.mp3 :-164.744073 94.221282 9.046558 39.739814 0.602036 8.892936 -0.103364 3.559304 -8.651467 3.703227 -8.075751 -0.558765 -2.301106 0.452789 -2.650338 3.570508 1.231148 4.020088 -0.794488 5.224898 -2.740882 4.126316 -1.020510 1.317603 -0.795625 5.012495 -1.882788 2.525551 -0.193345 4.347028 -0.173386 0.768853 -8.136150 -2.108235 -2.189925 2.751559 -0.861313 2.296994 0.691246 2.533877 
4179281008547984564.mp3 :-179.508380 68.180529 9.693556 29.053982 3.106135 2.232641 -4.972034 7.353945 -6.786333 1.278737 -7.072913 4.196572 -0.599884 -3.828730 -3.198162 4.039289 -6.802648 -1.263568 -7.295264 1.938072 -5.984919 -1.619572 -5.272811 2.583730 -5.425014 -1.930775 -0.766277 1.726498 -3.232198 2.511873 -0.989992 -2.941246 -7.389441 -0.371016 -2.124393 1.797757 -3.126249 2.140970 -1.861787 0.569362 
413778373150599063.mp3 :-151.648615 91.670341 18.091251 25.013446 5.635145 10.237220 5.105579 7.407398 -2.726887 7.251844 -4.275663 -2.172668 -4.178332 -2.599938 -6.160861 1.724088 -0.689518 6.753371 4.747841 3.311797 -3.438344 -0.371617 -5.768379 0.623355 -4.988234 5.685121 -3.668418 -0.480809 -5.609515 -1.397068 -2.769692 -0.912818 -4.918232 1.345948 -1.200742 1.990849 -1.133281 2.413685 0.558832 0.902751 
4188308504203833449.mp3 :-187.703997 109.420058 8.001616 36.858692 20.877922 2.017658 8.828222 9.021604 -5.687478 1.259880 -3.678198 -0.170016 -6.043635 0.474623 -3.822209 -0.424339 -5.773055 -1.989388 -3.008547 5.641678 -3.997176 -0.702581 -7.583712 -3.383407 -8.827972 0.422464 -3.998375 1.877812 -3.658389 0.142505 -5.853120 -0.798622 -4.476684 0.754456 -4.665986 -0.218259 -3.453223 1.205990 -0.547855 -0.192039 
4155877060297829011.mp3 :-180.214924 118.304107 1.043248 28.065708 -1.526280 -6.872357 0.357145 6.295003 -19.788674 1.128173 -0.320377 -10.872756 -0.743579 -4.239591 -10.863575 0.332423 -9.460497 -5.139316 -4.799527 -6.739021 -3.654967 5.014822 -2.907275 0.264623 -5.965233 -4.600803 -6.833507 2.017382 -0.112348 4.006487 0.463342 2.615782 3.614584 7.653938 1.276823 0.991663 -6.368630 -6.673304 -7.731193 -4.419056 
4186459140180606424.mp3 :-272.717720 168.425287 17.725477 22.094530 19.718780 7.212513 -2.275559 -0.925462 -2.187716 -1.051851 -4.397258 -6.619840 -8.319245 -4.722509 -5.118219 -2.719638 -0.688487 3.910826 1.617232 0.126965 2.742653 3.301181 -0.091784 -0.294563 -0.167892 -0.529353 -1.114117 0.852261 -0.495754 -2.059706 -2.525010 0.687666 2.325135 3.118797 1.501827 0.068449 -1.760610 -3.480186 -6.899716 -2.793757 
4193932040662852411.mp3 :-128.620024 109.626946 -3.224904 6.125205 1.036301 1.113122 -3.503130 -1.324713 -2.449457 2.919512 -8.141482 -6.223248 -7.864419 0.048175 -3.704699 5.424623 0.440830 3.296393 -3.545683 4.264204 0.004271 3.046860 -1.952827 -1.235771 -7.570365 1.739057 -1.066589 6.896815 0.506849 1.402168 -2.377756 3.928800 -0.404240 1.978711 -4.276071 -1.405626 -3.318537 0.571662 -3.867928 -2.179298 
4194794274440681744.mp3 :-106.947340 84.003227 -12.076476 23.689051 0.917428 -1.087750 -9.527731 0.208617 -14.197822 -2.546265 -5.650238 -1.529248 -5.104573 -3.207368 -9.669903 -0.637671 -8.412737 -1.046838 -0.789328 1.401645 -10.015806 -4.788735 -11.170171 -3.650197 -6.332309 3.427101 -4.567161 -0.725163 -5.129483 0.739921 -1.704438 0.767421 -7.312210 -1.491684 -2.822002 3.839479 1.381077 4.245031 -0.810785 -0.701345 
4173742840401334836.mp3 :-160.681426 132.311991 21.644913 23.961495 12.856327 8.209139 2.187094 8.537907 -1.770022 1.032836 -2.898894 5.296742 0.456047 5.774852 0.459076 3.375615 -1.858885 3.360308 0.112705 5.402707 -3.626196 1.055835 -4.378908 3.032458 0.259943 4.813747 -1.801668 -0.576431 -2.110685 3.200413 -1.832849 -5.041624 -9.080679 -2.297296 -1.662901 3.151431 -0.208747 2.744512 -3.117144 -1.770312 
