3973720776501390386.mp3 :-105.364885 115.890017 25.657514 21.141573 5.513047 -2.809734 -1.033924 -7.513441 -5.542186 -2.340342 -15.470757 -3.040984 -10.771104 0.632879 -6.207598 1.832903 -5.204500 2.744711 -6.841438 -1.433013 -6.726151 4.261144 0.755768 3.172760 -4.348531 -2.069996 -6.234603 -0.921662 -4.492818 4.462338 2.030269 2.789445 -4.123685 1.081201 -1.767901 1.032852 -5.204822 -2.052551 -5.248063 -0.170011 
3981967519333822025.mp3 :-86.073279 59.657373 12.216219 35.783016 7.760086 11.044449 0.463880 4.196112 -0.951241 7.069143 0.018647 10.329243 -0.348137 5.368027 -3.203856 4.042123 -4.630132 5.442438 2.651518 6.072121 -1.560207 -0.353723 -3.715440 1.968588 -1.783933 5.067833 -2.753398 1.100211 -2.181578 3.784376 -2.165755 -2.543049 -5.420191 -0.471705 -2.690393 3.710526 -1.392466 3.090369 -4.376188 0.579665 
4020779377858239484.mp3 :-47.964969 67.799301 -2.186092 33.134812 2.028033 12.150440 -0.985224 8.594010 -4.735204 5.492389 -3.326674 6.224559 -2.120771 0.647959 -2.808823 5.776963 -0.784271 4.086681 -1.489422 0.045791 0.154510 2.040985 -4.540966 0.583470 -7.509005 -2.152222 -5.949792 4.539996 -4.227259 0.326136 -4.783042 3.341864 -0.163120 -0.254446 -4.075332 0.031014 -5.513891 -1.328651 -2.622809 1.527326 
3988667531269542198.mp3 :-76.269925 95.991107 20.231930 16.861186 1.370784 11.726490 -5.657317 6.610877 -2.502840 4.669189 0.046131 5.230939 -0.751480 2.577526 1.087046 3.904187 -4.289250 3.302088 -2.556307 2.763918 -2.106700 3.971926 -3.378439 1.158312 -3.072094 1.580022 -2.326863 2.618677 -1.194380 1.927696 -1.902225 2.150698 -1.170543 0.686493 -3.436596 0.834980 -3.482740 0.817377 -2.358294 2.429738 
3964235783626556004.mp3 :-120.491458 114.689774 -19.569702 25.956491 -3.691865 -11.966955 -6.430592 -3.205969 -13.211435 6.543117 -7.803417 1.315644 -8.274802 -4.704388 -10.237686 1.644821 -4.269493 -5.219256 -8.320578 -9.521926 -9.452402 0.467405 -3.439871 -3.372933 -2.742593 -3.961276 -8.647556 -1.601133 -5.593374 0.592116 2.490709 7.272581 -0.294847 0.320246 -6.122329 -3.400880 -4.193155 1.148336 -4.473385 -0.187083 
4020084696618999304.mp3 :-56.587343 73.762757 13.751326 16.778351 7.071058 16.679025 3.109563 6.282730 -1.569368 5.296783 -2.993693 3.545715 -3.237054 3.063732 -1.300427 4.137226 -0.906081 6.232625 2.461199 5.733719 -1.379589 2.458976 -2.731982 4.185771 -2.298809 3.147033 -2.566275 2.714490 -1.363428 1.761175 -2.704515 4.687139 0.610854 4.497203 0.277512 4.026976 -0.928284 1.587888 -2.908673 2.846774 
3990420080220710140.mp3 :-21.343004 73.530476 4.717280 23.155464 5.753920 10.917191 0.374404 3.965710 -4.828002 7.578810 -3.482280 4.954666 -5.356136 4.311645 -5.444445 2.851620 -4.853650 -0.258570 -3.140221 3.188321 -0.863169 2.482372 -1.923038 5.006259 -1.670859 4.054421 -0.509776 4.329096 -0.570380 2.323919 -6.301567 -0.900478 -4.728097 1.507409 -3.357715 0.231959 -5.020356 0.081408 -3.275438 -1.871912 
3997883710255158522.mp3 :-85.093017 75.257514 7.532138 22.541739 1.883775 18.854699 -1.680286 4.896613 2.086763 2.345552 -3.349163 5.566388 -1.403358 5.717679 -1.693973 7.819334 1.610616 8.725409 1.598443 1.649808 0.390962 -2.200177 0.449454 0.299377 1.603446 1.939322 -2.397060 -1.803873 -4.962300 3.977960 -1.614729 0.291330 -5.974360 3.059102 -2.436312 1.828680 -0.709413 2.908731 -4.097578 0.720588 
3992001710629875673.mp3 :-47.557495 73.541234 6.342643 25.550081 4.990023 7.788898 -0.634063 7.267692 -8.405405 3.666929 -4.907218 4.241548 -1.810626 2.714687 -5.076563 2.569972 -6.774233 -2.115991 -7.392529 -1.053721 -5.469822 0.825933 -5.971663 0.480091 -5.805937 0.023661 -3.337316 1.707892 -3.665884 0.135774 -5.050438 1.156158 -2.459788 -0.013937 -4.224279 -1.288376 -5.528409 -0.588828 -4.156063 0.618542 
3979001845086045847.mp3 :-177.251190 133.444172 10.007086 29.415814 11.241776 -0.760151 2.171809 5.927354 -10.329303 6.266869 -7.569060 0.123341 -7.571595 1.565211 -5.137247 -2.168668 -5.167670 -4.806712 -4.377628 -4.009827 -3.673731 -3.186528 -2.023080 0.218415 -4.966244 0.955541 -3.769063 -0.176846 -3.682114 -0.799862 -6.192112 -1.967321 -4.041954 -2.291181 -4.720741 -3.070010 -4.735823 -1.869261 -3.507377 -0.509523 
4001497571864733595.mp3 :-57.874045 94.078596 2.789136 12.103709 6.160947 6.587485 1.317210 2.427167 -3.659389 -0.191983 1.390249 2.349035 -7.376118 4.806283 -3.600577 0.014237 -3.154943 2.945771 -3.190681 9.777826 0.906221 1.955994 -0.999970 -0.416892 -2.570799 2.394633 -2.694645 4.142088 -3.388862 -2.461371 -4.593291 0.387784 -2.313032 0.043453 -3.696081 0.307653 -2.952118 -1.776012 -3.550601 -0.315496 
3997183719277275728.mp3 :-194.636946 91.699361 6.666797 28.529121 2.924508 3.056673 3.440118 -3.237943 -4.754022 10.756116 -11.512519 1.955820 -5.158880 0.259965 -1.997937 -2.011717 -6.163543 0.403343 0.162376 9.847088 8.799458 6.348708 -4.968059 -4.942099 -6.014781 3.085885 -2.328322 4.869516 0.091664 4.828981 -0.690360 -4.644659 -7.562455 -3.196469 -4.256090 1.463949 -0.872568 4.253974 1.195545 3.671868 
3976043495807494678.mp3 :-140.252603 72.586031 11.231494 26.138423 -1.128372 9.841411 -0.831065 6.294306 -3.827192 6.406623 -1.884416 6.352111 -1.203761 1.620728 -1.739824 -0.865646 -2.995159 -0.358839 -5.089373 0.671672 -1.789878 0.859314 -7.167517 0.282676 -4.454082 1.292919 -3.213149 1.569254 -2.486877 -1.642838 -6.832626 -3.593499 -3.495417 -0.044772 -5.577082 0.279394 -5.044456 1.056338 -3.085485 -1.562654 
3992227031552975918.mp3 :-34.279200 78.031242 1.835670 11.069117 -1.060143 15.052739 1.081717 7.908620 -1.650119 4.150192 -1.810208 2.896790 -2.698249 1.105573 -3.561088 1.063345 -5.688820 1.528039 -2.950871 2.901403 -1.611233 1.996352 -3.391048 2.702847 -1.410140 2.245841 -2.565244 1.639798 -1.150255 5.711879 0.629796 1.961614 -4.150751 0.101627 -2.743410 1.994436 -2.035502 2.774198 -1.557829 0.502997 
3985222141036386027.mp3 :-147.458504 123.784157 11.729319 20.740520 -2.540795 -4.906440 3.483819 -2.856257 -19.040269 1.943475 -11.601267 -4.859981 -6.248300 -5.943550 -6.476209 -0.477122 -3.351354 4.730765 -5.709762 -3.578852 -9.057938 0.085869 -5.447224 3.429089 -4.885775 -1.759527 -6.397880 -5.428749 -10.348981 0.268653 2.717007 4.277679 -3.722209 -1.870540 -1.616925 0.015352 -7.136379 -2.346999 -4.493271 -2.759930 
3978201526184321950.mp3 :-103.275256 87.490843 29.534701 24.112491 16.958845 14.643430 8.656975 6.837869 -1.657482 5.214598 -2.504772 4.637215 -4.128921 4.815458 -3.268649 2.801111 -2.371714 6.563278 1.222021 5.772744 -2.109843 1.647036 -2.112142 4.445898 1.328589 5.225542 -2.158005 1.152306 0.194392 3.075181 0.579204 0.250110 -4.195984 0.081225 -1.518350 1.540544 -1.884431 1.644498 -3.092366 -0.475833 
3978619766695017808.mp3 :-43.660609 74.180393 0.156446 18.992780 -2.027191 15.521519 -4.581918 7.178439 2.360239 3.819187 0.503271 5.494844 -0.686794 6.319004 7.151585 12.654848 4.047533 5.966030 -2.583333 2.052821 1.409261 8.095671 0.820134 5.585886 -3.052267 0.877738 -3.560244 1.181936 -3.671466 0.883097 1.286757 6.160943 0.380763 -1.247244 -7.143218 -3.394913 -7.687191 -1.356184 -1.535926 -0.980051 
3970327248595033843.mp3 :-92.634020 99.617542 16.910835 41.085011 -0.014403 21.649851 -0.613061 -0.687853 3.156876 0.613351 2.113911 -1.704896 -2.699018 3.517587 -3.114195 5.208443 -2.228924 0.723916 -3.850851 0.399485 -1.608883 0.882220 -5.186782 -1.702233 -5.872902 0.313786 -2.712145 0.946665 -3.322072 -1.812566 -1.573964 5.461100 -0.210674 -2.337974 -4.783651 -0.456699 -3.355467 0.382002 -4.026413 1.193973 
3981281376948185467.mp3 :-70.452761 116.272388 16.843269 23.722135 9.909655 5.952086 0.163406 9.281091 -11.961589 1.585090 -0.218620 -3.835109 -4.330458 -2.327991 -4.845989 -0.015210 -3.233753 0.115606 -2.689074 5.194862 -3.548917 7.067091 -7.632133 4.556365 -8.912707 -1.273965 -5.447861 -0.082565 0.026079 8.578901 0.879331 0.043363 -5.524469 -0.869755 -2.803003 -0.202231 -2.362890 -0.325290 -3.661423 -0.049079 
4010773949260279449.mp3 :-64.593359 68.841694 22.712180 26.154567 13.192150 13.731105 3.401975 12.106019 -4.167797 8.992330 2.069417 5.132112 2.380634 5.819744 -0.579940 5.222516 -1.032632 5.100264 -1.087917 3.998020 -0.549942 4.197884 -1.251998 3.233397 0.055753 5.775616 0.191158 3.200769 -2.597960 1.780737 -1.108786 4.731903 1.569231 3.608291 -0.645023 2.027502 -1.655657 2.143204 -2.803940 0.987381 
3985502541250153118.mp3 :-140.011365 112.217898 17.021173 16.865307 2.159415 4.929140 -4.770160 6.353493 -8.040946 1.942894 -5.144838 -2.360107 -9.489765 -4.728853 -1.778218 -1.412179 -7.068387 -0.065148 -3.628629 -0.478141 -5.603427 -2.258070 -6.456907 1.242090 -3.390616 1.192376 -5.447992 -0.988200 -2.420018 0.256031 -3.562428 2.430778 -1.587645 2.115098 0.913434 4.772826 1.514220 1.929637 -2.923090 -0.889369 
4021617244435796932.mp3 :-96.428538 107.174490 11.939227 25.359722 -5.508880 6.159561 1.661633 9.986863 -8.270290 4.754124 -0.141521 -0.130731 0.384140 2.150140 -4.946125 5.375961 -1.483340 2.697047 -1.395334 1.175278 -3.078977 -3.414373 -2.970776 1.636245 -2.207002 1.285057 -1.445908 0.684342 -6.901066 -2.241788 -2.506089 3.311300 -0.770455 2.205298 -3.134198 1.205929 -1.142158 0.272225 -5.827224 0.034566 
4006706150427110370.mp3 :-198.316783 105.818685 6.054824 36.893317 7.454059 4.933321 0.216145 3.299567 -10.444481 2.356445 -5.372555 -2.296494 -4.035406 -3.872296 -6.975418 -0.059878 -5.555395 0.008272 -3.850291 -2.269964 -4.113356 2.572724 -4.707648 -1.589256 -3.317923 -4.128679 -6.039174 2.526921 -1.379423 -0.484855 -4.899776 -1.160559 -1.898168 1.381967 -3.334900 -1.491142 -4.736573 -2.065770 -2.963808 0.406063 
3954629771126936652.mp3 :-342.075454 193.364268 -8.675006 4.406543 11.739141 -3.645607 -3.210595 -1.849922 -4.118312 -6.030456 -6.963878 -7.104679 -8.186645 -7.976337 -7.424861 -6.529815 -0.591031 0.268027 -7.775636 -7.368446 -4.420039 -3.446457 -4.817316 -6.969549 -6.823073 -4.980460 -5.789525 -4.510875 0.811175 -1.408773 -6.596103 -2.958840 -0.528450 -2.060371 -2.970974 -5.728834 -3.642031 -0.333958 -6.191936 -6.088068 
396491137469082546.mp3 :-98.518962 112.845988 -14.593759 29.632182 8.288170 6.785571 -3.216741 5.965987 -2.752513 1.682134 -3.021881 3.548654 -2.284709 2.959892 -1.192994 -3.191935 -7.954906 -2.051739 -4.585798 1.116617 -0.970737 5.131980 -4.333838 1.206152 -1.928577 -0.474281 -1.258950 2.117219 -5.283432 -4.650668 -5.943600 1.673959 3.131063 4.226370 -6.893612 -0.422502 -3.815292 2.859188 -3.277800 -0.120685 
4005228963341573189.mp3 :-68.225389 74.505370 13.986002 23.776631 9.805270 8.889082 -0.190232 4.154124 -9.252898 3.231733 -3.357485 1.052122 -4.144412 2.099901 -4.518829 2.749825 -4.468268 2.965464 -1.659010 2.763745 -2.653985 3.942735 -4.500805 0.660625 -3.594756 1.516357 -3.618210 -0.266169 -5.548523 -0.265327 -2.488799 -0.105674 -4.717309 -0.390687 -2.697320 1.982792 -0.692762 3.152491 -2.053027 1.434304 
3961053148054633255.mp3 :-152.671980 133.246131 -6.571012 46.873055 -1.535748 17.474943 0.985301 6.600585 4.502062 7.588179 2.197676 8.303332 -2.323041 2.560132 0.702990 3.272615 1.874724 3.291741 0.377642 2.215893 -0.771519 -2.415545 -2.283104 4.664820 -0.756740 3.935233 0.706034 -2.230540 -3.657883 -0.137243 -0.118876 1.464550 -3.295912 -0.633135 -1.616475 1.034720 -0.431039 0.414851 -1.634218 -0.801166 
4017909665133722468.mp3 :-122.214898 99.975473 13.884094 28.485097 4.353382 5.546794 -1.562290 6.967306 -10.888896 1.378831 -5.067721 -3.362511 -3.016451 -3.200806 -7.720085 -2.476007 -7.976058 -3.966102 -7.935860 -4.738300 -8.475147 -2.732510 -7.542179 -3.208618 -8.604636 -1.964408 -7.060340 -1.739269 -4.072743 0.485631 -2.423421 1.416089 -2.131120 0.152525 -2.593132 -0.126684 -4.164520 0.022894 -2.594486 1.827019 
400339568876407160.mp3 :-188.949778 105.988529 33.955352 -7.718683 18.710856 2.142440 20.642985 -0.752512 -6.355571 0.829990 -9.837242 3.036797 -7.359433 -0.895805 -10.879427 -2.102104 -8.468132 -2.184317 -6.631787 1.293093 -5.554217 2.833928 -2.147161 -2.318299 -6.217494 -2.738356 -8.562052 0.283767 -4.784402 -2.485156 -6.601402 0.122072 -2.644989 -2.562394 -9.610152 -7.974008 -9.792588 -3.662901 -8.836536 -0.482346 
3998243218516559366.mp3 :-245.483810 130.108777 46.007045 24.534286 11.322064 0.495245 -1.751980 1.654220 -11.832238 -4.122343 -8.349952 -5.999943 -9.659888 -3.513351 -5.049994 -0.336915 -5.202655 -0.369840 -5.206698 -3.666713 -5.879059 -1.801395 -6.075623 -3.218791 -5.151203 -3.101760 -4.725079 -0.321262 -6.017482 -2.480965 -3.382479 1.585295 1.243350 -2.132539 -5.393675 -3.557753 -5.026715 -3.231924 -3.714924 -0.362791 
4019572725316811569.mp3 :-103.597277 111.620203 7.066139 35.093229 1.522095 9.364023 -1.093650 9.144731 -11.718476 2.056032 -7.330198 1.490878 -5.370045 -3.168442 -7.566446 4.734751 -3.086303 -2.086744 -0.947329 -4.992516 -7.557541 -0.370806 -1.750568 -3.084392 -4.330175 -2.563872 -8.841967 -0.282126 -0.046215 7.405197 -1.766444 1.518315 -1.867570 0.986486 -2.346943 -3.063283 -7.520264 -2.552153 -6.035258 -3.309433 
3993032501104046205.mp3 :-113.597958 78.812376 19.345933 29.937609 -2.450917 5.193680 7.308970 -7.690306 -7.882045 4.176526 -11.881208 5.520145 -2.744093 3.681659 -2.894991 5.643132 -3.894104 2.273470 -12.160699 -9.448835 -4.969283 6.978692 3.953068 2.580209 -6.820155 -4.148782 -6.374363 0.185587 -8.099420 -3.438991 -2.115488 10.606487 1.944559 -2.421091 -9.197139 -4.436088 -8.220305 -1.531539 -3.637648 -0.289742 
4000995849693484444.mp3 :-186.917796 139.710641 -8.115658 22.726229 3.323681 -12.492494 -6.882899 6.844879 -27.215264 -10.484525 -4.877668 -18.129516 -4.702683 -9.316492 -12.063855 -5.989394 -9.030325 -6.338832 -8.035249 -1.258473 -10.456285 -0.969905 -7.234759 -6.694217 -9.497270 -1.066890 -2.795304 3.087851 -0.950790 -1.494248 -1.978976 -0.143480 -2.962733 -2.389853 -6.745081 -6.658912 -8.318512 -3.714266 -0.716691 3.463885 
3958571171069516589.mp3 :-127.417306 87.295109 -20.709911 30.978877 -9.371853 1.785740 -4.538463 -18.104811 1.263300 -1.053862 -7.011703 -3.638883 -12.263982 -3.071556 -10.371454 0.488895 -9.145590 5.286961 1.715880 1.193883 -2.439933 -1.111279 -5.514308 0.063110 -1.061477 5.463729 -3.314114 2.235443 -4.881820 -4.064622 -8.667300 -2.556533 -2.781649 1.268678 -2.504947 -0.443988 -5.257338 1.351402 -0.495717 -1.695553 
4009526125093704354.mp3 :-85.466985 55.735743 7.003067 25.046903 -2.198023 8.984072 -0.400040 3.955384 -8.503459 3.422782 -3.676853 1.160131 -1.760111 3.414144 -3.724093 1.275088 -3.697406 1.814553 -3.470727 -1.532962 -7.216436 -2.429698 -6.888973 0.783202 -4.764548 3.290355 -0.217025 3.195001 -2.888458 0.271199 -3.571003 5.182971 2.696510 4.167875 -2.631160 1.437031 -2.334595 1.639552 -2.294725 1.956686 
3977385616692530060.mp3 :-66.274539 58.731017 5.775145 28.233486 2.982506 13.913029 -2.095809 9.746711 -7.597664 -1.013760 -4.934010 1.804894 0.830815 1.617456 -1.853637 1.597593 -4.994958 -4.629329 -7.496172 -0.889881 -3.073536 4.142346 -6.093508 -0.407636 -4.979943 3.249236 -1.581412 3.721128 0.012075 -0.225165 -3.693534 2.504817 -2.643217 -1.134464 -7.929217 -3.926983 -7.850365 -2.686585 -4.602207 4.657966 
3969187042056886080.mp3 :-46.980766 77.369586 6.863701 13.522438 3.142528 6.399959 -1.746650 2.969145 -6.093124 3.230760 -5.168759 -2.289281 -7.367842 -5.661010 -8.613035 -3.713051 -8.501210 -2.604701 -8.838757 -2.411553 -7.084635 -1.920128 -7.008170 -1.402191 -5.500205 -1.961129 -5.652073 -0.277541 -2.370839 2.256336 -6.141096 -3.194267 -5.018138 0.478895 -2.556422 0.008390 -5.279484 -2.215087 -7.039750 0.068391 
3979098822911072125.mp3 :-129.264728 94.859892 23.823497 37.581824 19.331609 10.182007 3.321177 5.770638 -2.404493 7.453424 -7.693592 -2.419501 -5.009525 -1.423997 -4.495489 -0.577661 -6.240385 -1.715932 -5.602039 -3.123278 -0.116716 -0.448001 -5.257811 1.566864 -5.272224 -0.517278 -5.467377 5.824592 -5.321558 -2.707730 -5.773400 3.958575 -3.139310 -2.020707 -3.977738 -2.574553 -5.057745 -1.177367 -0.697590 0.177500 
4017525383377472793.mp3 :-75.317066 93.554509 0.184097 31.163631 4.441629 4.267043 -0.456402 6.942671 -11.481594 -0.781467 -5.913752 -1.530031 -3.169983 -2.060904 -9.776425 2.883125 -5.060544 -1.748784 -2.145409 -0.040920 -6.989591 3.848920 -3.537189 0.451255 -2.951947 0.854408 -6.682446 0.290885 -4.060208 -0.367815 0.571474 4.745890 -2.237204 3.383134 -4.724303 -0.548292 -4.709722 -1.168695 -3.352686 2.871897 
3987934666649941946.mp3 :-83.094186 62.824596 8.773277 17.428505 1.869549 8.633998 0.320398 2.923563 -3.347439 3.729390 -8.305565 2.410470 -6.081133 2.213399 -5.902380 0.928869 -3.743639 1.142504 -1.533443 6.397580 -0.420663 1.199134 -3.394509 3.354015 -1.518581 4.037300 -0.244682 4.755189 -2.721533 1.620416 -5.913866 -1.630892 -4.313398 0.310519 -2.473886 1.764733 0.147602 2.547446 -1.181360 3.168149 
3982073840055699527.mp3 :-140.877607 62.561156 -6.720258 13.422241 -0.452271 13.046871 0.256590 9.820654 1.248166 8.117077 0.302963 8.932338 2.220423 7.796953 1.972150 8.508852 1.123597 6.482207 0.740176 5.300334 -0.649904 4.712608 -0.319984 5.562142 0.877402 4.435634 -1.673927 3.448761 -1.872519 1.283489 -1.680860 2.879825 -1.642286 1.925557 -3.257675 0.765109 -2.656247 1.350897 -2.389478 1.031311 
399212975208825332.mp3 :-59.328627 78.415533 16.772216 13.384513 4.171134 6.931840 -0.131842 5.077480 -6.068657 5.046676 -6.568415 -4.697884 -8.641687 -4.006227 -7.661363 -3.411526 -9.205319 -1.866671 -7.024613 -0.916804 -3.805313 -3.935939 -7.223186 -0.347048 -5.586703 0.508710 -3.066189 0.058741 -3.920793 2.360014 -3.837350 -2.404457 -6.153195 -1.596865 -1.775522 2.665264 -2.437761 2.592889 -1.645016 -0.991260 
4012864785256422548.mp3 :-300.445516 179.225855 7.499664 63.134403 31.424962 11.992416 7.007526 4.038821 13.941863 4.158235 1.103114 -1.664467 -0.556011 1.410670 -1.068179 -0.996841 -3.621348 -10.248114 -7.618833 3.287858 -1.546989 -9.564634 -5.286229 -4.874442 -6.265325 -4.557555 -1.419695 -3.070728 -7.768786 -2.740049 0.126615 -2.505789 -4.298341 -4.725381 -5.125177 -6.333537 -2.610222 -0.368379 -2.172354 -4.344644 
3987284501867160165.mp3 :-99.289250 96.362019 4.747983 29.271642 11.541994 8.520065 0.734140 11.505757 -7.699885 3.216173 -0.343099 0.460542 4.711892 2.215183 -3.798185 6.258934 -3.814610 0.606830 -3.159712 1.647098 -3.561348 5.857133 -2.758229 0.519075 -5.524206 1.958159 -3.415892 5.030099 -1.569948 1.052056 -4.589412 2.661621 -0.895181 2.079056 -4.563535 -2.990527 -6.274957 -3.315967 -2.748429 2.023396 
3984650965595775226.mp3 :-103.171224 106.477839 7.690901 30.753814 13.339391 -2.339353 -1.961610 9.287935 -11.063931 4.741822 -3.530194 1.046058 -2.596983 2.751885 -5.513344 0.406729 -2.374687 -2.085313 -4.693226 -1.003609 -2.054637 0.984508 -3.821468 -1.658107 -6.489304 -0.690440 -3.829704 5.615357 -0.962975 -0.007362 -3.145448 5.002999 -0.397793 0.254664 -5.894466 -2.408125 -4.948398 -1.158931 -6.985682 0.295143 
3958140359377249011.mp3 :-67.434850 79.847515 -13.038604 51.668469 8.767436 4.462345 1.888264 16.521771 3.817975 1.931747 -9.889774 7.952793 -3.080859 -2.470709 -4.992679 -1.571092 -1.661239 -1.420786 -12.171131 5.499771 -2.304735 -1.414533 -5.001743 -1.235808 -4.884491 0.761339 -3.652198 1.547064 -4.061224 0.008586 -3.142777 1.099615 -3.210192 -0.250964 -5.469331 -0.591890 -3.246833 -0.564526 -2.154590 4.819503 
3988982576495612837.mp3 :-151.106737 97.079460 12.959952 30.714450 -6.565614 -6.253435 -8.217599 -1.692837 -9.857627 -0.313014 -6.389216 -4.327952 -7.006528 -4.897395 -6.378704 -2.114653 -5.129101 -2.539777 -3.924871 -3.179556 -2.846016 -0.419227 -5.975011 -1.477511 -4.829953 -2.068961 -7.057648 -0.310915 -5.407936 1.942297 -2.480761 -1.499400 -6.699073 1.059251 -3.385345 2.062591 -4.006415 0.492686 -2.462830 2.019886 
3970508862420831918.mp3 :-104.529969 118.419267 20.104855 19.116685 9.947715 -7.535968 0.872635 13.231955 -10.496610 10.252676 -3.960854 0.502966 -4.529655 1.359279 -7.784710 0.033511 -5.315762 -2.644738 -3.850459 2.710034 0.414927 4.447003 0.290381 1.574937 -3.631999 -3.016699 -6.487616 -0.776405 0.412453 8.013840 -0.933652 -0.661812 -7.172034 0.545949 -1.990503 1.249927 -3.054805 -0.024362 -3.486243 -4.164067 
4012904882485929673.mp3 :-128.461924 87.528442 -1.387599 16.334409 -3.617923 11.530040 -1.263053 7.872956 -2.113188 4.647183 7.423638 4.109736 -0.442884 1.278953 -6.715907 2.168462 -2.949941 -1.179043 -6.913314 0.781079 -5.331534 -6.912662 -4.842153 2.814237 1.062806 4.279554 -1.697744 4.849004 -1.800304 -2.136606 -6.047323 -4.641093 -2.708187 4.526659 1.689374 1.579926 0.306782 2.621226 -2.960622 1.620858 
3952438988730375595.mp3 :-122.710470 84.411256 7.695961 25.434925 2.413023 8.241142 6.715314 -5.101569 2.126218 2.322958 -4.170672 2.674053 -5.455690 4.643395 -3.486255 6.586254 -2.078305 4.180517 0.482837 2.226173 -2.181161 2.679268 -2.944789 4.814145 -1.225550 1.389978 -4.293615 1.589615 1.513308 2.348763 -8.395729 -3.059468 -0.982819 4.828824 -1.202303 2.422202 -4.633491 -4.174737 -6.174600 -1.559154 
