2098877189761908283.mp3 :-162.882853 44.846151 28.236068 14.863573 15.114549 2.515980 8.416353 2.856049 -4.193401 10.724569 -7.879983 7.283201 -5.323193 -0.065815 -6.896458 1.518727 -1.416282 5.767479 -3.751211 2.408543 -5.444840 2.849865 -3.648159 -0.306280 -5.837329 1.722790 -7.696934 1.287944 0.620244 3.034778 -2.518864 3.044755 -2.615174 2.943896 -1.232331 1.426433 -4.200627 -0.283857 -4.669665 -0.566654 
206835050344372682.mp3 :-138.489318 67.172235 5.746631 22.321523 9.099166 3.542379 7.026989 4.656954 -6.891988 14.640562 -8.035950 4.051473 -3.223540 3.014937 -2.731365 8.912421 -1.887439 4.390299 -7.188329 -4.990944 -5.467660 2.757282 3.760280 4.612240 -5.272414 -3.067621 -8.761836 -1.586778 -1.701872 2.192263 -7.210921 -0.050109 -1.066812 4.578195 -0.922138 -0.356877 -6.385798 -1.789088 -10.942957 -6.011487 
2092565843602260115.mp3 :-74.118098 83.690103 4.410415 19.665868 0.338184 -1.608297 0.602786 1.554341 -10.529058 5.928979 -7.477806 -4.752331 -8.519564 -1.890460 -5.969020 -1.340631 -5.092612 1.486792 -6.748762 -1.994062 -6.248490 2.637003 -0.947688 0.643001 -4.602579 -1.836872 -1.627836 1.144641 -6.583371 -3.099332 -2.172594 1.706018 -0.780908 -2.432658 -6.678895 -1.637218 -4.923487 -0.069842 -2.306569 1.244934 
2130927658731349289.mp3 :-126.704715 108.545725 -13.074983 19.593072 -5.365164 6.353434 0.992182 -1.453911 -7.897415 3.864026 -9.394016 4.929428 -6.776808 3.214278 -6.872597 1.344138 -5.563786 1.768381 -6.934413 -1.980607 -7.480145 0.960328 0.181630 1.312977 -7.359092 0.119571 -8.807350 -1.090131 -2.653390 -5.461001 -11.498377 2.438773 2.252014 3.365957 -2.896626 -1.039317 -8.466460 -4.139338 -4.610154 -0.650784 
2100071537582113678.mp3 :-50.391079 88.809884 2.098013 24.025922 2.525960 2.111687 2.650453 -1.817852 2.226810 0.010968 0.304721 6.984954 0.100827 6.045318 -1.942296 5.451649 1.441126 6.009348 -1.733134 3.071143 -3.787202 5.607349 2.966877 8.798713 1.826460 7.864723 -0.663950 -1.644192 -2.630717 9.090171 2.952739 2.003392 -5.279270 1.117971 -0.117598 2.998302 -2.555216 1.581656 -2.945801 0.074611 
2127220907441857881.mp3 :-153.970989 149.842731 5.361011 21.545101 19.170359 -0.503595 5.478757 1.683634 -4.877167 2.859238 -4.608980 3.633569 -5.032186 0.061878 -6.824904 -0.727455 -3.263152 1.913108 -6.083177 -2.155063 -6.243959 3.634138 -1.346692 -1.079895 -9.546854 -3.418286 -7.160969 -4.394131 -9.111313 -0.172643 4.989932 2.067548 -5.164286 -3.298252 -5.188570 -2.090861 -3.730529 0.087842 -8.440585 -4.486133 
2081126450125085146.mp3 :-99.865796 107.192831 6.753589 32.544015 6.054939 -0.880392 6.877838 7.971329 -3.231539 15.235458 -0.773944 4.622719 3.069671 2.465040 2.892919 3.474167 -1.274586 4.782107 -0.988282 4.123348 0.191239 2.248303 -6.252132 -1.012746 -5.756232 2.311915 -2.488974 4.582004 2.218439 2.846656 -1.517616 -2.792230 -2.925540 2.173473 -3.121114 1.456734 -3.495719 0.649885 -1.687166 0.601234 
2123425362482675361.mp3 :-186.419635 121.207027 0.075599 17.623804 7.912815 2.866412 -0.056176 -0.052813 -6.845727 1.053307 -2.176796 0.419505 -6.405364 -3.799758 -7.964667 -0.618321 -2.489336 -2.510909 -6.989848 -1.527821 -3.731667 -3.724008 -4.963249 -2.613204 -5.070234 -2.487647 -5.529464 0.576148 0.630364 -0.009365 -7.005294 -0.850851 -2.342277 1.586674 -2.361728 -1.136837 -5.068696 -2.425294 -5.776048 -1.683015 
2100524940718297374.mp3 :-96.975865 94.738047 16.601592 28.179811 4.140464 11.345200 4.308721 3.857131 -5.103573 10.434875 -8.782096 6.790727 -4.378255 -1.584808 -0.748337 1.742529 -2.841038 -0.976094 -6.260332 2.740337 -3.275138 -0.412622 -5.555030 3.252414 -1.951015 4.492397 -0.433384 5.944325 -2.770486 -2.067831 0.128609 6.592427 -1.526484 2.697313 -4.096576 -1.464566 -1.994740 0.635907 -3.190381 4.083489 
2073404911185584424.mp3 :-85.203812 70.480039 16.782548 30.605525 8.744995 14.326622 1.348037 15.046844 -6.429184 3.862145 -1.923459 1.408315 -4.218077 -2.644151 -7.490399 1.368374 -8.506406 -0.417358 -4.617739 -2.146331 -7.361220 3.117744 -6.217490 -1.274714 -6.306248 -1.881958 -8.156730 -0.863773 -3.963046 1.407754 -2.812283 -0.284625 -5.298007 -0.807420 -3.736376 0.281198 -3.964259 -0.772640 -5.474397 -2.617135 
2121903436844284131.mp3 :-103.708209 103.853162 19.264066 33.194944 12.555639 6.640468 0.711019 8.348535 -5.648027 4.440027 -5.355183 -1.437174 -4.995822 -1.103986 -3.859544 1.673615 -5.275968 0.474440 -3.935042 0.779849 -0.655718 5.105052 -0.243043 2.101695 -2.933847 -0.742710 -2.142445 2.137949 -5.703087 -5.045362 -2.373373 2.656788 1.159788 3.649297 -1.628972 -1.320138 -3.032527 0.766410 -3.260062 0.043468 
2061711967168783368.mp3 :-143.400296 90.133374 -1.673279 15.336396 1.888410 -8.136687 12.335856 -5.958050 2.524684 -8.743848 -3.555947 0.581160 -6.490781 1.267289 -9.372188 4.035494 -7.316179 3.163554 -4.117257 1.589967 -3.530645 0.001462 -5.241193 -1.813807 -1.329800 -0.057996 -2.804384 0.483558 -6.407094 -1.263393 -0.375613 0.725001 -7.134075 -1.710725 -5.212145 -0.506837 -3.701460 3.953638 -1.253582 1.408048 
212337556226051679.mp3 :-117.069763 98.547242 10.723877 29.013940 -4.612207 3.332865 -3.426463 -6.002250 -6.531445 -1.193345 -10.280764 -7.805479 -8.449416 -3.937909 -7.592009 -1.112777 -3.124989 1.520910 -4.157474 0.960341 -6.847038 0.387475 -6.277198 -2.489573 -10.957120 -1.716854 -6.986721 2.116987 -5.023105 -3.785642 -6.089819 -3.148449 -4.624436 -0.429242 -4.020404 -1.962188 -6.748298 -4.027714 -7.688982 -3.368403 
2064770345759037768.mp3 :-112.819677 76.051485 12.073578 22.762748 10.614462 8.527509 2.590500 1.378244 -2.554559 6.400799 -8.785572 -1.605585 -7.612471 3.017406 -5.132717 2.258848 -5.824729 2.737953 -5.264335 1.501398 -3.576882 1.569386 -3.220180 2.653432 -1.901263 3.837764 -4.188774 0.065873 -4.227205 1.118803 -3.827980 0.735689 -5.632682 -2.342005 -3.874104 2.174868 -2.050743 2.702927 -3.895357 0.472133 
2127563096020248799.mp3 :-106.683918 81.174755 18.205862 38.207589 -0.311195 18.832364 2.202524 1.020163 -2.074071 11.014795 -3.966626 7.087216 -4.418440 -0.309597 -6.015917 -2.030251 -6.609944 0.154408 -6.619066 0.012053 -7.016341 1.103515 -3.892609 -1.170346 -0.606896 2.108162 -3.577320 1.034871 -7.313401 -2.270484 -5.670771 0.308737 -1.602312 1.771675 0.569113 2.143003 -1.844740 0.900445 -5.495227 -0.074278 
2120015782119278304.mp3 :-188.305675 77.079505 -10.101875 16.639190 -3.305653 2.358374 0.568391 -5.948509 -10.285866 3.074787 -11.588762 -0.316729 -10.339186 -6.223567 -9.541142 -3.550230 -7.369334 -0.365186 -7.548661 3.334832 -5.922076 -3.519434 -6.574961 -2.283251 -3.932449 1.341133 -5.007019 -0.399041 -0.277234 0.539005 -4.538835 -6.971074 -9.497825 -1.045112 0.212105 4.215672 2.303459 0.792572 -2.921411 2.162410 
20809848588088354.mp3 :-156.865103 87.840046 7.801913 33.844240 7.299974 12.773954 -4.504823 3.206911 -8.584450 -1.352291 -8.007180 -3.572828 -6.106425 -4.118352 -5.699669 0.388008 -7.883874 0.436471 -6.654982 0.711496 -5.507793 0.199459 -5.163177 -0.598335 -4.049478 -0.280738 -3.141651 5.844877 0.822480 4.997017 -0.597529 -2.808254 -3.360368 2.746843 -2.697208 2.459973 -2.032204 -0.901528 -1.822656 0.742785 
2132737434775380392.mp3 :-331.862335 104.947649 12.175602 13.698693 1.655589 -2.352890 -5.718541 -3.503636 -15.146854 -12.376895 -13.255744 -13.384772 -12.315542 -8.197828 -6.244666 -4.351727 -4.217369 -1.770779 -2.924923 -7.049722 -6.968301 -2.904981 -3.429260 0.963808 0.791499 -1.012630 -4.294202 -2.816861 -3.138469 2.908878 -0.837132 -0.739390 -0.890264 3.115412 2.546386 1.402212 -1.154265 -2.831393 -5.505290 -2.569199 
2094755761489369565.mp3 :-154.960843 88.604896 -19.258580 39.553010 -8.076712 8.860772 -3.231279 -4.752770 -0.550902 0.424929 -7.643285 4.538141 -5.565533 -2.318374 -2.075847 -2.007515 -2.762260 0.166153 2.715148 8.080326 -3.201743 4.578751 -7.313196 -1.705531 -0.980868 3.144523 1.135403 4.474586 0.312962 4.427061 -4.323828 -0.939409 -5.699772 1.750384 -0.459739 1.274796 -3.486955 0.628225 -1.464758 3.056413 
2099406561253434752.mp3 :-218.463017 123.790617 21.613472 10.586754 5.909430 1.859338 -2.784607 -0.804711 -7.323222 3.681615 -6.793591 4.479323 -2.836157 -6.666496 -9.898634 -6.401263 -5.732591 -2.414019 -8.234743 -2.623364 -4.611618 0.625795 -1.854610 0.974453 -1.011733 -0.229156 -7.668108 -4.274135 -3.833371 -3.313278 -8.900325 -7.123554 -4.586504 -2.025948 -3.440823 0.789824 -3.705960 -1.036817 -2.594767 -0.430589 
2137953407499228301.mp3 :-111.913109 83.951621 4.432147 27.069463 -7.537255 12.024791 -0.412595 0.892466 4.015598 1.164355 1.188197 2.244746 1.944060 3.627487 -1.825514 7.691647 -0.174031 8.878882 4.670020 4.642964 -3.747153 1.017923 -2.681753 1.470357 -1.691572 3.341000 -0.766770 4.194406 -6.175901 -2.680210 -2.317300 3.507149 -4.162419 -0.898889 -4.650169 0.937243 -1.377433 4.857385 -1.668536 1.054714 
2058891173771673546.mp3 :-124.277152 97.966214 24.876594 24.095037 9.986279 8.656258 -2.044852 3.475514 -5.967141 6.243051 -8.841481 -4.470491 -4.546000 0.593160 -6.298575 1.787428 -2.128944 3.228728 -6.241840 1.843569 -6.386696 1.991267 0.727978 0.110011 -4.439073 0.630330 -3.278446 2.594724 -3.112124 -1.697512 -4.146043 3.978345 1.550039 3.010410 -4.302205 -2.305941 -6.340547 -1.511274 -4.444717 0.073229 
213605584341010648.mp3 :-206.066080 127.401745 30.122250 26.298788 4.510276 2.455923 4.493038 -8.416325 1.383163 -4.596080 -4.158854 -4.074196 -5.858147 -1.082621 -11.453914 -2.527278 -4.773679 1.635929 -1.964304 2.864632 -5.042929 -0.041358 -3.264646 -0.286825 -1.453787 1.912698 -5.806390 -0.274233 -6.275357 -1.768861 0.514810 1.724282 -6.543293 -2.528163 -5.297813 0.479563 -3.770646 -0.613266 -0.506659 -0.881368 
2071392251046810586.mp3 :-261.334319 142.828092 -6.637955 24.696007 3.584963 0.793649 -3.837313 -1.149430 -12.301256 -6.549841 -11.111257 -4.812364 -6.957198 -8.332132 -6.348528 -6.331389 -5.059002 -4.786222 -4.248017 0.890961 -2.617874 0.566875 -0.307678 0.810840 -0.392795 -0.830667 -3.704208 -5.362921 -7.641344 -2.955547 4.190072 5.915962 -1.396027 -1.429724 -2.767539 -1.237495 -0.909286 -1.160331 -1.264330 1.431975 
2066590175455619983.mp3 :-90.136688 85.402152 2.395822 33.742347 -8.996931 25.490823 6.762870 11.111519 -0.151481 7.596873 2.740493 0.037648 0.680488 4.721924 1.673500 4.706316 -1.193327 3.001420 -3.971393 4.904507 -0.795155 0.517486 -3.617549 3.976211 0.594003 7.480431 0.683032 1.863005 -4.481420 0.206920 -0.790208 2.122434 -2.203035 -0.760898 -4.215658 -0.254448 -0.411975 4.634187 -2.012955 0.357035 
2095902092392419701.mp3 :-218.722553 139.467744 5.635145 20.313422 3.605676 2.102643 -6.602877 4.663001 -12.637971 -0.164989 -3.979406 0.907841 -2.395620 -4.014499 -3.812264 -1.749225 -5.841160 -1.570562 -5.847392 -0.978461 -5.401672 -3.430488 -7.237072 -3.333317 -4.853008 -1.566154 -3.280793 -1.428046 -3.120961 -5.596774 -8.768158 -1.405350 -3.077479 -0.439718 -1.968825 0.200806 -3.234320 -0.568724 -2.862389 0.937941 
2116428413936806574.mp3 :-145.866669 93.004089 10.431477 29.746551 7.205317 5.535071 1.408896 4.008613 -4.246394 5.249718 -5.490818 1.134643 -2.215084 -1.261544 -4.086295 2.482893 1.563699 7.608180 -3.844221 0.734575 -5.537440 4.458269 3.643538 1.357689 -5.706854 0.727423 -8.598538 -0.778682 -2.355895 -0.495281 -1.458834 3.260004 1.011914 2.802336 -3.990253 0.723743 -4.193241 -1.728228 -7.436543 -1.558974 
2077036402918215294.mp3 :-172.403065 72.003078 16.462049 28.270018 7.765776 7.311252 2.560131 7.397781 -9.977392 6.869438 -5.990208 3.946322 -3.251337 0.887455 -2.436593 0.977500 -5.655522 3.390669 -3.103125 3.648665 -2.377603 1.032523 -7.892708 1.348202 -5.201271 0.397628 -4.023887 0.297281 -2.881787 2.399857 -5.699257 -4.326139 -5.466384 0.400377 -1.967881 2.696540 -0.458621 1.268022 -3.123626 1.052085 
2056240547186368251.mp3 :-80.728511 91.494679 5.339831 35.459223 7.776755 6.598500 3.270340 7.427493 -8.732461 5.828048 -4.186929 1.608553 -0.164452 4.361869 -2.638874 1.853054 -2.767697 2.804593 -2.408498 6.263010 -2.235584 0.183520 -5.705444 0.214615 -3.841692 5.385448 -1.699430 3.394779 -2.376893 -0.051122 -4.277070 1.554862 -3.741880 -1.212241 -5.503371 -0.931944 -3.270408 2.669000 -1.270992 1.514611 
2060029734910697938.mp3 :-135.836637 90.411881 -11.823607 23.448862 -8.772222 4.608553 -1.957272 -1.899165 -8.004510 4.401865 -13.598797 2.622859 -11.527685 -2.055050 -7.957926 -1.110323 -1.400710 8.463009 -0.237524 1.172056 -5.861868 -1.589695 0.697807 6.300190 -0.640209 0.739725 -6.738290 -5.409102 -9.179467 1.454687 1.541279 3.270364 -0.975780 2.447923 -1.633416 2.572728 -4.442425 -1.695040 -3.853699 -1.436417 
2119795540422778397.mp3 :-49.338529 57.227794 -9.454654 29.398700 -7.397917 9.265089 2.298685 1.081147 1.668484 7.463907 -8.069370 3.355806 -9.582739 -1.357851 -7.890757 0.889173 -5.180831 2.473608 -3.106449 5.013186 -3.021919 2.820980 -5.330480 -3.774827 -3.384886 3.015998 -2.796800 5.342393 -3.065756 -1.071560 -2.644115 2.260771 -0.740535 1.422756 -4.914766 -1.555392 -6.383155 -2.232098 -0.243613 6.169368 
2130722042811882302.mp3 :-73.292908 74.197006 10.841940 23.166648 5.226144 17.797850 3.019767 0.612009 -2.254253 2.584341 -4.905837 3.269486 0.927709 0.182270 -3.820681 3.611452 -3.230023 7.022164 -2.901480 5.475516 -2.330695 1.833250 -3.874270 1.148728 -3.992371 0.065543 -2.204455 1.877144 -6.139968 -0.971508 -2.885913 1.774713 -2.306374 -0.720653 -5.153907 0.761632 -3.693504 2.056844 0.642647 3.715445 
2092390595599572554.mp3 :-258.362140 163.475671 8.143393 14.511850 4.531030 3.761996 -5.085318 -11.385287 -17.706309 -5.389202 -1.498062 1.649924 -9.004197 -10.628155 -8.153258 -2.922777 -6.496490 -8.481500 -11.313260 -3.638186 -7.382988 -7.173758 -2.319659 2.420463 -1.897270 -3.479884 -7.307242 -1.927694 0.126005 5.520174 4.353183 0.319372 -2.294210 -4.355676 -5.288236 -0.530657 -1.187578 -2.810486 -9.390614 -6.093411 
2112621844055981970.mp3 :-127.887888 121.403223 29.364912 29.915348 10.810617 9.323358 -2.348567 8.744313 -5.692874 0.473192 -3.251040 -1.756058 -5.859800 1.676243 -1.326610 2.269729 -5.814059 2.693453 -6.421598 1.993061 -1.809756 1.379787 -3.272839 1.218479 -4.607839 0.868551 -3.267137 -0.118600 -0.582202 5.542863 2.730153 2.359070 -7.101718 -5.489136 -8.785681 -0.197146 -1.263858 2.541328 -1.146504 1.032149 
2129863621388685174.mp3 :-82.806053 73.001865 -2.468725 32.119315 5.629174 4.141573 3.673953 -0.243417 -9.520159 3.232919 -7.681812 1.117956 -4.680859 -2.681546 -4.350382 1.229653 -0.895392 8.178551 -3.637892 -0.165873 -3.660413 1.491704 -1.761962 2.409536 -3.625731 1.389595 -6.166282 0.451367 -3.278969 1.185477 2.561310 1.999899 -4.959930 0.803189 -5.780156 1.167275 -3.921155 -0.590996 -4.534562 -1.142378 
2083228537115339376.mp3 :-135.560457 63.891957 29.719503 27.106013 0.591224 11.174329 3.068046 4.403760 -7.443490 2.142959 -12.067503 -2.121559 -7.933369 5.010707 -4.515586 -1.478561 -0.426594 2.844794 -3.843720 -1.030308 -10.965607 0.229485 -5.151756 -2.012201 -2.083750 4.148594 -2.515891 2.826602 -6.783203 -0.385153 1.312151 3.274349 -5.309700 -1.326098 -3.273429 2.665416 -0.346381 5.496094 -1.043097 0.192106 
2110471829136721441.mp3 :-74.305017 86.833132 3.941925 32.659597 1.771580 0.740500 2.576276 -3.478175 -1.174254 3.756978 -8.389994 2.807630 -10.893576 -1.428704 -7.440158 -0.498845 -8.495018 4.890404 -9.249002 2.628635 -7.066584 4.399458 -0.104854 0.441128 -3.132876 -0.077055 -5.656925 1.032263 -5.244422 -1.639142 -1.581780 3.754157 -0.973688 -0.228954 -7.325542 -1.932094 -6.718703 0.330790 -3.946902 1.164006 
2084189644529389218.mp3 :-182.544600 126.159846 3.742058 14.528693 3.625977 6.853806 -4.627605 5.316168 -6.333518 -1.342767 -2.502382 -3.001046 -3.458300 -4.938054 -3.226823 -0.050381 -6.817243 -1.478303 -3.242155 0.176971 -4.283867 1.782873 -6.185214 -4.225510 -9.406651 -2.902054 -6.828695 -3.423685 -7.478640 -1.726670 -1.468156 2.205327 -2.819684 -3.452745 -4.998417 -1.413049 -4.200734 -0.564384 -5.787367 -1.881043 
2121126674257931960.mp3 :-67.658857 88.371037 17.846353 33.303389 8.296622 11.901595 -0.248661 11.965186 -10.481807 4.143281 -3.335944 1.573081 -0.610358 0.066890 -6.670301 0.051589 -9.079168 -3.583771 -6.808246 0.230679 -3.368290 -0.729356 -3.844077 2.223006 -2.435226 5.528667 -3.315375 2.932394 -2.724434 2.712739 -0.337993 2.723275 -5.320699 -0.758060 -3.984734 1.335714 -2.360055 1.720608 0.233524 0.824076 
2123589047420103731.mp3 :-104.688639 110.986959 10.373997 25.379249 2.850567 1.377576 0.275289 -3.236793 -9.878163 -0.719884 -17.020015 -0.412482 -10.762186 -0.409711 -4.980222 -3.891673 -1.932679 2.156463 -7.175016 4.745846 1.875852 1.918355 -5.230534 -2.043882 -4.964198 1.612624 -2.461259 1.266423 -1.016337 6.624818 -1.304994 -3.110349 -7.826724 -2.513901 -4.269419 1.522001 -3.411107 -0.265036 -0.843595 -3.132083 
2118481136587529404.mp3 :-78.607096 89.206085 17.650837 13.694283 -4.223155 4.153568 5.534287 7.231786 -11.224534 5.697071 -12.842699 -0.886328 -5.457242 -2.152447 -6.642645 -2.545796 -2.780417 0.775316 -0.167756 -0.047233 -5.962444 -3.043388 -6.566018 1.319676 -3.611181 5.146725 -3.279362 3.483705 -5.714864 -1.445918 -4.010329 1.698655 -3.434550 -0.530547 -4.020686 0.759013 -2.483476 1.638611 -5.486859 -1.748001 
2053629266497632282.mp3 :-111.468163 104.835061 -22.878254 36.377935 -8.453761 19.540909 -8.580897 1.386833 1.400000 -1.234536 0.500489 -2.184548 -2.609793 -0.694049 -1.047017 1.879270 -2.031997 5.611916 -1.884324 1.537632 0.735217 3.202923 2.379317 2.369435 -3.086257 3.215546 -0.372908 4.616834 -0.870403 3.583488 0.417656 4.558371 -0.324797 1.535562 -4.560374 -2.357121 -1.296490 3.206742 0.630533 0.541495 
2131441588571488296.mp3 :-174.898628 98.384575 -6.640086 1.253852 -4.070361 9.160432 0.118752 4.366417 -3.339389 4.049834 -6.852196 2.995723 -2.264728 3.300104 -3.565242 2.565387 -4.252913 1.532801 -4.689899 0.429367 -3.820077 1.957934 -2.561492 3.518972 -1.494471 4.134229 -2.405715 2.496541 -3.572246 0.230779 -2.405207 3.406959 -1.779756 0.280233 -4.221143 0.127434 -2.889793 0.743053 -3.042296 0.835901 
2107592456662574816.mp3 :-106.653435 81.667039 25.490594 23.974943 11.777509 8.871407 2.225245 -2.781837 -0.904493 0.161228 -10.962281 -2.073234 -8.619950 0.076790 -4.987607 2.599187 -5.022992 1.257499 -3.578386 -0.298459 -0.995986 -2.506254 -5.676726 -2.909682 -2.773843 3.365926 -6.391067 2.204754 -2.267097 3.593950 -5.363987 -2.760104 -6.598165 2.257898 0.014587 2.848072 -0.988874 -0.711653 -2.048990 2.923295 
2134298482233950836.mp3 :-264.277702 76.955558 -25.792536 16.599111 -15.215368 -7.790746 -16.937625 -7.572953 -22.327986 -0.058449 -13.270247 -4.138052 -6.883441 -9.762981 -6.356670 -3.266547 -13.075417 -5.653192 -9.686428 3.271216 -6.308554 -4.093121 -10.656016 0.052497 -6.772958 0.634195 5.394825 5.582046 -0.235388 0.875370 -2.843422 1.018370 -3.428785 -1.192196 -4.253124 -0.202291 -2.383547 2.337588 1.502793 3.227152 
2124813720052664981.mp3 :-122.817629 70.699384 15.340856 16.732681 -3.079651 -5.379768 0.839599 -13.027846 -16.005934 3.641004 -21.037407 -11.285670 -12.493204 -8.623182 -10.748083 -2.331165 -7.195433 3.574426 -5.907670 1.598135 -5.552819 1.652729 0.088508 4.870179 -1.587539 2.299404 -3.876724 5.697810 3.519950 5.536370 -2.279942 0.075455 -1.062639 5.042450 1.569608 5.242701 -1.836672 -0.124144 -2.200487 -0.287895 
2090613554031740077.mp3 :-45.474089 103.101052 3.614608 25.574515 6.098820 2.391036 3.548903 6.255523 -6.430012 6.112560 -4.954294 0.955726 -4.250835 -1.951101 -7.217538 2.320215 -6.428341 0.827204 -1.858621 2.651233 -4.540886 1.424646 -8.006919 -2.847496 -5.976618 -1.060092 -5.477376 1.572063 -2.089238 -0.021367 -6.752583 -4.199190 -5.824527 0.675977 -5.120320 -1.560659 -5.192455 -0.555218 -4.238962 -0.922598 
206100321810188045.mp3 :-178.812925 89.128910 12.912196 21.812222 4.980934 9.546513 -0.232624 8.769880 -6.946466 2.214106 -8.999710 0.831813 -9.619223 0.467551 -2.754613 0.697325 -1.476542 6.648320 -5.805907 0.007554 -8.527919 -0.276785 2.910343 3.984413 -3.245614 4.502655 -5.179315 -2.067776 -8.390108 -2.046159 0.360520 5.826969 -2.344649 -1.910528 -6.109868 -1.137482 -5.296575 -1.736058 -4.605105 -3.847131 
2130440622576779619.mp3 :-86.482685 123.248667 -13.288612 22.834632 1.454379 0.199305 -5.133141 2.173289 -14.889252 2.543036 -11.838195 -0.222317 -3.904792 -1.387385 -6.932561 -3.125254 -8.933988 -0.480801 -6.366207 -0.026265 0.163573 -1.148781 -4.531145 3.918245 -3.193018 3.037684 0.718060 0.888466 -2.800278 -0.581766 -5.944808 -7.497738 -8.237856 -2.470765 -1.971492 -0.263553 -1.340874 1.550934 -0.739917 -1.910276 
2082929044440501855.mp3 :-83.330070 94.563361 -0.555937 22.515683 3.175321 13.453388 2.616273 5.704422 1.137514 0.712740 -2.092252 1.151507 -2.157250 3.024617 -1.643535 3.149299 -0.995335 1.458076 -2.493647 4.130544 -3.077387 0.377671 -2.248337 3.592033 -1.492968 2.586209 0.603096 5.665939 0.006911 -2.013374 -7.171142 2.322935 1.120906 2.342932 -2.401045 -0.941658 -4.055714 0.975786 -0.932546 -0.125857 
