7596637984787176036.mp3 :-88.444383 73.046087 19.683848 24.254448 2.781134 7.340666 6.882971 4.257162 -0.583642 10.008753 -6.476238 8.957414 -2.333518 6.269168 -1.676632 3.238493 -5.607332 5.415526 -1.465648 6.316374 -2.062632 5.256362 -1.937315 4.530134 0.155082 6.544318 -1.954458 5.849800 -0.174710 0.379721 -6.701442 -1.922526 -2.857698 3.852162 -0.700846 2.106255 -2.565786 0.804001 -0.986099 0.751920 
7598921972714143963.mp3 :-143.591409 98.496197 20.488691 28.589581 3.044854 13.441069 -2.992896 3.534422 -7.317034 -7.061641 -2.471385 1.426089 -3.159233 -0.007983 -3.045167 0.124313 -9.038768 -1.616827 -4.218834 -1.097032 -6.874842 0.852391 -6.227358 0.969322 -3.301575 3.324735 -2.126432 2.247424 0.636654 3.259836 -5.130992 -3.656602 -5.148343 -1.430651 -1.498128 3.506730 -0.879131 2.207170 -3.596388 -0.504722 
7552175838035627785.mp3 :-151.279776 109.355390 23.244686 23.952166 6.110355 4.582847 2.589707 1.067557 -8.669945 0.779142 -11.052277 -3.568410 -7.973121 -5.146381 -4.067089 0.759313 2.409571 5.989256 -1.848107 0.462872 -6.221314 -0.694682 2.722571 7.000089 -1.554761 1.931849 -6.472700 -0.877731 -5.711080 2.709015 -0.854855 5.175602 -0.868672 4.849378 0.386322 3.091351 -2.073719 -4.480406 -3.056137 1.218214 
7579821868472754766.mp3 :-198.176684 78.983327 16.326646 28.954206 1.743141 0.183888 -8.899305 0.300819 -10.460937 0.981466 -11.552228 -0.850022 -6.464117 -2.345069 -5.917946 0.035492 -7.227691 1.378408 -5.546592 4.166202 -5.621105 -1.903576 -8.063831 -1.485500 -6.297861 1.388137 -2.889308 1.815660 -2.997147 -1.106779 -6.189154 -0.267566 -3.389753 1.449986 -1.824710 2.030779 -0.753765 2.899811 -0.516836 2.066718 
7596017332667873194.mp3 :-157.099570 111.512539 -16.647044 18.832304 5.339335 -7.289885 -0.216130 5.749486 -14.706832 6.432213 -6.611878 -4.951576 -1.276447 -3.480453 -10.522330 -2.045497 -7.361731 -1.635737 -2.285827 -0.426461 -2.201725 -2.206570 -10.221354 -4.269038 -2.113832 0.890652 0.567030 3.305208 -2.072268 1.768941 -1.070104 -3.362965 -5.962825 -1.980331 -4.179970 -0.030118 -1.406033 1.445650 -0.598507 2.855254 
7573421216888251027.mp3 :-152.439780 115.490479 5.419006 25.022156 1.747767 -2.748260 -2.841895 5.563956 -9.730120 -1.672052 -9.181337 -5.888812 -3.135308 1.108172 -3.980231 0.209602 -7.189861 -0.701105 -6.049210 -2.077647 -5.892411 0.336210 -4.338132 -3.509549 -4.768347 1.847303 -2.262499 2.728112 -1.507460 4.607592 4.063379 2.462724 -5.361277 -4.611047 -6.207028 -1.150151 -2.767667 1.103408 -3.080435 -3.862081 
7610326166778262581.mp3 :-216.332832 103.707675 4.533602 34.696060 12.529661 9.338991 12.251330 -5.984624 -13.338922 5.976625 -11.079724 -4.233157 -10.372182 -10.571553 -8.475357 -4.730615 -8.343772 -3.436004 -11.050253 -5.535023 -8.402408 -1.083132 -0.842441 1.560948 -5.972193 -0.614675 -7.454703 -2.533004 -3.905832 -2.072034 -4.717107 -1.598688 -2.763411 0.732195 -2.542614 -1.282915 -6.710751 -2.486580 -4.268946 -2.696463 
7558280849416512415.mp3 :-166.356300 77.471421 6.705213 27.733590 5.409727 10.998539 1.677195 3.084924 -4.712206 9.346125 -7.755625 5.476883 -6.054317 1.397412 -4.080292 1.124605 -1.979571 1.864247 -3.948292 2.914119 -1.488962 4.230193 1.165687 2.315573 -3.668201 0.888528 -4.308974 -0.687598 -6.954764 1.764153 3.227589 4.589320 -3.878075 -0.644870 -3.588077 0.613732 -3.159653 0.414067 -2.643083 1.363226 
7547276445492578983.mp3 :-71.454122 71.191300 20.495322 35.314121 3.988475 12.326510 -8.158238 12.638317 -6.905970 -1.225338 1.424805 -3.632094 -0.188498 -0.909588 -4.464978 0.873498 -4.245248 3.565347 -5.053956 3.460038 -2.533108 1.106818 -5.207091 4.417753 2.017964 4.331454 0.586605 3.065259 0.106880 4.434806 -3.453677 -0.787892 -7.604450 -2.150753 -0.903465 5.454663 1.124332 3.300495 -4.251120 1.410060 
7609462264995201076.mp3 :-152.661184 79.064703 7.390084 25.899046 0.415807 11.185564 4.668406 3.906813 -0.620224 10.530238 -5.267501 7.943869 -2.890725 -0.182409 -5.013115 0.424358 -0.543435 5.780104 -4.262927 0.941180 -0.624725 4.695969 0.757858 3.220708 -2.437724 1.673905 -5.844247 -0.563655 -5.280392 0.847293 -0.197647 3.224191 -2.692634 -1.429047 -5.524036 -1.426577 -5.578326 -1.566668 -4.379399 -1.163657 
7575256567352080672.mp3 :-106.396847 84.806968 -1.907539 38.741319 2.774224 7.341271 8.905585 -2.793155 -3.955248 3.446951 -9.947031 3.720561 -7.382871 1.031641 -4.495415 -1.227282 -5.609497 -0.884709 -8.914831 0.545172 -4.359701 5.069060 2.328695 4.119482 -4.706551 1.376401 -5.421241 0.078215 -5.173628 -0.088411 1.345584 9.175247 1.585833 0.021450 -7.045048 -2.418845 -6.084081 -0.050427 -5.267170 -1.237783 
7561380387571404761.mp3 :-184.886978 116.763078 21.055118 19.219073 1.398662 0.348133 4.761680 -1.523749 -11.664481 1.935332 -15.243102 -5.130312 -7.989795 -3.221646 -4.117341 3.197118 -0.609496 2.361796 -5.920172 -2.071236 -3.689840 4.403454 4.774554 0.503825 -6.286307 1.772099 -2.901041 -0.281422 -1.659944 -3.290784 4.494460 7.356226 3.333706 -0.423346 -6.107889 -3.073235 -7.986231 0.393172 -3.421866 -1.699591 
7566856667176552178.mp3 :-188.285504 132.408379 17.646218 10.777275 5.091020 -3.266535 -2.947183 -10.885173 -13.849076 -5.275941 -18.546587 -8.186990 -8.518979 -4.251237 -5.855261 -4.617095 -8.713417 -0.294974 -8.771022 -0.074710 -0.327805 0.614122 0.327317 -1.430228 -4.438192 0.333170 -5.329246 1.251777 4.209039 5.683388 1.008601 -1.269211 -4.938012 -0.124327 -0.551886 3.219608 2.638082 3.840145 -3.647948 -2.211141 
7542265684035036544.mp3 :-182.037958 86.676760 21.714529 22.656647 6.370400 5.123599 0.587271 0.624079 -4.135229 3.839530 -9.115172 3.054951 -3.367198 4.588369 -1.664435 4.197098 -3.825195 4.229934 -0.998458 1.011857 -4.561632 -0.549282 -5.720502 1.509924 -2.640351 0.369414 -3.715660 -0.866205 -8.435394 -1.144164 -1.150070 -0.140410 -6.006715 -1.651712 -3.823990 1.291160 -3.014438 2.550214 -3.642980 -0.810551 
7556535576768585236.mp3 :-90.068327 78.160929 11.037174 31.563329 6.524881 5.527906 1.337621 2.205958 -6.656612 1.577676 -7.422218 0.655185 -3.847275 1.282601 -3.313522 1.679773 -0.635230 6.030985 -0.747631 4.522997 -5.496513 -0.483127 -3.109003 2.546956 -1.199509 4.083473 -3.984333 0.859776 0.405748 4.134441 -4.077957 0.792494 -2.254909 2.817744 -1.320769 3.801078 -1.592293 2.197897 -3.017625 -0.826729 
7556374827552976239.mp3 :-156.469481 67.008413 18.443323 28.688174 11.845660 13.766284 7.020317 6.160493 -5.256222 6.673531 -0.701074 5.585729 -3.693019 2.574238 -4.359212 -0.160720 -4.207716 2.462590 -11.142451 0.574958 -4.364321 -2.594508 -6.624991 -1.788138 -4.943665 -1.353604 -1.911071 2.935602 -1.735536 5.501617 0.910608 2.902812 -0.765788 -1.275080 -5.194042 -2.728966 -5.850621 -0.419190 -2.095031 2.269915 
755704823003129161.mp3 :-180.658716 105.334992 14.968436 35.713149 5.432958 3.366616 0.352019 11.901135 -11.984478 7.413418 -2.553138 -1.948379 -7.292072 -3.431962 -5.237209 0.948875 -5.835045 -0.120119 -5.697564 -2.128279 -2.283589 3.175024 -1.370026 -1.889686 -3.792152 -3.033665 -4.788917 -2.457602 -6.521544 2.357972 6.406492 4.896341 -2.841711 -0.070608 -3.414259 1.451827 0.511375 0.607484 -2.948238 2.248077 
7558697279095833636.mp3 :-202.347992 100.154733 27.363728 6.615871 11.297953 12.184771 8.526943 -1.183904 -3.439658 10.099802 -7.834522 5.550806 -1.887445 6.723603 0.621737 4.583733 0.731626 6.713996 -4.516041 2.559078 -3.088503 3.863993 3.582979 2.903415 -1.666338 4.278643 0.883568 3.035248 -0.408180 -1.926947 -5.882270 3.618382 0.360071 3.297711 -3.919857 0.312848 -2.275263 3.735738 -0.824988 3.905674 
7612533541195311971.mp3 :-149.765390 104.603439 5.155142 28.311610 6.094466 4.327234 -5.998168 10.216465 -14.070257 -4.655178 -4.097201 -5.667108 -7.838573 0.030796 -7.020596 -1.298918 -4.326136 -0.026138 -2.101239 1.829711 -9.596007 -2.516203 -2.900796 2.394520 -1.024283 4.876562 -0.993354 -0.998226 -3.786853 -5.402860 -7.674330 -1.516036 -1.432039 2.295788 0.299160 0.613815 -2.445736 1.470702 -3.236731 -1.990928 
7550600714850036662.mp3 :-66.055122 94.571538 14.381477 23.808117 3.696103 2.516127 4.382415 6.555311 -4.680377 6.460164 -2.248895 2.712414 -2.244010 0.150777 -3.612874 2.203953 -7.188442 -0.798095 -3.748320 -2.211608 -4.203921 1.540254 -3.535725 1.322071 -5.216700 -0.463274 -4.821703 0.248044 -6.030499 3.365742 -2.658807 0.448072 -4.294545 1.332681 -4.526932 0.858328 -2.820182 1.846218 -2.343752 0.804666 
7566435173623451514.mp3 :-308.734410 124.565290 8.682530 31.436116 4.913101 8.559495 1.924391 -2.322021 -3.113131 0.896912 -5.145706 -3.518407 -5.164571 -5.382619 -7.034713 -3.468223 -4.777109 -5.270620 -8.029065 -5.795391 -5.779533 -0.611433 -2.244205 -0.904927 1.077531 -3.680473 -7.827208 -5.892748 -6.958057 -2.092877 2.409383 2.148783 -3.925240 -3.131541 -3.332649 -3.292294 -3.219282 -2.322205 -5.813617 -3.235146 
7567820452121281087.mp3 :-276.934771 120.496578 23.783467 21.091277 10.745662 5.704958 -3.339736 5.269191 -19.741992 2.534475 -22.306951 -21.163662 -14.159648 -16.769926 -10.180112 -10.167044 -12.512754 -5.337981 -11.986975 -8.096276 -12.344793 -7.657099 -3.342071 -4.993252 -5.137304 -1.848072 -5.374659 -1.533041 -1.635339 -3.125042 -4.309924 -3.536764 -3.233723 -1.513430 -4.426940 -5.607440 -4.081176 -1.172641 -1.351123 0.460587 
7553873697855845304.mp3 :-82.921549 104.284898 15.333448 21.580111 -0.816979 4.351350 -4.910540 -0.047242 -11.307042 -3.915671 -6.706839 -4.969331 -7.271153 -0.077789 -9.472613 -1.231923 -11.878530 -0.978270 -7.372956 -3.117549 -8.234555 -2.398231 -10.446950 2.747267 -3.575360 2.456336 -5.349136 -2.640268 -5.890835 1.357608 -3.691875 -5.416128 -8.609441 -2.115818 -3.684849 3.139711 -0.786975 2.269354 -4.407265 -0.749345 
7564266229069959540.mp3 :-48.114504 84.436435 19.772545 26.340852 3.321960 16.093611 -3.655126 -0.354572 -7.780540 2.266759 0.455359 1.431198 -2.127582 2.971576 -2.851601 0.335755 -6.318475 -2.162395 -5.446924 1.391948 -0.650546 5.756907 0.341942 2.642946 -3.293002 1.001746 -4.597515 1.620973 -1.909628 -0.312595 -5.142038 2.108446 -0.302805 2.546496 -2.951474 -0.566818 -3.511140 -0.489464 -4.223814 -0.654516 
7552261622932759923.mp3 :-62.420623 80.736419 13.472800 18.094794 7.227676 20.240592 8.074129 9.196134 -1.838464 5.016589 0.450196 2.102600 -1.319648 2.943729 -3.578986 1.829502 -1.577056 2.614243 -0.933559 5.433329 -1.259480 1.726866 -3.748728 0.419437 -2.519669 1.606643 -1.499375 3.976474 -0.186567 3.272505 -2.392914 2.521088 -0.445536 4.764735 -0.374916 2.256823 -2.204561 1.066230 -1.957225 0.715430 
7593393915716908946.mp3 :-195.006511 94.802327 -5.370130 21.465471 -7.812735 -11.553717 -10.534048 2.072146 -18.301772 -3.830314 -0.890802 -2.942014 -8.104311 1.056133 -5.987038 0.960521 -4.484569 0.988944 -2.264659 6.175819 -6.421424 -2.390396 -14.731673 -4.696232 -1.714326 5.043034 1.431976 0.325911 -6.902674 -2.949707 -5.952950 3.561726 -1.324503 7.031544 3.891677 4.958192 -2.523809 0.911931 1.130301 3.040228 
7545184630295591453.mp3 :-87.925317 86.581779 3.947102 8.758529 0.921854 4.411027 -2.742185 5.905461 -1.018578 5.712212 -2.974304 0.600265 -3.974825 1.396490 -6.301935 1.706430 -1.467937 0.648846 -6.407046 2.380107 -1.382084 3.919760 0.590471 5.293646 -1.459891 2.693782 -2.470317 1.722279 -1.626291 2.631198 -3.069892 0.886587 -2.044901 1.832321 -2.335256 1.637576 -2.585590 0.858251 -4.647653 -2.033988 
757069257879717535.mp3 :-99.378284 90.293602 20.391547 29.745333 6.891334 5.861319 3.148702 1.712178 -2.375614 2.507242 -6.760167 -0.462854 -3.648325 1.307150 -4.149444 0.585465 -0.884021 5.267600 -3.854734 2.280249 -4.092887 4.322277 -3.898762 -4.395541 -8.185148 0.348169 -4.718982 4.133693 -0.172338 -1.592312 -3.476770 2.986016 -2.659805 1.366633 -3.286590 0.782710 -3.302609 -0.125888 -5.203740 -0.024336 
7569593716486575887.mp3 :-85.338360 68.482098 1.859384 23.933548 0.563152 8.563999 9.219758 -0.829954 -2.721017 6.534707 -8.072186 0.059015 -2.741380 -0.534115 -2.809110 4.702306 -4.182201 5.952589 -3.663265 4.358127 -7.207001 -2.499551 -5.945600 2.355477 1.408773 4.871801 -3.099867 -0.778277 -5.346634 0.013963 -1.713565 0.690418 -7.852447 0.680044 -1.441892 2.567269 0.308154 2.956446 -2.934337 -1.255447 
7572021097433746457.mp3 :-109.103691 83.444400 -11.864652 32.184061 -6.827146 11.855970 3.052817 5.913160 -12.893427 10.131868 -8.809844 3.099998 -5.561689 1.445602 -1.161146 -4.108709 -2.946949 -0.655786 -3.421739 2.072483 -3.517026 -3.299829 -4.055044 -1.739740 -6.080936 3.038057 0.029568 -0.524494 -4.716626 1.641810 -3.567213 1.937697 -2.415254 -3.519849 -7.140393 -0.426321 -3.100204 2.905273 -0.728910 0.178623 
7542686762398873889.mp3 :1.026098 71.279886 15.486875 13.381365 6.362303 5.070813 -0.665340 4.656543 -3.118484 3.173970 -2.580065 1.892133 -2.354006 2.436124 -3.610397 2.260683 -3.235806 4.116468 -0.493857 6.046540 1.444351 3.525916 -1.314797 3.383453 -3.796439 1.347638 -1.829646 5.081805 -0.008307 2.803538 -4.955034 -0.559860 -1.609556 4.285388 -0.059782 4.735781 0.166372 2.290361 -2.950568 1.511217 
7599693695606416204.mp3 :-141.666347 110.001589 -6.665135 18.356821 -2.294372 -7.447841 -3.844745 -5.111044 -7.849022 2.121615 -16.087711 -2.424720 -11.053121 0.016062 -2.395201 -1.005297 -4.594499 1.172767 -5.500268 1.145025 -6.346554 0.838288 1.330633 1.791976 -2.533578 5.097071 -5.858741 0.171425 -6.531128 -2.401712 -1.085936 2.686362 -2.697744 -1.010927 -3.757921 -1.590058 -3.640150 -0.221739 -1.311930 1.666422 
7549779213447539601.mp3 :-201.015159 93.002186 18.251836 26.967021 5.163086 1.624399 0.252087 0.929474 -11.365103 9.606847 -15.084667 0.287540 -7.899730 -1.227037 -6.357590 -1.857191 -6.294978 2.809603 -3.520811 4.532346 0.693961 -2.743009 -2.151410 -0.794181 -5.165966 3.559755 -1.753524 1.135510 -4.557969 -3.263772 -3.339097 3.968689 -4.439870 -3.931533 -7.051846 0.562546 -3.980161 0.292083 2.279373 3.585639 
7565413523163635258.mp3 :-128.581266 83.974906 22.549167 36.935019 10.198804 10.329239 4.662333 4.788852 -4.555042 3.068092 -6.397646 2.133163 -4.545544 2.003688 -1.660963 0.489066 -5.404946 2.203618 -1.808892 1.909283 -5.223902 -2.989798 -5.425655 0.787067 -0.645111 4.232761 -1.386156 0.867484 -5.625568 -1.906873 -4.869396 -0.677635 -1.395336 -0.722784 -4.835546 0.490701 -1.513364 1.810698 -1.637297 -0.164322 
7603659142992127464.mp3 :-75.754999 91.886071 5.032507 19.871002 5.225954 8.802461 -2.072890 6.303993 -11.556645 2.576506 -6.877774 -0.722830 -2.637305 1.263452 -4.658052 2.302100 -4.097697 0.057427 -4.766197 -5.303357 -6.230272 -1.171539 -1.921935 2.555648 -3.026054 0.642857 -4.889997 1.891747 -4.084400 -1.268316 -3.679222 4.886337 -0.106593 1.854105 -3.076013 0.185318 -4.276808 -0.610780 -4.856360 -1.124380 
7559506317429961935.mp3 :-194.578464 82.838699 20.012229 34.414150 2.077589 9.020225 0.220688 8.663760 -7.185144 1.301058 -3.802963 -0.257482 -2.315260 0.503263 -2.574612 2.685205 -6.876056 4.523680 -8.676353 0.024101 -2.833782 -4.013547 -5.975624 -0.028465 -4.807618 0.725354 -0.454338 2.509848 -1.028097 3.679539 -3.660061 -0.891563 -3.855082 -1.835607 -5.169678 2.416346 -1.625509 2.846862 -1.668089 0.591976 
7561208762878116785.mp3 :-82.519247 76.969826 22.639686 28.345770 4.569363 5.202419 3.426323 2.313839 -3.152419 2.055991 -8.156062 -0.699451 -5.669012 2.573173 -2.435099 3.868552 -2.605909 4.772058 -1.993649 1.092323 -7.028674 -0.261599 -0.569419 2.243165 -3.961404 -1.145031 -5.183986 1.068777 -4.131895 -0.622505 -1.883451 2.625950 -0.853392 1.511170 -5.333700 -1.359229 -6.351669 -0.918221 -2.580325 0.837848 
7584103385072958511.mp3 :-317.021214 62.486806 13.510282 31.297579 -2.288980 17.603602 -2.842702 3.356561 -4.006394 1.129984 4.750378 0.743791 -3.966272 1.531985 -3.341039 1.419231 -7.677899 2.000548 -9.408851 -0.851054 -1.311312 1.803313 -0.130772 0.700024 -2.013963 1.410762 -1.946714 3.639720 -2.094765 1.623633 -1.811240 4.317814 -1.884084 -1.734812 -6.556456 -3.415484 -5.965541 -4.089948 -6.052068 0.038225 
7543519238761025925.mp3 :-179.791183 84.980799 11.914171 37.722114 6.758361 4.639499 5.297598 9.552739 -12.810736 12.183590 -6.048771 2.435850 1.476397 -2.154355 -3.038633 1.290921 -8.702804 -1.014347 -4.952855 0.747297 -6.468538 -2.730326 -6.913591 3.331375 -2.739873 0.310290 -1.678098 2.499732 -2.433538 -1.042634 -8.863529 -3.352291 -1.686302 3.898227 -0.726834 2.894748 -2.080496 -0.363293 -3.095956 0.785450 
7583308963539269577.mp3 :-182.083099 102.980297 -6.055849 31.740138 4.155362 8.477479 -3.698832 -4.482765 -5.882165 -4.448299 -10.129437 -2.363852 -2.913471 -0.057271 -2.144214 1.844762 0.250601 3.746669 -4.218337 -1.379460 -5.702753 -1.595808 -3.754802 0.035898 -2.148799 1.104549 -2.628512 -1.547273 -6.816328 0.638174 3.420749 6.129906 -3.328557 -3.610656 -2.970337 -1.129297 -4.858361 -0.343335 -1.669053 -0.196658 
7610082426560728384.mp3 :-204.638871 99.354535 23.298771 29.554073 2.996621 10.970488 -0.464961 7.377037 -13.384184 9.671106 -6.962662 2.401614 -3.827997 -0.257830 -4.587763 2.237612 -7.405727 0.555442 -5.265935 -1.565360 -7.285331 -3.521178 -6.485448 0.611073 -4.401048 -1.570618 -1.509966 -0.323141 -2.533659 -0.687681 -8.589367 -3.808464 -4.065257 3.383772 -0.558929 2.562774 -2.133009 0.639802 -3.822157 0.907612 
7609993661703299077.mp3 :-124.877392 112.827889 -3.774870 22.326070 5.942437 -2.299565 -5.644676 8.180626 -12.678940 -0.331344 -5.427475 -3.732351 -2.796883 -3.638292 -5.267920 0.912955 -3.833768 -3.068872 -3.666109 0.376671 -3.132099 -0.092619 -4.594418 -0.794867 -5.314086 -0.444247 -4.251216 3.857697 0.518738 0.773687 -2.775655 1.921916 -0.739642 -0.766749 -5.724152 -4.464582 -8.865297 -3.791988 -2.997119 4.670330 
755761741226355183.mp3 :-153.764350 125.536463 6.908716 19.895306 9.648120 -5.342662 -2.056329 1.082179 -16.129310 1.386283 -3.709813 -0.705924 -8.399869 -4.470253 -7.853302 -1.722262 -2.498607 0.001169 -4.803874 0.005959 -0.554291 1.542057 1.056750 0.029053 -3.073108 -0.633026 -6.315619 -2.524758 -7.161552 1.092394 0.393560 3.872505 -2.395198 0.233955 -2.602507 -1.448197 -3.901955 -3.534250 -5.007012 -2.850153 
7555586509880980444.mp3 :-55.514481 90.571981 5.649874 39.500524 5.198666 14.461131 7.159487 3.774609 -5.193944 10.666813 -3.902735 1.954963 -3.030490 -0.125429 -4.262152 -1.047229 -6.874474 -1.999082 -6.990421 -2.393621 -5.870389 -1.081261 -5.599673 2.052776 -1.699213 3.703267 -2.096697 0.995298 -5.307352 -0.624843 -2.147197 2.841601 -1.294745 0.447768 -3.059407 0.715629 -3.603241 2.766803 -0.449471 2.573300 
7589356664898829993.mp3 :-66.312122 46.468403 17.180251 24.502190 8.453493 6.816412 1.701768 5.183945 -0.869522 9.346180 -2.140371 6.569914 1.493141 3.553172 -2.012038 2.529446 -3.046055 3.458056 -2.251050 1.147494 -6.526282 -0.572022 -3.164631 3.777405 -1.521858 2.984357 -3.214684 1.718014 -5.973528 -2.424697 -1.022925 2.997449 -3.776611 -2.027327 -3.511081 -1.836368 -3.935628 0.076461 -3.531247 2.898205 
7545066303022106771.mp3 :-140.507021 88.143103 -51.963386 15.431878 -23.722437 -16.153322 -13.929680 -6.823313 -33.028619 1.013874 -5.956213 -7.245702 -2.755478 -7.869051 -12.968832 -2.327927 -8.298075 0.586261 -4.980791 -3.663427 -1.727482 2.441359 -2.364004 -0.743424 -4.330184 0.366593 0.011327 5.154691 -2.601200 2.244088 -0.788068 2.788177 1.902894 3.121625 -1.530272 -0.657545 -3.902697 2.063864 0.741271 3.563602 
760264417323605551.mp3 :-142.049377 81.095735 8.883670 22.329775 8.880670 6.965523 2.956524 2.819086 -1.585858 4.805320 -10.848895 -4.785961 -7.862414 2.457713 -3.762866 -1.673587 -3.170163 1.806463 -5.518199 3.003718 -5.706680 -1.823605 -2.634829 -1.759716 -7.960958 -3.864582 -8.275118 2.649443 -1.437750 -1.488299 -8.382151 -1.966089 -0.721190 2.405567 -2.407661 -1.790523 -5.720221 -3.187407 -5.407006 1.230597 
7547575553564768007.mp3 :-100.449512 61.972130 23.899423 20.297296 6.861837 12.447278 -1.124558 5.887895 -0.829515 -3.491234 -3.750547 4.782720 -1.210648 3.986545 -0.658213 3.457709 -1.876985 5.471583 -0.356193 1.195579 -8.741988 -1.644213 -0.335418 4.259634 -3.428959 0.891799 -4.073915 -1.559994 -6.352825 0.203297 -1.313597 -0.890274 -5.752491 -0.369062 -1.970798 2.085131 -2.613412 -2.459185 -4.751592 -1.420423 
7550009308056760301.mp3 :-88.135168 106.679071 20.553178 25.122315 9.122593 0.749938 -2.317786 4.058517 -13.439792 2.393184 -3.991118 -2.217767 -2.423379 -2.174714 -7.977026 2.438653 -4.783668 -2.340303 -1.380870 4.396307 -2.840379 3.627856 -2.818100 3.708898 -2.229503 3.962098 -3.057500 1.063586 -0.367226 4.450116 -3.398806 -4.832728 -8.111838 -0.369304 -2.259093 3.896671 -0.300014 2.292459 -2.981648 -0.174010 
7560218452339041325.mp3 :-99.926825 108.856950 -14.891746 11.170790 -10.689109 -11.832903 -9.466814 -5.322812 -23.317361 -5.847497 -5.961924 -7.598314 -7.432611 -7.181955 -12.601611 -4.346137 -10.108858 -5.576476 -11.400653 -3.971767 -5.405173 -0.335121 -5.506586 -0.398399 -5.010311 1.987384 -4.244863 2.353454 -3.694245 2.334049 -0.996082 0.094268 -5.535445 -2.274058 -5.866180 -1.944348 -4.676840 -0.148397 -2.088708 3.378702 
