1201048546304204869.mp3 :-133.917364 64.102469 0.005745 37.337010 7.689463 7.519047 6.281795 6.180273 0.404922 5.781561 -4.376591 0.936278 -10.004965 -3.874049 -6.436758 -1.233618 -7.520499 0.348895 -4.246238 3.810626 1.471349 6.279675 0.586378 -0.489107 -8.657128 -1.073467 -5.576927 3.918273 0.121501 3.877013 -5.759974 -1.184098 -3.974916 0.231609 -4.320224 -1.410093 -5.535690 -3.801845 -7.044888 2.028129 
1249911174780480541.mp3 :-224.710283 125.319973 -2.883821 -2.964633 -5.430882 -10.007702 -7.734983 -6.113060 -12.836242 -2.817553 -18.065262 -3.016271 -9.334112 -1.213221 -9.645730 -8.704736 -11.513715 -4.349066 -7.553702 0.484655 -2.745553 2.038605 0.162781 -1.686334 -4.543539 -0.829667 -4.277793 2.647354 0.554088 -0.942748 -4.902608 2.928018 -2.154070 -0.622227 -4.303398 -4.410995 -7.912089 -6.533489 -3.251453 3.572891 
1236533226381020525.mp3 :4.895847 77.539438 -2.824090 14.718667 0.990925 13.195981 -5.087201 9.059572 -1.638533 5.662261 -0.470205 3.090801 -4.495180 1.946528 -5.297339 1.963121 -5.932136 1.316824 -4.770746 -0.507890 -3.682016 2.579044 -1.572084 2.864757 -1.501713 0.809586 -4.067700 -0.490187 -4.745907 3.098793 -1.903288 1.406578 -4.151051 0.102035 -2.412766 1.458412 -2.784911 1.192165 -3.473722 0.068611 
1214227065340732887.mp3 :-46.895143 99.651016 10.191893 23.003216 5.875519 3.251578 -2.307895 9.763657 -11.253823 4.467830 -1.972774 2.540482 -0.441954 -0.073866 -8.447297 4.463853 -4.639323 -3.707371 2.029611 1.180863 -8.932901 1.949256 -1.641393 0.159540 -2.625583 2.769606 -4.909493 1.790014 -1.349756 0.541326 -4.586059 -1.214413 -3.709058 4.601749 1.130730 3.526886 -2.407317 1.053519 -4.568483 0.973956 
1255319751528686072.mp3 :-111.300918 32.728697 49.214540 10.902364 8.101052 8.409181 -12.334002 4.256676 -15.360152 5.346028 -6.876388 -3.391186 -9.227358 -4.363757 -8.619433 -2.120012 -8.884521 -0.542488 -9.778732 -4.562662 -7.369249 -0.609435 -8.604662 1.159313 -7.582871 -1.490448 -5.423185 -2.476662 -4.350700 7.629387 0.732656 3.039781 -2.058609 0.906783 -3.300749 1.326851 -4.480449 2.040614 -3.521661 -2.296866 
1231022113074336945.mp3 :-33.830018 79.735448 -5.156775 13.639828 5.348928 14.030416 2.676197 6.603155 -5.687678 5.856094 -1.041354 4.771837 -0.521814 2.854527 -3.536768 2.203042 -5.311427 0.085013 -6.332480 1.855004 -2.806390 1.952663 -1.987412 1.457555 -3.744505 0.933133 -3.359071 0.196344 -4.844657 0.648871 -2.355721 2.241441 -2.713168 0.277982 -4.166745 -0.544954 -3.512816 0.562118 -3.280647 1.988964 
123268132345402586.mp3 :-84.192632 84.612086 -4.009427 21.497661 -13.939483 9.569638 -13.162856 -3.427175 -8.467485 -9.192469 -8.261851 -5.260402 -3.093041 -1.446970 0.970130 1.850288 -1.933917 2.223119 -1.592033 4.392621 -1.907480 -1.490511 -7.655189 -0.148712 -1.929729 1.984107 -1.191487 3.304890 -2.721346 -3.487810 -4.462281 3.094901 -4.500401 -3.381305 -4.730158 -0.611244 -4.152220 0.424399 -1.185283 -0.653463 
1229719892972038886.mp3 :-191.426556 108.561576 7.711782 13.981843 6.072666 1.638286 -8.495314 0.386673 -11.348006 -4.400599 -3.917080 -5.933432 -4.435823 -7.215864 -1.685681 -0.289041 -10.330877 -3.967591 -5.681891 -3.622213 -7.791447 0.078716 -5.041165 -3.230747 -7.759085 -3.879453 -7.562431 0.604731 -1.166944 5.027473 -3.916155 -1.694157 -2.876762 -1.026222 -3.411613 -0.254366 -3.913780 0.662574 -2.350190 -0.061453 
1235222718203055260.mp3 :-99.289250 96.362019 4.747983 29.271642 11.541994 8.520065 0.734140 11.505757 -7.699885 3.216173 -0.343099 0.460542 4.711892 2.215183 -3.798185 6.258934 -3.814610 0.606830 -3.159712 1.647098 -3.561348 5.857133 -2.758229 0.519075 -5.524206 1.958159 -3.415892 5.030099 -1.569948 1.052056 -4.589412 2.661621 -0.895181 2.079056 -4.563535 -2.990527 -6.274957 -3.315967 -2.748429 2.023396 
1261993283711094922.mp3 :-289.969041 54.554587 3.420529 48.549690 5.867507 12.551624 2.460766 7.605103 -5.647490 7.264625 -2.273339 2.636041 -1.298337 3.408687 -3.002151 1.962477 -8.185374 5.661273 -8.434477 0.327687 -0.437753 -1.595003 -2.663636 3.697961 -4.557063 2.182444 -3.981128 -0.293638 -5.219112 -0.495932 -3.778346 3.137018 -1.105158 2.760378 -2.288661 0.627380 -4.233466 2.741056 0.107074 2.782349 
1219238991634690655.mp3 :-117.597502 124.261539 4.791140 25.263969 5.289333 1.310262 7.425970 -8.121324 1.746502 -0.896728 -2.719324 3.444584 -2.363781 1.845993 -2.631659 -0.628570 -5.260807 1.401742 -3.002858 5.746822 -3.178133 -5.477030 -7.563805 0.249808 -1.156993 5.622191 -1.479465 4.051266 2.035149 1.108293 -6.176299 -6.219650 -5.964515 0.212352 -1.026603 0.996609 -1.463234 0.008821 -0.386946 1.543948 
1211877234526931088.mp3 :-88.969986 68.218491 28.989546 26.927324 7.629784 9.519070 -3.785673 6.756082 -1.495622 -0.425892 -7.452969 -1.358478 -3.774883 0.846595 -1.034154 0.473850 -7.477064 0.959950 -5.142729 -1.937373 -6.378339 0.330744 -4.359910 -1.146107 -4.549566 1.453830 -4.468007 3.126793 -1.436695 5.299583 -2.901082 0.808343 -1.846745 2.898974 -3.084305 2.548294 -3.619468 -0.440065 -6.572713 -0.225145 
1239801472042307279.mp3 :-62.287712 87.968001 2.035196 26.042889 -1.330604 10.932229 1.353244 10.969752 -4.205617 4.710889 -2.449202 -0.655505 -1.581185 0.339320 -5.101140 0.761291 -7.204383 -0.177453 -4.578638 -0.081869 -4.244872 -2.098556 -5.895275 2.202878 -3.497110 2.417960 -2.761619 1.898399 -0.921224 -1.371300 -7.466764 0.045347 -2.124512 3.279673 -2.203900 -0.430817 -2.660750 0.072726 -1.564814 3.219042 
1198928255121916182.mp3 :-145.323514 83.994779 16.152252 16.092832 19.059011 -5.154521 9.677038 -5.417978 5.516507 2.516052 -3.398512 -2.067695 -4.149070 -3.556163 -1.210574 -2.145257 -4.997258 3.615102 -5.610520 5.738903 -8.365172 0.910799 -7.099202 -2.146521 -4.197565 -0.335291 -10.339861 -0.567427 -6.245671 3.714913 -6.769597 -5.591404 -7.818915 -1.688681 -1.330128 -1.128424 -3.943234 -1.227554 -4.868802 -2.568352 
1259637743898793445.mp3 :-109.959434 95.661164 5.096307 20.980512 9.890153 2.382973 3.687429 6.072812 -4.988162 10.114151 -7.267960 2.520522 0.492996 5.333350 -0.405332 6.798411 -2.240488 -0.054314 -1.644595 3.837395 3.030078 7.211272 0.826716 1.410161 -3.893616 2.176567 -0.141384 2.364354 -2.828152 5.092450 4.303656 2.899087 -8.070785 -4.955520 -5.578565 -1.418943 -2.272968 4.301615 -0.961852 -1.153566 
1222936624838330838.mp3 :-162.615168 69.035389 16.249905 31.813839 6.850304 9.585760 0.698254 2.971305 1.238957 4.782425 -5.865144 7.153791 -9.376484 0.475565 -6.663884 -3.067682 -3.670233 -0.036409 -1.663452 5.103204 -2.382485 3.247640 -6.628315 -3.904135 -3.207602 1.453965 -2.233108 7.130965 -0.467102 0.660061 -3.822993 3.705598 -1.386818 0.094221 -6.801782 -2.555527 -6.656081 -0.573081 -1.201489 5.097729 
1207943523336166221.mp3 :-110.975198 89.536047 7.844599 25.059766 7.511044 8.061745 -0.157754 1.752070 -6.921781 -2.670672 -4.061151 -0.387624 -4.820784 1.378856 -5.984224 2.314665 -9.050064 1.723580 -8.501133 -5.573103 -0.850765 -2.312778 -5.010399 1.333523 -5.911281 -2.341222 -5.173887 -0.450836 -3.254055 4.094957 -1.340352 -1.455860 -6.028230 -3.521903 -5.140304 0.084068 -4.205577 1.273307 -0.416914 2.022738 
1266224068752121144.mp3 :-88.933338 82.883693 -6.252188 23.000753 7.688979 -7.723696 -1.502674 9.714766 -9.321995 9.473709 3.723398 3.177139 1.039845 1.340668 0.477891 2.551271 -3.718728 5.049529 -0.326197 0.949952 -3.420635 5.381841 -6.794271 3.529264 0.315884 0.616425 -3.181933 2.219792 -5.275309 -2.760183 -4.128676 3.209871 -2.814514 3.455982 -1.096289 0.900056 -3.749865 1.378317 -2.475241 -0.119832 
1257117520809637661.mp3 :-69.567274 90.408532 -6.986497 21.039772 -9.009472 17.050284 -5.841790 4.904634 -5.549242 3.972825 -1.377899 -4.226298 -2.217748 -2.816381 -0.918911 3.723569 -7.971483 -2.149484 -0.564189 4.178248 3.168773 1.322800 -7.277316 -0.235893 -4.003311 4.511664 -0.216368 5.182074 1.443912 6.271872 -5.747230 -4.839288 -7.203988 -0.086085 -2.305522 1.414557 -1.028809 0.834323 -1.305070 5.375674 
1205940858618592607.mp3 :-196.489355 122.401663 19.026102 25.375043 7.164022 9.316293 3.971336 2.036548 -5.428583 5.595933 -9.742711 2.104392 -4.657588 -0.555247 -6.102870 -0.794450 -5.625186 2.874151 -0.927193 2.814804 -0.867985 -0.086225 -4.026437 0.411321 -3.217169 1.018618 2.268134 6.568504 -1.464260 -0.411439 -2.721617 1.730827 -1.757817 0.860474 -1.889528 -1.916365 -2.893417 0.450095 -2.175324 1.359433 
1216620786687445835.mp3 :-71.299912 71.978644 -10.844028 31.049731 5.562453 12.316554 2.796864 8.274546 -3.373089 4.076650 -2.461106 3.865427 -2.649375 1.882543 -3.331046 1.463929 -4.147164 0.509554 -5.784957 0.257738 -4.700318 0.694198 -6.568673 -2.514993 -7.806554 -1.547106 -3.555124 1.014640 -3.421241 -0.912176 -5.294190 0.965485 -2.701288 0.723191 -4.977903 -1.601831 -4.597819 -0.410176 -3.264779 -0.411331 
1209441948566666940.mp3 :-224.587975 84.551432 20.827333 17.008857 5.127203 8.252946 0.025648 3.036814 -3.656102 13.630384 -3.433068 2.149828 -7.451458 3.152764 -3.053890 1.763237 -7.537804 1.008592 -1.667031 4.081021 -3.178207 -3.191110 -5.961092 -0.263114 -5.494217 4.587690 -0.222630 6.316143 -1.838006 -1.273222 -5.295205 3.899263 -1.847549 -1.549580 -6.048440 -2.899789 -4.685591 0.344056 -1.385332 6.066540 
1243715200982514709.mp3 :-98.537995 102.702529 5.814909 27.855944 7.281260 5.904494 -1.382125 3.436727 -5.016661 2.874806 -9.427575 -2.849738 -8.409870 -0.564100 -6.528909 -0.628674 -2.735855 3.463058 -0.369496 0.135093 -5.782455 -0.171097 -1.295518 4.497182 -2.673354 3.451089 -4.614480 -1.431163 -4.479281 3.667890 -1.217940 -1.037109 -5.779175 1.353367 -0.211440 4.789895 -0.120153 2.282373 -4.272954 -1.115349 
1255133040130072705.mp3 :-194.626809 138.537744 10.999582 17.315094 10.925241 1.437896 0.639816 4.746773 -9.810509 8.347659 -6.470641 -1.905264 -5.578739 0.557081 -4.011882 -3.688501 -3.516749 -3.671034 -2.197576 1.015101 -1.925369 -1.517952 -1.598296 3.745496 -1.744147 2.764300 -1.288789 0.928917 -3.263932 -0.902136 -0.904023 0.249817 -3.546066 -2.539068 -4.873449 -2.258966 -4.114180 0.650382 0.652903 2.609003 
1220101172662441490.mp3 :-70.294364 86.294304 9.268261 13.309351 -0.704608 3.928796 -3.995657 2.054483 -3.797887 2.316060 -8.325194 1.192984 -4.764016 1.124297 -5.515923 -1.218893 -6.042107 -0.344868 -2.452003 4.247114 -1.820578 3.479779 -0.640063 2.255634 -2.344456 2.346193 -0.977206 2.160239 -3.547375 -1.833696 -4.607440 1.035282 -1.634842 0.075031 -4.092197 0.884444 -2.363958 0.174949 -2.679327 2.798010 
1264410740575687587.mp3 :-168.074856 114.158496 4.477303 19.316263 0.381851 7.673251 -3.806481 0.725550 -6.547274 -0.198999 -4.664839 -0.963065 -4.062333 -0.605389 -1.177086 -0.422353 -3.408915 3.541063 2.819733 6.297477 -9.706932 -8.330856 -6.552999 2.915057 3.991154 7.411238 2.971621 0.148370 -8.934519 -5.035786 2.441647 3.562897 -6.844090 -3.522364 -2.104560 4.312655 3.208467 6.365253 3.689834 3.103550 
1247030075121130274.mp3 :-136.680750 80.013239 1.641453 24.819918 0.880729 7.189113 0.380030 3.209687 -3.626368 5.480755 -11.625897 5.832498 -7.515395 2.415720 -4.618344 2.889105 -5.835996 3.832378 -5.857209 4.945431 -1.428492 1.766539 -2.992758 2.396030 -3.203387 3.454662 -3.374816 3.399872 1.009279 6.363162 -4.116978 -1.927126 -5.471277 2.248169 -1.697312 3.401118 -1.929642 2.262995 -3.459726 -1.603150 
1215655650051166989.mp3 :-67.689379 85.817896 29.185395 30.696334 10.189583 4.569141 -2.075302 -0.083487 -12.532785 4.901814 -11.735849 -1.591319 -7.975537 -0.722227 -5.671838 0.871299 -7.344267 2.076134 -1.940620 4.709705 0.066073 1.246136 -5.727370 0.346924 -3.051357 3.351435 -2.837292 1.158944 -1.203968 0.910042 -2.497718 1.062257 -4.960932 -1.315128 -3.704114 0.878401 -2.771500 1.096932 -3.733923 -1.857073 
1218003593034883148.mp3 :-77.602646 78.360721 8.894047 36.271836 9.477930 11.637233 4.893299 7.002779 -0.411741 4.070419 -5.338875 -0.725563 -6.115901 0.634275 -6.802186 -0.389426 -4.935203 3.976263 -3.327676 4.215982 -1.656420 1.600479 -2.959877 0.472898 -4.905925 4.897684 -1.411911 4.502692 -0.895282 -1.066269 -3.949476 3.002574 -0.716290 2.436873 -3.570771 0.487789 -3.225927 2.027068 -0.874322 3.720742 
1243325277926263008.mp3 :-34.549478 65.151517 2.744843 28.108595 -0.014483 8.466683 -6.114090 1.134930 -9.418692 2.402385 -9.514384 0.587194 -6.401073 2.311757 -6.927196 0.725528 -7.365433 2.162713 -3.628261 1.311053 -5.184196 -1.250064 -6.253762 1.380343 -3.910540 2.304604 -4.351895 0.286196 -1.880365 3.123737 -5.851465 -2.471499 -3.677430 3.837001 0.116438 2.821350 -2.719135 -0.871110 -4.671396 -0.257659 
1252429593733830616.mp3 :-53.539063 48.530623 -0.852723 40.718201 8.967310 13.046399 2.776884 12.382492 -2.664605 3.746182 -1.204799 1.279242 -4.294832 2.748106 -6.377349 1.201559 -5.852557 -1.103519 -4.227623 -0.539535 -9.910836 0.298031 -7.350550 -1.732205 -6.723472 -0.819387 -6.394039 -2.541321 -6.470121 -1.050846 -2.907725 1.248040 -3.951442 -0.339808 -4.155112 0.002574 -4.456226 -0.532653 -3.126333 2.806299 
1208680297210415110.mp3 :-70.211452 70.510050 9.073052 32.485574 -0.245153 10.918917 3.728046 7.225401 -1.161940 10.146489 -2.316315 4.844720 -1.846194 2.720189 -0.532971 0.844114 -1.338509 3.829847 -3.218377 3.987536 -1.351376 3.562354 -1.450455 1.364253 -4.211887 1.944206 -3.015885 5.648680 1.222808 5.224151 0.241077 1.686755 -2.404057 0.887590 -5.009473 0.341580 -3.272826 -0.203995 -3.509073 -0.421359 
124192604352525028.mp3 :-89.475101 108.587742 11.096714 30.005870 0.479420 9.083443 10.620274 5.715401 1.828112 5.837332 -9.492492 1.061753 -1.939067 5.227028 -3.761857 1.582567 -6.859760 -0.695546 -5.269425 2.235922 -0.290477 2.991033 -3.007976 1.710992 -0.377316 5.307503 0.649748 5.600081 2.506250 7.064974 -6.216771 -7.718558 -6.698307 -0.033830 -4.359207 0.874577 -1.324620 -0.530622 -6.698641 -1.770328 
1210489554764235287.mp3 :-81.833556 93.346007 -1.846287 28.254599 13.840289 8.950852 -1.058136 3.273801 -1.236868 6.951370 -2.159110 -3.586531 -1.277365 -0.394101 -2.723263 2.559390 -6.368065 -1.019766 -8.594673 1.714258 -1.570656 -1.079204 -6.029845 2.912562 -2.623801 3.286471 -1.800831 4.717155 -1.834177 4.141679 -1.701961 -0.305669 -4.844238 0.578224 -3.607395 2.431951 -0.660095 2.816773 -1.790318 1.996826 
1233293328825508827.mp3 :-178.938614 88.859727 6.514763 27.722296 0.375232 8.019179 1.966909 4.421877 -9.884517 7.871863 -8.923502 5.650791 -8.181825 -3.522846 -7.119332 -3.001088 -4.883615 4.013924 -1.613237 3.702847 -5.080366 -0.188358 -1.675673 3.259336 -1.933422 2.142318 -1.640631 1.640498 -3.073934 -6.678818 -9.876887 -1.258225 0.295118 3.218919 -1.905689 0.361285 -3.860211 0.685086 -2.540998 3.633037 
1226968815898980569.mp3 :-91.395070 81.939521 13.463505 27.219958 -2.930495 7.793502 3.012774 1.624693 3.512864 5.262491 -8.339149 3.809426 -4.049901 6.280120 -1.370812 3.900528 -2.869510 1.834232 -5.889201 1.147877 -1.953232 5.818051 -1.179879 3.552642 -3.099557 -0.317332 -1.862522 2.140221 -5.561433 1.209788 -1.814023 3.049249 -2.197192 -0.384483 -6.538771 -2.495747 -6.869189 -4.453203 -3.554179 1.918923 
1242964232244369939.mp3 :-205.053497 107.977202 1.741802 12.586435 -1.414888 -0.700050 1.682750 10.429604 -22.876245 4.070695 -3.874450 -7.007695 -0.004399 -6.928311 -9.855359 -5.025876 -9.125644 -4.541648 -4.308863 -3.949691 -2.963575 5.878972 -5.213480 2.367751 -5.969160 -3.235031 -6.661853 -3.907209 -8.741849 0.211205 4.640403 3.853935 0.691663 -3.214030 -4.186076 -0.266997 -4.873752 -2.871823 -2.761806 -1.267343 
1254953117903157121.mp3 :-143.988839 59.002126 -3.413455 17.921097 1.572614 13.459106 0.881883 11.024920 0.232225 6.935983 0.004762 8.988836 1.472147 3.271342 -0.812701 5.478031 0.143281 8.050902 0.790175 2.516156 -5.144410 1.483754 -1.682480 3.248848 -1.874596 2.073191 -4.235982 1.931225 -0.831733 1.024149 -3.054410 1.208435 -0.293888 4.575575 -1.513578 2.375014 -1.252907 0.536472 -5.332942 -0.267308 
1260383126626803473.mp3 :-162.747034 60.734773 10.790923 25.249944 2.144428 5.783299 5.810452 7.149589 -6.717269 9.216767 -5.192949 5.328472 -3.721270 -0.364080 -1.689122 4.704468 -1.760191 8.475074 1.040427 3.672721 -9.025131 -2.018422 -3.573956 7.072190 2.462970 6.294025 -4.295845 -2.811433 -5.135978 -1.036883 -4.856561 0.773642 -3.144740 3.340951 0.151292 4.775628 -1.507941 3.039216 -2.127507 -1.011926 
1266674007252410509.mp3 :-227.380648 94.949985 23.947764 32.756270 12.820292 5.980735 8.429675 -3.354924 -3.107205 2.301876 -12.513326 -0.375056 -6.519499 -3.446726 -6.850053 -5.838970 -7.271975 0.738430 -5.397580 4.490119 -1.962733 -1.959903 -6.203647 0.293118 -2.426815 4.324373 -4.664472 2.140942 -1.580970 3.729991 -2.547089 -3.004419 -8.782386 -1.954199 -3.632124 3.337273 -1.746561 1.037944 -2.938410 0.417821 
1221158299306533749.mp3 :-133.003023 120.308170 12.550579 21.630860 7.474619 -3.034301 -0.859322 -6.783171 -9.657928 0.614087 -18.624604 -3.123591 -18.810494 -4.225163 -11.932421 -0.815090 -9.539274 4.425610 -9.069538 -2.724594 -11.664187 -5.029107 -4.237972 -3.134845 -2.278820 -1.816142 -7.911461 -2.587847 -1.533225 -2.179733 -5.061217 -4.968242 -6.438934 3.519420 -1.984812 1.468215 -4.637926 -3.212657 -4.058756 -3.703225 
120666974308890189.mp3 :-181.207523 129.080446 -15.283121 43.781894 0.146083 14.519683 -1.436365 15.026095 -4.317250 6.871581 -4.086298 -5.227561 -0.374960 -1.255657 -4.164860 -3.283981 -5.425617 -5.757586 -2.700659 -3.768267 -5.568340 -8.427526 -3.857148 -1.950449 -3.283653 -1.354978 -1.117782 1.314046 2.111644 -0.934866 -7.105593 -1.058584 2.367189 3.466387 2.575053 0.092802 0.266046 -4.589885 -4.440845 1.081811 
1248417563431973762.mp3 :-115.381221 109.381953 18.734331 32.820479 3.740064 5.542699 3.628594 8.854742 -8.619294 13.633025 -14.717308 1.318214 -2.909559 -4.230152 -5.614754 1.534386 -3.750220 3.003423 -7.099328 3.914114 -0.466508 3.399437 3.063792 1.856548 -4.239783 -0.312015 -3.404356 -1.951290 -3.883221 -0.064689 1.148715 8.032354 -1.551521 -2.602326 -6.605740 -0.470358 -5.058764 0.050102 -3.998008 1.577678 
1240624289388115137.mp3 :-72.668302 63.589726 4.005505 26.683071 2.179392 10.591167 0.574872 8.154577 -6.351250 9.035766 0.173100 6.169149 -3.187655 4.565401 -7.804231 6.521887 -6.280967 4.083832 -5.710338 3.446305 -2.632930 -1.597837 -2.133566 -1.351563 -4.490871 -1.427143 -4.872974 -2.783596 -2.118725 0.394482 -5.568086 -2.122577 -2.150478 0.487386 -2.929018 1.083538 -5.737438 0.637376 -7.191186 -1.037174 
1255638541078652106.mp3 :-118.023549 85.850816 8.476675 28.132095 3.112868 1.294413 -1.639267 1.133198 -10.169775 0.705392 -8.118161 -0.567069 -2.458552 -2.251525 -6.934477 -2.736972 -6.735395 -0.950633 -5.432615 -0.421693 -3.811591 0.833621 -7.857875 -0.911896 -6.676415 -3.627857 -3.438166 1.919037 -5.493232 -1.248609 -0.072841 6.827125 2.164188 2.073347 -6.021329 -4.254774 -6.472224 -1.158159 -2.158761 1.174718 
1253072498709036323.mp3 :-169.340481 102.670245 21.096526 29.617986 3.355043 5.500179 -0.679812 3.003908 0.281232 4.332791 2.881829 5.944194 -2.057143 1.346333 -2.084972 -2.344517 -2.139359 2.762346 -3.768102 5.958563 -5.706202 -0.740383 -0.525444 3.258988 -2.357303 4.922265 -1.961750 2.335591 0.289633 4.999339 -6.546758 -4.613225 -4.453123 5.258199 0.440031 4.270965 -1.950132 0.842525 -4.680024 -2.405067 
1230846894360815933.mp3 :-34.205988 78.976343 -1.818898 18.962553 8.981103 18.058323 0.321658 12.897321 -7.030962 11.454243 -6.027828 6.310205 -3.272943 4.983381 -2.566113 4.573016 -0.732478 5.670807 -3.869203 3.693264 -5.193035 3.783204 -3.236492 6.599246 -3.688437 1.598198 -3.908725 0.754648 -5.257590 2.402871 -1.233002 2.753857 -4.124399 0.928105 -2.138095 1.998061 -2.389717 0.520639 -2.783733 -0.891640 
1233452347267083711.mp3 :-172.744390 67.750920 25.480107 25.684560 2.684301 11.379233 -0.070372 8.447881 -6.081566 0.719276 -5.447300 3.695666 -1.150403 1.924372 -1.119254 -1.053109 -4.270570 -4.979949 -2.190005 -4.050033 -4.916404 -1.318832 -2.201828 -0.067840 -2.487855 3.001513 -1.876458 1.725434 -4.935454 -2.399752 -0.344374 6.727757 1.273972 -1.635975 -4.357869 -2.054300 -3.382147 -1.295552 0.676803 5.119562 
1258056107572450341.mp3 :-96.414189 93.507646 -14.868736 17.263602 -13.672354 2.402998 -9.924275 -4.718037 -3.052594 -4.734537 -8.833368 -5.999590 -2.398803 -4.962027 0.675110 -1.199412 1.279788 5.770822 -3.055049 0.415631 -5.426468 6.689054 -0.837858 3.285056 -0.456308 0.355663 -3.386963 -2.988829 -6.062861 1.418590 1.815833 1.941898 -5.906808 -2.184982 -2.747092 0.790928 -3.134959 2.458858 -3.971008 -2.347917 
1234545574640443916.mp3 :-86.261227 95.101164 -3.610896 38.526171 1.544594 16.758300 2.680683 7.686039 -1.691420 1.756707 -8.531392 0.483810 -8.802974 -0.484043 -8.506384 1.323261 0.097119 2.958923 -2.415213 4.026132 -0.998969 2.226644 -4.435303 -1.852106 -5.180735 1.911241 -0.320149 2.778658 -2.765394 -0.030987 -3.715313 2.183785 -4.515525 -1.848221 -5.560152 -0.839817 -1.174975 2.701209 -2.439927 1.161067 
