8002446686792505972.mp3 :-145.751339 64.437478 3.619756 15.805602 -1.549727 4.262782 0.705361 8.015138 -7.422918 7.150647 -4.553181 4.784649 -3.424183 -2.218450 -6.665401 2.576739 -3.412776 3.965284 -3.500805 3.518259 0.671795 1.984828 -3.754495 -0.613780 -1.694739 4.478313 -4.175507 0.325691 -2.463913 2.434465 -4.061596 -1.710912 -7.188713 -1.633608 -0.248615 4.814871 -1.205590 3.086923 -1.146600 0.120652 
7994106655297982370.mp3 :-135.527855 117.875425 2.487366 32.541018 9.096273 4.533527 1.246601 6.264241 -13.551797 2.746928 -5.713798 -3.010472 -2.273798 0.406702 -7.620106 -1.272536 -6.616150 0.522945 -3.454496 -4.604742 -5.437024 0.340739 -2.836236 1.229418 -5.726185 -1.886577 -3.973443 -1.968863 -8.144681 -1.214385 -1.451790 0.494271 -2.427449 -0.726983 -5.144259 -0.798877 -4.050346 -0.687887 -2.693135 -0.298387 
8028711322716774192.mp3 :-54.014553 60.759836 9.920140 34.069265 -6.076158 18.036590 -0.795896 4.174181 -7.181807 2.844457 -5.012414 2.486376 -5.542256 3.167600 -3.673912 2.048567 -1.268217 1.734567 -3.885274 2.779464 -0.316384 4.189758 -1.655866 4.980875 -4.664649 3.070599 -0.049629 6.471313 -1.899684 -0.026451 -4.284447 2.936800 0.303483 2.861444 -5.563763 -0.594227 -3.856775 1.204681 -3.908597 2.473546 
8034530106564138547.mp3 :-198.601819 70.692893 16.890947 4.473390 15.484706 -5.836737 -1.817508 -11.440495 -13.625319 -0.899268 -16.356926 -4.144412 -14.604665 -6.973563 -9.690843 -9.628681 -10.552823 -3.746735 -12.450072 0.710346 -6.448484 -0.068944 -6.264688 -1.537054 -9.009409 2.919195 -4.209087 6.411190 1.188659 -1.874034 -6.007524 3.787495 -1.254279 1.941120 -3.056698 -0.735403 -5.752224 -3.693309 -2.512014 3.882052 
8055415626948897979.mp3 :-170.839152 87.414080 6.683126 10.450951 -4.754936 -1.266650 -4.110974 -11.104813 -4.696952 -3.927398 -6.906307 0.940705 -6.040957 -2.474749 -3.514636 4.650416 -0.950829 5.987612 -3.801492 -2.645175 -5.596163 -0.413863 -1.769522 4.320022 -1.860710 0.971669 -5.416764 -1.082536 -5.707214 3.963472 4.125642 4.083940 -3.011595 1.016768 -2.789430 1.611741 -1.121379 0.311253 -3.278559 -2.020819 
8017885320397263182.mp3 :-132.109821 83.422643 13.475853 22.909351 -0.454157 3.898349 0.803235 -2.446997 -4.605823 4.349674 -8.023962 2.616242 -11.071989 -5.387047 -6.934065 -3.692712 -7.349090 -1.683746 -11.070013 -0.714635 -3.517157 1.610742 -3.591156 1.059285 -7.579565 0.928102 -3.426982 2.805990 -1.333260 -0.899452 -1.635628 3.099082 1.941031 3.321019 -3.936311 -0.694510 -4.499554 -2.090247 -2.415837 0.248970 
8044918241252567525.mp3 :-108.395595 75.690333 28.481788 18.949314 1.333867 6.356435 4.494087 1.018716 -5.575531 -1.269149 -7.734034 -3.891357 -6.272180 -0.723186 -4.875554 -1.750300 -8.646304 -3.939341 -8.169594 0.871795 -3.553409 1.149976 -3.743527 1.720655 -5.877393 3.297218 -2.686621 2.043655 -3.166769 3.605739 0.079112 4.428352 -1.562512 -1.875939 -7.154995 0.114593 -1.856345 0.203185 -3.176156 -0.482688 
8071533171364668230.mp3 :-130.683062 110.370048 20.577776 25.402110 6.066427 5.228494 -0.420279 -5.200590 -5.018554 -1.436103 -13.819508 -2.298411 -4.969759 3.414345 -3.022869 -2.128380 -3.259128 0.630239 -3.977172 0.458547 -8.879740 3.272335 -2.564394 1.929611 -4.023946 2.845025 -4.061291 -0.160852 -8.476331 -0.156328 1.851822 4.524972 -5.307223 -1.892606 -4.146097 0.207844 -4.213255 -0.286885 -5.805823 1.005667 
8060560824562596328.mp3 :-395.421950 184.186728 39.722853 -8.632209 3.451454 4.813703 -2.272716 -2.007115 -1.939601 -5.328623 -3.923573 3.122680 9.437927 8.756343 -0.931559 -12.213856 -14.900817 -9.730656 -5.203200 -3.387988 -4.352218 -7.974890 -6.689347 -1.614974 -5.681313 -14.334765 -9.777183 2.287537 1.650971 -5.293812 -2.164901 1.695819 -3.283888 -6.784274 -5.026512 -6.103248 -7.985097 -4.248306 -0.945095 -1.348737 
8007654089756684939.mp3 :-158.423604 101.161639 26.498824 20.931837 7.776983 9.706512 3.946511 5.937206 -6.675903 5.774127 -9.987808 -1.440719 -5.125404 -1.584594 -1.336549 2.126436 -1.680873 -1.166365 -4.147115 2.032508 0.300472 -0.904825 -6.043249 -3.275847 -6.818167 -2.169098 -5.149579 1.903048 0.809583 -0.624854 -6.400995 -1.634364 -1.927395 -1.277267 -5.106881 -2.426485 -5.075719 0.098700 -3.881698 -0.300948 
7989202209451959948.mp3 :-89.865991 81.785999 29.038915 39.883331 3.398963 11.298498 -0.457982 10.785736 -10.733515 8.368949 -2.842403 -3.016350 -1.954135 -4.596633 -4.297326 0.946787 -4.586510 0.241773 -5.867957 -1.754547 1.556668 4.941538 -4.711200 -0.655592 -2.208813 2.907170 -3.955486 2.335273 -2.442474 -0.562368 -8.209374 2.599316 0.057897 2.112172 -1.804850 -0.061793 -7.177362 -1.023434 -4.459819 0.128515 
8026039314029352730.mp3 :-75.206834 72.835344 15.974503 30.847342 2.324876 9.983997 -5.305185 6.068856 -6.559938 6.494482 2.027712 -2.548156 0.225675 0.129962 -6.140930 3.827394 -4.616383 3.091252 -5.100997 1.882367 -4.883129 5.446161 0.182044 0.885052 0.243380 0.504012 -4.518816 3.590904 -0.644357 3.362925 -3.384405 1.763083 0.026795 3.607789 -1.704247 2.213730 -2.951906 0.077259 -4.451393 -2.650213 
8063229170808757674.mp3 :-112.173518 78.690872 6.879181 38.690304 1.539484 9.303198 -0.997498 6.676311 -12.860014 5.230487 -3.909375 1.270644 -2.869481 -1.702480 -4.015637 1.406015 -9.167368 3.171329 -4.552389 -0.001023 -5.702752 1.665749 -7.430105 1.709815 -3.068497 -1.073800 -2.002458 3.105162 -1.898012 3.126401 -4.650391 -0.569765 0.799245 7.212904 1.989351 5.093936 -0.045543 3.155043 -1.865678 1.297786 
8061393041704466047.mp3 :-148.095006 118.647601 13.857068 25.672600 7.832835 -1.422210 -0.831276 8.120252 -7.092371 5.926948 0.235816 1.253541 -3.657979 0.122686 -8.374312 -1.207910 -2.565063 -0.999080 -2.631052 3.162274 -1.223637 -2.635997 -2.708865 0.044030 -2.280290 2.224027 -5.277184 0.244702 -1.813017 2.603964 -1.620663 -3.151690 -6.385777 -1.881596 -1.239828 1.982289 -3.702526 0.905609 -3.211690 -1.458228 
8062196531956163344.mp3 :-312.391609 168.088145 -5.102920 -7.617075 3.726351 -1.754960 -0.625564 3.129838 -3.823029 -3.631150 -5.679368 -3.461938 -2.312632 0.665394 -3.440799 -3.610620 -2.921872 1.813073 -2.387142 -2.098122 -1.411183 -0.237321 -3.144563 -1.132298 -3.350131 -2.281078 -3.163386 -1.404621 -0.742372 -0.783195 -3.475809 -2.220969 -1.289471 0.415296 -1.008639 -0.921833 -2.035689 -0.459232 0.450069 1.425670 
8035848621483230195.mp3 :-97.854224 100.288716 5.233765 27.857623 3.718655 3.314065 -2.009798 7.859177 -12.445433 6.273860 -1.934026 0.525769 0.655939 -1.735513 -4.240006 1.364235 -4.393332 -2.377769 -6.778104 -2.670368 -5.122386 2.260964 -10.172019 -0.295137 -5.539460 -0.798695 -3.476927 1.404694 -3.869802 2.698686 -0.247205 5.109334 -1.201049 0.804484 -6.150141 -1.471649 -4.362024 0.188868 -2.481110 2.827836 
8036527215049298451.mp3 :-266.817574 115.549482 3.270434 15.652241 1.770396 -6.882039 -1.465070 0.901163 -5.924918 0.764409 -6.849448 -0.309174 -5.021243 0.163208 -5.850597 -2.390569 -4.511336 1.098976 -4.954029 -2.216726 -4.820549 1.164481 2.639085 2.277093 -3.560986 0.914451 -2.288340 0.111286 -4.918633 -4.544192 -1.018967 5.747223 1.107523 0.927655 -3.477958 -2.205569 -4.666306 -2.845891 -3.998900 -0.293566 
7996362915304499134.mp3 :-89.501835 76.710852 10.107392 32.562188 -5.531001 10.359301 -1.848290 1.007569 -1.444291 0.942960 -4.400090 3.256454 -1.808158 4.038034 -0.399142 4.019017 -1.778936 6.710843 4.418463 7.467567 0.888275 4.059240 -2.191350 5.000452 -1.647502 4.241506 1.633432 1.703258 -5.125978 -0.744010 1.050331 4.971385 -3.104245 1.578135 -0.737337 3.994708 0.082370 4.986267 1.250335 2.619417 
8025169260806499835.mp3 :-26.975460 80.907361 5.249369 25.566934 2.773945 9.896884 0.775600 4.759841 -8.725156 3.034405 -4.639469 -0.185667 -1.103805 -0.038555 -5.266219 0.475476 -4.803552 1.634478 -5.061785 1.008224 -3.118582 1.732431 -2.653341 1.561664 -0.582620 3.560835 -1.554005 4.341822 -0.748687 1.799710 -1.813246 5.737990 0.831969 3.772630 -3.691239 -0.901775 -4.311595 0.687472 -2.819931 -0.387780 
8045990633215057851.mp3 :-184.011554 72.477830 11.959620 16.296238 -10.768181 3.137888 2.285140 2.012101 -15.949315 7.201029 -5.118420 -2.248504 0.398359 -0.712030 -4.415805 -1.028367 -8.721368 -1.276175 -4.296503 2.109899 -3.078706 -2.517261 -11.449991 0.782099 -6.762220 -3.277925 -0.613125 1.161104 -5.579685 -1.245784 -6.967481 0.394320 -2.996965 -1.261572 -6.439781 1.375333 -2.270381 1.772863 -0.200711 3.487603 
806894740134351068.mp3 :-174.665511 86.370926 36.458030 31.833252 12.642795 12.740943 1.806837 12.673104 -10.066925 -0.378032 -3.100661 0.828408 -1.853303 0.484558 -4.935040 -0.398944 -5.505750 -0.529452 -6.694278 -1.067995 -6.861105 -2.087414 -3.428710 2.007498 -4.581361 1.064272 -5.230758 -0.115383 -4.482096 2.705516 1.544167 3.543544 -3.473419 0.217692 -4.581683 1.525798 0.042031 2.307700 -3.965235 0.327090 
7991967997882186333.mp3 :-86.381531 91.941680 -0.758281 23.810422 -3.732555 17.005742 4.421542 -2.494467 -3.395631 3.555378 -1.844395 1.491570 -3.322261 4.221103 0.796617 4.576269 -1.291311 1.701007 -0.086915 6.076716 2.785908 4.220233 -4.370760 -0.964981 -2.797507 3.271444 -0.434690 5.845756 -1.423728 -0.336287 -2.820827 2.916806 -5.221885 -0.951818 -5.226974 -1.345656 -4.592476 -0.944176 -0.574077 7.096086 
7992114176291397020.mp3 :-161.430848 104.288979 17.172357 18.734732 7.257450 17.662971 2.520089 8.624303 -5.001010 3.920165 0.216886 3.312826 -1.276001 -0.984725 0.459238 4.316628 -3.520040 1.939017 -1.810165 2.966039 -0.152747 5.209426 -2.662821 -0.018928 -5.098025 0.656827 -2.328503 4.979576 1.614841 3.138853 0.190597 5.599638 0.481951 -0.408685 -4.985921 -1.858998 -6.065728 -0.763300 -2.759623 4.151453 
807232040623698440.mp3 :-141.682091 75.614971 3.670757 38.141404 15.660257 8.184880 1.010506 12.788244 -9.587559 3.456073 -4.300983 -5.564909 -4.248937 -3.951349 -8.678288 -4.373548 -9.013540 -3.058411 -9.135834 -2.496544 -7.993924 -3.824585 -6.038191 -1.596671 -3.794240 0.204022 -8.708095 -4.278152 -5.183401 0.235075 -3.446167 -1.425841 -6.733632 0.469331 -2.106037 1.839388 -3.822636 0.149372 -4.987690 -1.178751 
8007890664230476136.mp3 :-129.940149 99.895416 31.573143 34.961304 2.281638 9.083140 1.930698 6.369715 -7.639559 0.647400 -4.998108 -2.271034 -3.483316 2.678453 0.707644 3.398957 -4.226477 3.134416 -1.625722 1.887810 -5.984265 -3.225660 -6.372994 0.641687 -1.693464 -0.457820 -2.002428 2.135973 -1.235337 1.791137 -9.499080 -2.582141 -3.392541 3.212291 0.301765 5.258644 -0.052183 1.963885 -3.291250 -1.596160 
802882143107648532.mp3 :-141.040994 111.810066 11.865234 24.787265 9.879606 7.518934 4.431299 3.441359 0.426765 -0.737375 -6.784383 2.678655 -4.509251 1.997321 -2.642413 -0.015425 -4.767887 3.047532 -5.581772 3.265493 -2.967294 0.829934 -0.847591 -0.811656 -6.026154 -1.186952 -3.410389 2.571852 -2.658695 1.128517 -5.097283 3.529150 2.164448 3.375177 -3.436077 -1.527247 -3.389772 -1.061901 -3.850078 -0.758247 
8050907668660059177.mp3 :-39.589639 71.315810 -5.865827 10.939387 1.405590 6.470529 3.294038 2.006845 1.863776 4.962405 -5.613869 4.096604 -1.850140 6.394838 0.045962 6.869190 2.251463 2.961202 -2.519720 -0.685830 -5.538400 4.632698 -3.090537 0.917500 -2.083197 1.743772 -3.388521 -1.156878 -3.798273 4.728894 0.597602 -0.157377 -5.976253 0.227412 -1.142365 2.246179 -0.837741 0.840128 -5.613492 -2.348762 
8010665127495842294.mp3 :-382.455623 168.213960 11.867775 -0.094111 8.205037 0.690307 -2.089638 -4.848789 -9.213388 -11.344395 -10.938882 -8.863557 -7.959486 -6.583746 -7.247227 -6.999667 -3.177605 -3.419200 -5.614844 -5.993435 -9.420238 -9.414377 -4.995028 -2.124516 -2.961385 -5.138207 -5.298930 -5.138616 -4.643014 -2.635880 -2.466433 -4.141718 -5.576505 -2.477142 0.923284 -0.846153 -2.185536 -1.599881 -3.896651 -5.454547 
8028435913141198903.mp3 :-102.679619 98.291090 18.719166 23.978970 11.387873 -1.772717 3.848405 1.357308 -9.175827 7.434473 -8.572461 1.806764 -7.851061 -3.477412 -5.277057 1.046598 -7.531895 6.579124 -8.025583 -1.718546 -4.871028 -0.740397 -0.665117 4.939015 -3.341144 4.961120 -3.026392 -0.939155 -3.671332 -1.467644 -1.835063 1.975006 -3.038625 -1.722895 -5.475128 -0.107478 -6.178846 -2.840751 -6.198089 0.011485 
8071617175574518018.mp3 :-272.427927 169.818129 8.621387 2.643235 0.868719 -1.340025 -7.801633 -5.571082 -16.174773 -5.257984 -11.071251 -8.828154 -5.831453 -5.956043 -5.238246 -7.631939 -4.552860 -4.660552 -7.507580 -4.060213 -3.400716 -1.496867 2.934292 0.725908 -2.697029 -1.995397 -4.388204 -2.980394 -4.900039 -1.663127 -1.156905 -3.197536 -0.905049 -1.430340 -1.471666 1.864231 2.454941 0.066618 -4.531807 -8.495896 
802452833355357974.mp3 :-215.185324 128.818391 16.377872 33.323123 15.944726 5.378735 8.719934 5.526759 -18.987787 7.492900 -3.839428 -5.073916 -5.008783 -5.970176 -8.857854 -5.053630 -10.302567 -3.447731 -2.273440 -2.797687 -6.437577 2.404224 -6.923352 -2.724509 -4.880493 -5.938729 -4.256735 4.575258 3.627317 1.035315 -4.804686 -5.646008 -2.957885 2.921367 -2.029789 -1.229511 -5.056778 -2.198096 -3.268258 -0.358550 
806274891813549553.mp3 :-113.434283 92.234085 4.593821 17.440963 0.122987 5.370439 3.647837 4.303900 -4.266086 5.896799 -9.769850 1.008994 -4.948402 1.241008 -3.939151 7.415792 -2.415990 3.727158 -1.923245 -1.124124 -6.830144 3.214276 -0.700284 2.854505 -3.771741 2.988169 -6.091029 -1.887313 -6.020325 3.213503 0.966714 4.158134 -1.938538 2.074744 -0.981986 1.138700 -4.615354 -0.160794 -2.742657 -1.014655 
8011357761344013783.mp3 :-176.174524 112.714788 23.977753 33.193120 4.248826 6.196737 0.390472 9.869897 -6.250412 2.364673 -2.177706 -5.506226 -2.568998 -2.112563 -3.003520 2.523174 -4.481351 -0.367695 -2.395064 -2.592539 -7.985238 0.758232 -1.084698 0.962799 -2.297042 -0.924408 -7.582101 -0.335158 -6.604414 -2.988446 -2.612661 4.131303 -0.267884 3.051269 -2.782186 -0.085054 -3.808863 -0.873996 -3.753685 -0.099603 
8045452878882509623.mp3 :-101.690050 120.734143 9.795411 21.159388 -6.931978 13.978506 -8.621161 -0.515642 -10.067715 -5.140439 -3.507961 -9.151706 -4.571725 -3.243868 -8.114063 1.726066 -4.015052 2.310802 -0.509701 2.439708 -4.600006 -0.084273 -2.004796 3.614572 -2.400334 0.271447 -6.065310 -2.360880 -5.274525 0.739489 -0.148380 2.074280 -2.423327 2.768406 -0.076635 0.828070 -6.557028 -2.568762 -3.835964 0.673066 
8003400588022145439.mp3 :-71.111655 76.013633 12.878799 31.673437 11.239451 8.569608 -0.388144 5.923466 -1.969566 7.466259 -9.690849 -2.779629 -6.642508 0.988909 -2.638499 0.455808 -1.377686 3.783002 -3.307602 2.841355 -5.711444 0.658935 -0.219428 2.330040 -3.054774 1.713485 -7.179020 2.353205 1.904319 0.220421 -5.788586 0.111554 -0.847548 5.265583 -0.592584 2.171179 -4.662520 -3.465648 -4.679258 1.193703 
7989911066657675442.mp3 :-308.525111 94.345343 -7.261477 13.871431 -16.745816 -0.041860 -4.478556 -9.468249 -9.956308 -6.097309 -14.709479 -2.370341 -9.205638 -3.712424 -6.126715 0.449989 -5.987904 4.632950 -3.932128 2.547261 -1.416746 4.028077 0.660828 0.510828 -3.382446 0.372520 0.394600 10.561659 5.701279 5.379516 -3.154845 0.946837 -0.829414 3.131951 0.191218 3.127578 -2.312375 -0.359703 -5.265523 0.252935 
8037309199580158029.mp3 :-18.159651 95.111132 12.178783 10.135515 13.777608 -1.208399 8.968582 9.246504 -2.325266 12.277012 -2.131293 11.472890 -2.329072 6.919104 -2.615165 2.670417 -5.890855 -0.379413 -3.243418 3.526092 -0.182493 4.036398 -1.828726 5.443967 -1.276877 4.890750 -0.395721 1.057031 -3.292387 1.703507 -1.981004 1.467548 -2.600077 1.270478 -3.340962 4.183136 -3.388301 0.577263 -1.167494 2.246253 
8026740035428037307.mp3 :-192.590371 116.271826 -7.870668 24.323986 3.296536 0.914272 -4.372287 2.263421 -4.679995 0.521489 -6.885071 -0.642012 -6.870327 -1.409107 -2.312374 1.769699 -6.080445 -1.107507 -6.962043 -0.915238 -1.944326 -0.287999 -8.229685 -6.189946 -8.532714 -2.624050 -1.796559 0.660539 -7.208344 -3.923041 0.427785 4.200287 -1.821974 -2.936379 -6.410052 -4.551915 -4.050189 2.484909 6.078279 4.903971 
8057412039700356132.mp3 :-167.571400 113.611201 13.005088 13.901444 1.886765 3.682103 12.267904 -8.265370 -6.479697 5.685808 -10.668084 2.683548 -5.837193 -1.676218 -2.948861 -3.301388 -1.076831 4.210515 -3.237180 5.428605 -1.244885 1.636104 -7.918949 -4.381637 -7.286210 2.057065 -5.125344 4.436500 0.903057 1.772518 -5.510103 -0.955849 -2.736068 3.185556 -0.119627 -0.030742 -2.971390 2.049747 -5.245590 -1.659901 
8017363135253108409.mp3 :-360.578876 78.287581 9.945326 11.280774 -7.790997 -7.318095 2.643453 -5.901414 -14.316736 -0.530636 -16.948020 -5.712180 -8.851075 -8.856202 -5.906298 -3.331273 0.298696 3.920938 -2.149468 5.295220 2.423108 3.446563 3.107289 3.960830 -0.819036 2.226756 -3.523368 -3.498741 -2.845140 -0.453020 4.068311 3.603555 -0.375022 0.580607 -2.751978 1.601699 0.903719 1.618282 -2.004288 -1.041893 
8056095587310573097.mp3 :-136.449408 135.712490 19.141567 13.025482 5.343982 -1.616061 6.481955 3.667383 -18.484679 6.761111 -13.862547 -6.211658 -4.675235 -5.513152 -8.170833 -0.634027 -4.463416 -0.502503 -0.537531 -5.472710 -3.516411 -0.561433 -0.429922 1.574806 -0.305242 2.934188 -0.382463 -0.656688 -4.702405 -6.506527 -8.626939 4.947837 2.950878 1.119640 -4.162620 0.828420 -3.184838 0.890552 -4.269345 -3.996595 
7996451591914067012.mp3 :-227.583023 107.437306 -4.426313 29.504158 -3.240497 -6.899265 -12.014568 -8.683584 -9.359008 1.375495 -3.045148 -0.821961 2.120219 -5.298635 -2.886819 3.343147 -2.986155 -2.622547 -12.333686 -8.129595 4.629077 11.238207 3.370454 0.755663 -1.965548 -0.088904 -6.786358 -0.594784 1.839221 0.901695 0.679818 9.586373 5.221787 -1.043254 -4.546828 -4.704243 -6.851013 -2.692319 -3.650601 5.921798 
8024739285086532848.mp3 :-230.159785 196.840478 -20.905194 0.644318 14.653533 -3.969458 -2.653670 -3.837690 -7.297973 -3.179379 -0.815487 -5.477865 -7.452816 -4.955190 -4.240327 -4.319142 -2.142849 -0.207544 -1.276849 -2.635017 -4.428325 -4.733518 -5.043723 -4.600797 -2.962700 -4.083776 -5.171929 -2.469199 0.014363 -3.621981 -5.494390 -2.040641 0.806381 -1.591259 -5.076633 -5.202446 -4.098954 -3.271817 -1.906175 -0.105870 
8043117455978304145.mp3 :-146.896009 109.083347 20.232724 25.224240 9.648031 6.981132 3.400553 3.809795 -7.819460 1.432906 -6.972277 -1.475862 -3.960920 -0.641433 -4.751879 1.685505 -5.980659 0.411545 -4.189851 -0.932911 -5.551242 -2.404047 -6.158967 0.552633 -5.051393 0.507773 -2.406728 0.494477 -5.824162 -2.589484 -5.354789 2.252219 -1.456031 1.107134 -1.842131 0.891087 -2.600279 0.279692 -3.631217 -0.376544 
8023819930389970154.mp3 :-150.488818 84.877899 -13.104921 8.752050 -6.634973 -2.945463 -7.564235 -12.482297 -4.627122 -9.529264 -13.684094 -5.604986 -8.742251 -4.942895 -7.016279 -1.751059 -2.525092 4.550514 0.243424 5.843866 2.157648 6.363424 -7.422814 -2.129595 -6.119867 -0.507593 -3.502817 2.293530 -1.390055 1.339087 -6.992724 0.349901 -1.884686 -0.963199 -4.281552 -2.781200 -6.948266 -0.052475 -4.049008 1.333892 
8055128282338139439.mp3 :-105.346844 92.249939 16.629064 18.295608 -0.197931 4.918210 -1.598139 2.371995 -8.695760 5.076572 -7.297419 -3.170387 -4.520360 -0.250907 -3.503776 2.040815 -4.226292 -0.400936 -5.766999 0.577684 -4.511834 -1.612535 -5.684437 0.875026 -6.265388 1.256707 0.197076 3.754098 -0.789613 -0.688126 -4.601571 1.107833 -1.825085 1.257664 -4.737778 -3.152577 -7.219773 -0.940354 -1.865011 2.349140 
8035197414292418163.mp3 :-104.509812 97.645518 5.871657 36.157821 2.787223 6.779968 2.491664 2.134936 0.097403 6.147375 -6.453589 0.601858 -5.468571 0.139956 -6.454023 -1.310441 -1.627507 4.221316 -3.131415 4.089806 -4.542784 0.283697 1.576109 1.843589 -3.685239 2.753705 -7.523790 -0.502037 -6.897046 -2.707334 -0.094742 4.606105 -2.585501 0.090009 -3.776700 2.422623 -4.821368 0.105936 -3.054704 1.606969 
7994607358659024169.mp3 :-64.147803 77.057948 2.926255 21.416812 3.561904 10.531711 -5.525076 9.630938 -0.524481 7.821051 -3.013500 4.634858 -5.902395 4.431014 -0.492786 5.303768 1.373405 6.500691 0.584383 8.555365 -3.389585 3.305795 -0.935633 1.603620 0.439488 4.541579 -0.016943 2.901942 -2.152055 1.854494 -3.010956 1.048504 -4.107461 -0.280115 -1.508236 0.779134 -4.331432 2.159956 -4.532065 -0.788562 
8018608391297733565.mp3 :-118.505178 74.429428 35.905043 23.432892 7.718069 14.813156 3.589536 3.086098 0.759467 4.074525 -6.611584 -1.615057 -6.668488 1.942465 -1.904892 1.526342 0.593773 7.176483 1.882568 3.938419 -5.614505 0.043031 0.463190 6.692742 3.728618 7.102264 -3.521348 4.823038 2.713249 4.142414 -2.977228 -2.241078 -3.458084 5.072229 3.490598 4.794971 -1.807323 1.348821 -4.737704 -1.153696 
8022857935499635639.mp3 :-25.204826 52.519088 9.580112 24.364641 -0.082044 5.475717 0.759932 6.871591 -0.694419 12.336948 2.740610 10.101044 -2.822145 1.217701 -4.816782 1.067376 -2.320745 5.822232 -0.019444 3.041729 -4.878705 0.713067 -1.972989 3.332204 -2.155839 4.755900 -1.051351 -0.446507 -5.664915 4.027700 -2.753489 -1.437308 -5.295977 1.356702 -1.353425 2.950338 -2.372160 -2.100275 -6.413306 -0.396655 
