4615128468267811346.mp3 :-137.327263 75.852027 29.409743 18.148325 1.966647 1.649904 -3.620935 0.204684 -10.779980 -0.690262 -10.244127 2.423941 -3.251993 -0.924597 -9.135086 -1.978662 -5.314024 4.360294 1.988447 6.358189 -5.570764 1.276440 -0.032763 2.479945 -0.895013 2.423802 -5.470080 -1.893018 -0.609758 -0.579890 -10.402720 -3.311005 -1.469020 3.272527 0.131846 3.046937 -1.249492 -0.429861 -2.647087 2.100109 
4530548271008406480.mp3 :-168.637300 141.079375 7.143545 28.253539 3.018315 6.821828 4.467906 13.222761 2.527787 3.478958 -5.523131 -0.654259 -1.755418 4.962928 1.039979 2.887629 -0.822715 2.563879 -4.733769 -4.372750 -0.214030 4.617004 -2.878806 -1.852490 -3.941304 -0.412647 -3.257858 3.540175 -0.630451 -1.213717 -1.990525 5.230829 0.561456 0.315293 -5.282902 -3.205622 -4.171618 -2.074064 -1.133741 1.815139 
4506272608578781035.mp3 :-19.816788 79.994537 6.479165 20.004702 5.745253 11.587336 1.106656 9.996859 -1.709447 9.518585 1.227118 2.485558 2.108439 4.076124 0.917378 4.722544 -3.374984 2.974496 -2.795967 3.962728 -0.414319 0.494404 -8.061333 2.814088 -1.046958 4.250896 0.784848 5.574276 -1.415980 5.138486 -0.487043 0.017767 -3.634901 0.114371 -3.015560 3.823097 1.450640 4.711210 2.127669 1.279879 
4506766750231658945.mp3 :-175.754760 110.245682 -0.279372 17.036638 0.604203 0.224931 -2.894513 -2.551133 -9.776066 -2.564254 -13.214491 -2.785316 -7.515634 -2.647576 -9.456445 -8.365901 -6.282713 -4.135053 -5.284038 2.118064 -7.565544 -7.283690 -5.308015 -1.700183 -2.821512 3.759729 -1.555850 1.704807 -1.299967 -5.039185 -11.138019 0.085988 0.412378 2.595290 -0.308099 0.661003 -4.196529 -0.921293 2.014471 -1.678250 
4532277810127853145.mp3 :-97.092612 98.076577 11.957439 25.420735 5.558741 5.832302 -2.373156 8.705952 -12.446635 3.291831 -5.139165 -1.109161 -2.153278 -0.076069 -7.672772 -2.117159 -5.960720 -4.249270 -4.038637 0.216485 -1.222221 2.110177 -2.361645 -0.219901 -4.120614 1.030009 -2.759390 3.141340 -0.565000 -1.461008 -2.630423 5.068196 -1.163444 1.071622 -4.541036 -2.364345 -5.000833 1.060915 -3.883884 4.246391 
4524244465020032783.mp3 :-110.743020 96.917355 16.031409 26.081069 5.997429 1.425812 -2.049701 10.165164 -13.756749 3.309552 -3.536800 -7.295916 -3.294380 1.588890 -6.045363 3.833576 -2.241430 -2.445795 -4.598374 -2.119846 -3.323912 5.729624 2.345477 4.807785 -0.437255 1.462205 -8.919969 -2.825756 -9.906236 3.207223 2.684810 6.194008 -0.189409 0.219380 -3.456756 -0.548891 -4.821897 -2.529137 -6.547910 -1.565320 
4508435278397762973.mp3 :-68.158825 87.298700 6.061380 2.447836 -2.392995 5.453969 -11.962467 1.659131 -8.181440 3.756735 -7.196784 0.768179 -5.892312 -0.201181 -6.982209 -1.375954 -5.644396 2.675013 -0.814884 6.000038 1.857907 3.771779 -1.367593 5.199412 0.789419 3.826578 0.301952 2.917592 -3.896078 0.315612 -1.583532 3.453668 -0.785582 1.921662 -3.183459 1.329604 -0.634299 2.764252 -0.105903 4.165429 
4502522474861615657.mp3 :-123.023049 97.111864 -4.228094 24.755022 1.224506 10.055750 -0.718058 5.257339 -6.068226 2.774307 -2.746658 0.428841 -5.009482 0.741299 -4.510666 0.963680 -5.677407 -0.283137 -6.818441 -0.464605 -5.914818 1.537156 -3.936449 -0.158608 -1.974888 1.814309 -5.879805 0.606157 -3.106068 0.463647 -5.647366 -0.655865 -4.192147 1.279949 -2.720503 1.746238 -2.582958 2.269897 -1.589327 -1.105933 
457774212384741019.mp3 :-119.471241 98.198815 9.531400 31.121846 8.197691 12.930790 1.411073 5.570091 -5.160405 5.891538 -6.463998 -0.361162 -6.277603 -0.694584 -6.039624 2.223464 -5.374443 0.890358 -5.994116 -0.799875 -5.755179 0.429438 -1.719914 3.561499 -3.081811 1.306948 -4.882664 0.088246 -2.929933 -0.958862 -3.750976 2.515683 0.125592 1.037011 -2.462746 -0.565673 -5.405443 -1.279319 -2.921014 -1.374590 
4598752904623680846.mp3 :-227.152150 121.005838 -4.552055 35.636971 7.290691 10.612526 5.867318 11.329005 -7.174515 4.922414 0.170601 -3.723139 -0.406231 -1.597182 -6.512077 0.002368 -5.397226 -4.320123 -6.595024 -1.240258 -4.576593 1.942593 -2.595310 -2.153404 -5.359455 -3.163217 -5.993016 -1.182189 -1.113527 1.354018 -6.260806 -0.853986 -3.908673 0.531533 -3.989628 -0.541926 -5.957445 -1.495253 -2.660620 -1.704261 
4590494969109209614.mp3 :-107.110729 100.392565 10.670702 34.309809 4.444668 5.401756 5.169951 9.423029 -12.633079 8.333845 -7.686042 0.724257 -2.725973 0.623170 -7.939782 0.153090 -7.593459 -1.048461 -1.777995 0.039319 -9.425496 -3.815000 -8.151338 -0.689542 -0.356032 3.699847 -0.821420 1.889381 -6.794282 0.803549 -3.512835 -2.737274 -6.570258 -0.018659 -2.696938 3.526125 0.514791 3.438568 -1.884568 -1.549120 
4529798449773522907.mp3 :-106.188133 86.635799 13.257006 28.125398 5.868900 6.842984 2.726502 7.229016 -7.794468 4.638608 -7.895594 -3.340038 -4.118954 -2.242749 -1.905425 -1.097999 -1.271374 5.075460 -3.806939 2.772861 -5.551161 0.861924 3.104036 7.313144 0.094091 2.330603 -6.200965 -0.955389 -3.489700 0.788533 0.180638 2.437070 -3.773614 0.670227 -3.881021 -0.634405 -5.494027 -1.145191 -4.256510 1.031481 
4539736196588424854.mp3 :-76.519515 104.462055 13.478557 24.142152 8.375953 4.703602 -1.371246 4.626554 -8.693805 0.723036 -4.484830 0.109522 -3.526354 1.380434 0.509869 -0.822629 -3.117003 1.565306 -6.339600 1.628403 -4.562989 2.342317 -7.037550 1.590722 -4.067827 3.202351 -2.159173 0.922954 -6.069400 0.122938 -1.707101 2.528178 -7.269666 -2.830381 -6.063794 -2.488314 -1.781111 3.502726 -0.110810 1.937805 
4528813465942317707.mp3 :-33.495146 44.156030 13.148522 17.142530 15.396741 24.816130 10.413554 16.142296 8.922647 13.544079 -1.280979 7.798866 6.823854 2.188508 -1.596397 11.474762 -4.406777 3.535799 2.858918 -1.292980 -2.141350 3.612146 -5.006370 2.971626 -5.428898 1.386662 -2.297999 1.059214 -0.741205 0.786671 -4.634101 1.844217 -3.496963 1.334299 -1.448620 1.621486 -2.656729 0.733665 -4.736525 0.078940 
4538363511934985496.mp3 :-171.249984 85.741235 -5.494317 19.669395 2.850267 4.022574 10.295279 0.050602 -7.083594 9.514032 -7.867505 7.856547 -4.246869 2.320187 -4.639886 -0.782020 -1.989203 3.373647 -1.228279 3.042421 -6.100675 -0.174617 -1.459452 1.534263 -1.845687 0.579582 -5.429007 -0.729751 -1.701203 0.580907 -7.567578 -3.830668 -3.822167 1.600013 -1.600693 -1.151997 -3.670833 -1.631080 -5.704956 -3.494872 
4586525976068221040.mp3 :-144.511058 111.200667 15.558942 25.612112 8.543550 3.463081 -2.566013 4.560945 -9.449350 0.678174 -5.418273 -3.470068 -5.087577 -4.031645 -12.482867 -5.753905 -5.415352 -0.214345 -5.778081 -0.719596 -5.077123 -0.437529 0.272742 4.817249 0.099344 1.384897 -4.096163 -2.925398 -4.733063 -0.767154 -10.462211 -4.240109 -3.350715 6.188327 2.500324 3.700005 -2.835130 -0.849084 -1.415112 0.758255 
4603680149421475664.mp3 :-102.093884 103.845480 20.559271 30.400378 5.815957 17.086826 -4.729312 12.954977 -3.365458 3.554524 0.871271 3.115838 4.661685 2.184951 0.179822 3.597629 -3.398821 2.274907 -4.086928 -1.286587 -5.846079 1.117696 -6.878846 -0.442791 -0.803736 5.758001 -4.079109 0.003581 -5.302247 2.048695 -2.599106 2.041166 -3.183691 2.008663 -4.294798 1.944919 -2.100044 2.125929 -2.831333 1.840334 
4520950605128743999.mp3 :-87.907948 59.325362 19.582465 12.575594 0.122766 4.451980 4.136296 6.433551 -2.162132 4.974005 -6.375429 -1.501372 -8.481727 -0.601384 -3.955878 3.137602 -4.903351 0.417661 -7.113841 -2.813140 -5.203181 5.519870 0.590716 4.859887 -6.912361 1.453682 -4.254600 0.835000 -4.127420 3.067508 -1.187245 5.189933 0.971969 3.052487 -2.675872 -2.592490 -6.628525 -1.654510 -4.092800 -0.114846 
4591336152733310579.mp3 :-192.422234 110.638548 4.411025 27.902347 4.060310 7.793754 3.990221 2.435734 -4.428844 2.063415 -6.225212 0.977672 -5.143405 0.909015 -3.694117 1.531151 -5.829560 1.390089 0.171570 7.086926 -2.303670 -3.572197 -5.908036 -1.406083 -0.604044 2.466885 -1.537307 3.052708 -4.842676 -3.153862 -3.282251 0.091717 -2.632830 -0.223146 -2.985955 1.898106 -0.611441 2.126216 -0.331700 3.172616 
4537865079684387810.mp3 :-43.212277 75.953914 3.489102 16.452666 1.942197 5.498395 -2.368928 2.715681 1.368367 4.207456 -1.770768 6.245295 -1.333855 2.887746 -0.966280 3.318007 -1.718936 6.762858 -0.155580 1.979275 -0.821838 2.586723 -5.644387 3.934532 -2.751028 3.602052 0.861003 6.411008 -1.178056 3.771777 -5.638292 3.873526 -0.103363 6.033809 0.668485 3.751893 -4.570386 1.698795 -0.053065 4.848116 
4523279228477662057.mp3 :-137.111763 104.144793 17.300678 44.395534 11.557155 7.163751 -3.438372 4.076459 -15.514824 -1.598229 -3.915357 -2.560013 -5.108934 -0.376857 -8.161587 -0.894849 -4.059335 -4.236041 -7.024728 -3.263829 -7.674224 -4.407860 -5.601490 -1.076015 -7.222336 0.355085 -3.685688 3.384756 0.392227 1.319893 -3.845226 2.161087 2.942933 6.164552 -0.160121 -1.051344 -7.752521 -4.965109 -3.547905 0.243720 
4527558464594398847.mp3 :-71.526710 81.301267 -2.883919 23.365322 -3.447532 4.844613 -5.850307 6.926772 -12.675793 11.067613 -0.732509 4.068539 2.682923 2.781687 0.627699 4.616144 -3.656337 1.489006 -4.214130 2.802701 0.628706 4.873898 -4.298130 3.202072 -4.731548 -2.096797 -1.123971 4.571020 -2.102870 -0.508222 -4.162915 3.695576 -0.260781 1.763201 -6.117872 -3.711021 -7.173847 -2.972823 -3.520459 2.455788 
4580987426097349508.mp3 :-62.612573 90.391853 22.018512 19.492849 0.281869 1.311526 8.223122 -2.902577 -9.671757 5.056627 -15.381821 -0.175455 -9.390739 -3.538743 -2.820378 4.859046 -3.887516 4.215380 -5.824571 -4.750162 -3.375007 5.127808 1.207237 0.572585 -9.145626 0.484068 -6.753828 1.395769 -4.385104 -1.645848 -2.056902 3.692244 -2.040268 0.536587 -7.099123 -2.922036 -7.810750 -3.263513 -4.946011 -2.867505 
4524934810027359626.mp3 :-62.917542 57.478383 2.433338 18.285630 -0.849297 9.370659 -0.705286 2.986815 -5.826641 1.569885 -2.910277 4.035598 -3.775429 2.988539 -3.937772 1.433539 -6.093966 -0.240071 -4.456357 1.910126 -4.171973 -0.554523 -4.559260 3.247318 -0.876568 4.139628 -1.336729 -0.159286 -6.564687 -2.183943 -3.166207 3.384080 -4.310021 -0.797347 -6.246784 -0.001429 -2.692927 2.082283 -4.470628 -0.540990 
4506948511284759119.mp3 :-74.497343 92.413718 9.300617 26.447805 3.616099 10.698253 -6.594139 7.105988 -7.544249 1.201130 -4.009787 -1.607468 -3.071029 -1.049555 -3.347070 -1.517085 -10.451347 2.148736 -4.422179 -1.828037 -4.708507 1.011795 -1.892380 2.457880 -3.397258 3.052538 -6.324635 -0.623877 -4.038972 1.547751 0.824863 -0.363221 -3.292552 -1.804371 -1.834338 2.104222 -2.107939 0.359893 -3.993843 1.524137 
4544672713857549662.mp3 :-151.648615 91.670341 18.091251 25.013446 5.635145 10.237220 5.105579 7.407398 -2.726887 7.251844 -4.275663 -2.172668 -4.178332 -2.599938 -6.160861 1.724088 -0.689518 6.753371 4.747841 3.311797 -3.438344 -0.371617 -5.768379 0.623355 -4.988234 5.685121 -3.668418 -0.480809 -5.609515 -1.397068 -2.769692 -0.912818 -4.918232 1.345948 -1.200742 1.990849 -1.133281 2.413685 0.558832 0.902751 
4583658130758134614.mp3 :-164.852509 122.098571 2.934036 30.220849 -8.609068 12.997287 -7.534749 -1.566008 6.193251 0.558134 -1.543639 1.686566 -6.834629 2.294776 -5.016261 1.442166 -2.934963 2.663911 -2.073253 -1.327118 -3.443847 -3.131722 0.980365 6.387706 3.536081 3.585595 -2.170851 -0.862477 -3.618406 -0.162919 -2.772671 2.060886 -2.690672 -0.472222 0.345761 2.523610 -1.686445 -0.084654 -3.434361 -0.611961 
4530790654377155186.mp3 :-97.028859 87.832332 15.549739 19.186842 -0.587219 4.141583 4.916582 -2.876325 -2.819176 5.016449 -10.256533 0.493525 -8.071564 -0.007485 -5.092822 1.062314 -4.680765 -2.871069 -8.339105 -2.946237 -6.095045 5.699309 -0.982120 -1.975045 -8.793589 -1.047891 -8.535210 -1.916321 -3.744474 2.902836 -2.343174 -1.366866 -4.680779 -0.305938 -2.777998 -0.519387 -6.267651 -3.258718 -4.141546 -0.496055 
4504039541355517471.mp3 :-71.278585 86.528481 3.754283 26.688401 0.310863 9.978162 1.021061 11.477864 -6.352900 6.097296 -1.286324 -1.121917 -1.465521 0.931119 -3.584516 1.158875 -8.014797 -3.054346 -7.116408 -2.917739 -3.198972 1.546053 -4.613157 2.218383 -5.603966 2.611009 -3.288991 0.557683 -5.148157 2.110710 0.976113 3.179038 -2.550776 -2.166934 -5.504148 -0.082008 -1.596470 2.297411 -1.177313 0.645640 
4501575168732590710.mp3 :-132.788817 96.721824 11.848611 31.832536 0.451124 -0.003570 12.579664 -3.958377 -1.788490 10.218729 -14.657150 3.856543 -10.418103 -8.340027 -0.934850 3.210494 -4.041525 10.445351 -4.572893 4.740433 1.680400 3.448070 -5.395675 -4.553330 -11.754024 1.484316 -3.803543 0.600647 -6.852337 -3.637740 1.199861 3.015452 -5.053322 -3.796235 -8.109109 -2.011857 -6.152142 -0.203973 -1.395964 0.566489 
4574222491689804541.mp3 :-253.328845 134.092575 -1.922688 16.834618 11.544183 5.419814 -0.763505 1.889770 -11.946258 -4.332181 -17.264307 -4.979359 -8.826823 0.657639 -1.943549 -1.488069 -7.448316 -1.347718 -3.755169 6.653024 -3.327762 6.064069 2.702217 7.785247 -4.337795 2.487225 5.064026 3.341468 0.934635 2.655867 -3.406734 4.048755 0.312403 0.936983 -6.454671 -1.493826 -5.528845 -4.870403 -0.336009 -0.111234 
451174828505037097.mp3 :-118.040822 63.217741 8.193198 14.197659 2.019126 2.330569 3.924021 5.210646 -4.891434 7.902312 -2.371365 11.619287 2.356520 4.651271 -4.406340 -0.814055 -3.476834 -4.211074 -10.425997 0.976160 3.590283 9.248569 -5.964981 -4.412467 -9.510704 -1.428781 -7.567657 3.400539 2.105013 -3.156418 -6.082970 7.439902 3.175429 1.332402 -5.141520 -5.150977 -7.708052 -1.182811 -3.639437 2.072970 
4557045506336694483.mp3 :-199.227678 113.586412 10.567360 29.443396 5.756842 5.744505 -2.926769 4.613527 -4.776202 -1.063227 -1.734329 1.069542 0.350492 0.970881 -0.032280 -1.180688 -5.086807 2.031915 -6.303203 -0.409673 -2.742406 -4.007897 -5.044226 0.060148 -0.443039 2.300298 -0.367662 2.180129 -0.266854 4.067670 -2.712307 -4.000490 -3.854678 -1.385754 -4.806047 -0.237328 -0.669075 2.770925 -1.368559 -0.157072 
4584579235363850187.mp3 :-90.846768 90.399229 19.154249 20.463800 1.189862 7.202879 -0.676869 10.068540 -7.828073 4.582735 -4.213049 0.930549 -3.776847 0.663640 -7.040879 -2.129642 -7.342081 0.868573 -6.664062 0.143662 -5.188841 1.855576 -0.596947 2.714867 -4.926916 -0.305486 -7.354821 -2.510078 -3.424575 2.940437 -1.953221 1.701082 -3.022718 1.505285 -1.864012 0.844999 -3.206547 2.880189 -3.310627 -0.947645 
4527424264689582915.mp3 :-40.051862 72.400596 4.257705 25.133198 -0.416751 13.918659 0.846732 6.750331 3.553422 6.389397 -3.417856 2.846356 0.304146 2.264353 1.236331 5.155417 -0.069761 5.189737 -2.554371 3.842016 -1.563463 8.205701 -0.202261 -0.357031 -4.205756 -3.326971 -2.317835 4.875488 -1.209117 -0.724808 -4.274726 4.027942 -0.975103 0.285428 -5.531301 -1.861333 -6.245440 -0.162604 -1.665697 2.471551 
4593170200395607306.mp3 :-107.544778 94.561345 21.579624 33.539030 6.775405 8.174164 4.507001 8.768326 -9.498030 3.874416 -7.044146 -0.119482 -3.147389 3.296678 2.319568 3.263136 -3.943973 1.703086 -3.423002 -0.333658 -4.084445 -3.067229 -3.600577 4.716873 -3.423661 7.366345 -0.902590 0.650752 -0.334429 7.135527 -5.518231 -4.360935 -4.096603 3.455793 1.185093 4.242260 -1.337292 -0.997390 -4.726960 -3.964432 
456604999901885028.mp3 :-93.481183 86.400463 7.227139 23.356298 5.330508 4.246476 3.520099 1.189597 -2.167363 5.865457 -3.908181 3.189427 -3.727580 -1.538851 -3.560153 0.636088 -3.201829 3.232445 4.579489 10.389028 1.738610 -3.581108 -10.073300 -0.539859 -4.416668 5.400303 0.799459 6.486824 -6.405125 -5.290071 -5.980301 3.184331 -4.577796 -1.259248 -5.595120 0.642325 -1.417810 4.584634 2.722427 4.986197 
4508723877816781472.mp3 :-161.395222 91.063018 15.273445 25.691670 -7.192691 11.760084 2.801528 0.128165 1.545380 5.616423 -11.187835 2.142826 -5.026403 2.008146 -4.548780 -0.076575 -4.328773 4.741827 -3.865242 0.146436 -6.026763 -3.630212 -3.340246 1.647825 -0.210040 3.011765 -2.310786 -0.060921 -5.143341 1.450224 -4.071883 -0.845757 -4.057684 0.564018 -0.741849 4.397870 -0.570311 1.651036 -4.955126 -3.030318 
4584857475231757415.mp3 :-98.463540 81.186445 -4.642110 24.375014 -3.159220 -2.836210 9.159865 -1.764428 -9.227711 1.718463 -6.113197 3.051403 -2.325368 6.873094 -3.476496 -0.148252 -8.476899 1.225581 -2.120733 0.723186 -7.922779 -9.484831 -6.489282 -0.295169 -5.084780 4.558267 -5.583985 1.480928 -3.694521 -6.062504 -10.293044 -4.797080 -4.814064 2.819158 -4.788282 2.308889 -2.409836 -0.447192 -2.146021 -0.492831 
4609303229006793334.mp3 :-81.761019 92.860094 3.210059 25.994717 11.070241 12.917679 3.844979 4.708175 -4.224117 4.073054 -4.271110 4.250712 -2.270954 -0.068167 -4.191967 1.438120 -6.394777 -1.469726 -7.873457 0.454585 -2.672423 -0.689353 -6.719994 1.089087 -2.270481 1.024717 -4.657534 0.712996 -1.250459 1.080310 -8.147536 -1.643667 -3.583065 -0.028438 -3.315635 -0.083973 -4.225411 0.316439 -2.737745 -1.661158 
4592830134217643412.mp3 :-126.539576 78.730614 17.874957 22.242385 -3.360413 -1.102700 8.942216 7.947628 -8.613758 9.303346 -9.092236 4.009916 -2.786585 -6.734938 -4.769558 4.861437 -3.304095 5.911507 -6.092192 2.437876 -2.485466 2.565398 -3.967166 -3.410107 -7.888125 3.644219 0.622260 1.058646 -6.093901 -4.331157 0.483388 5.603350 -4.460754 -5.056448 -9.668330 -4.119273 -7.239022 0.997084 1.305049 7.108260 
4508619187717206196.mp3 :-140.371006 105.478782 11.694989 24.858355 5.351147 -0.163465 -2.503447 -1.389548 -12.061989 2.817002 -17.477418 -3.290790 -9.452767 -2.340697 -8.360581 -0.570343 -6.901030 3.956654 -4.173055 2.193665 -5.085355 -2.132083 -5.851393 -0.783803 -3.216989 2.999597 -3.980114 0.630742 -0.109626 1.676232 -4.476583 -1.164887 -4.622797 0.030155 -2.267513 2.314640 -1.273830 0.708504 -3.695750 -0.226685 
4558970380882967945.mp3 :-117.100398 88.387533 20.086895 36.338563 5.995339 7.032171 -0.774004 1.550707 -5.758782 5.301949 -5.563325 4.588115 -3.978156 2.144570 -8.340122 -3.609432 -3.809374 6.524779 1.104373 11.244208 -2.530021 -6.140843 -8.344830 5.745515 -0.522129 5.533381 0.241378 0.131245 -8.711039 -5.042900 -3.913979 0.417266 -7.147222 -1.193693 -2.035751 2.732997 1.155370 2.957929 0.656317 6.009797 
4574067537569209366.mp3 :-222.783782 108.901348 15.199030 27.288151 2.998550 1.160981 2.134674 -6.726572 -9.616029 5.503150 -10.922671 -2.096250 -9.517419 -5.911968 -6.245297 -1.203947 -8.000322 -0.356966 -3.008663 0.592389 -0.926471 0.107352 -3.400305 1.371653 -2.814762 3.967822 -3.161297 1.289590 0.790793 0.074287 -5.930491 -3.114548 -3.378132 1.308168 -1.847405 0.134420 -2.204072 1.947463 -1.731841 -1.411515 
4594060664935482548.mp3 :-198.734008 131.771191 10.649282 34.528701 -2.650143 7.822306 -0.624541 1.440419 -3.295213 -1.876070 -2.071483 2.632388 -4.775636 2.251435 -0.027773 3.689615 -0.797342 0.829085 -3.216151 -1.352944 -3.263215 2.418912 -2.722044 0.711118 -4.705037 -2.432006 -2.192618 2.937257 -1.641103 -2.043745 -1.851788 5.109194 5.227782 1.393527 -6.732079 -6.576041 -7.571097 -8.343417 -3.516452 3.248862 
4584382148182383279.mp3 :-109.982819 93.112579 6.688044 25.291015 -0.033080 7.525255 -0.785232 8.445818 -8.230972 2.373412 -1.429658 -0.297760 -3.706689 1.740826 -4.012246 0.213175 -2.925065 0.870732 -3.270098 2.614385 -3.028416 0.350035 -9.278919 -1.836466 -1.439467 0.374256 -1.041470 1.428363 -6.050079 2.296551 -0.719515 -0.558382 -5.363912 -3.828906 -6.480561 1.683644 -0.934066 5.502284 -0.500816 0.433383 
4547095721275170251.mp3 :-106.778519 110.476434 9.848268 12.786854 3.271109 0.637282 -2.772507 -4.171251 -12.979139 4.854485 -18.425442 -2.138965 -12.276030 -1.268697 -9.244674 -0.783802 -7.475556 3.988028 -1.458511 8.018599 3.511681 2.198430 -2.536519 -2.318626 -9.342568 3.529793 -2.533197 3.721494 -2.833899 -7.618331 -4.697614 1.612199 -1.176191 -3.841476 -8.661985 -1.674290 -4.809159 -0.461000 -2.639191 6.652536 
4533333529621269315.mp3 :-210.675978 92.873558 13.676764 28.263001 4.003718 13.259318 -4.721051 -2.666501 -6.765289 -0.226361 -6.492134 0.738466 -0.757446 6.360037 -1.265054 2.411004 -1.776337 0.099701 -2.867555 0.953176 -2.326718 0.852593 -5.145817 -5.894487 -7.923426 -1.514711 -6.298393 -0.860168 0.974048 2.545357 -7.189927 -6.266730 -4.701608 1.934637 -2.625458 0.368963 -5.298335 -3.583320 -8.335110 1.147900 
4506588893006879129.mp3 :-327.423230 145.988931 22.303115 30.265655 -7.368346 2.345562 3.776180 2.547293 -6.531680 -1.429489 -5.200260 -7.753291 -7.154385 -6.019441 -5.128113 -6.117831 -8.752660 -5.335344 -6.580595 -7.390715 -8.014657 -2.265237 -4.629825 -2.846384 -0.805828 -1.656854 -1.347889 4.532900 -1.189019 -6.798935 0.314557 5.130947 -2.201217 -5.125801 -7.617658 -4.454260 -5.366938 -4.164880 -3.313235 -3.759549 
4517894323626608293.mp3 :-132.861794 91.995460 7.092314 19.001426 1.689410 2.498774 4.143303 7.150598 -6.924591 8.063610 -5.835375 4.183926 -1.036998 0.506457 -4.927061 1.690672 -5.994214 1.723083 -5.079876 1.049681 -4.645841 -0.947065 -2.216913 4.362517 -4.302438 1.059702 -3.109571 -2.371791 -7.192405 -0.503991 -0.110571 3.395927 -2.271669 -0.022637 -3.581483 0.451914 -4.013579 -0.701830 -1.723709 2.229283 
