1523085601055669485.mp3 :-129.789919 103.125515 -20.872631 30.475682 -0.093510 3.237221 3.161507 -4.111474 2.363486 -3.905240 -5.796162 -1.997350 -6.885899 -0.840233 -3.630003 6.644739 -4.327759 5.184257 -1.754274 2.716870 0.649926 2.521768 -4.229264 -1.510089 -4.740612 -3.142950 -3.276419 7.427140 2.516361 3.217861 -6.850047 -1.454065 -1.285753 2.920595 -2.587392 0.023986 -5.587430 -2.628703 -2.201220 5.077726 
1563052334225884537.mp3 :-109.059836 67.724126 16.693798 37.179384 3.488639 4.176522 4.239542 7.192302 -3.835828 10.828578 -0.802435 7.057421 0.460827 2.843948 -2.909135 1.637072 -3.231155 4.356798 -2.949406 1.995686 1.054200 3.417560 1.011230 6.421078 -2.791070 3.944488 -3.544305 2.342092 -3.444935 1.595834 -1.271695 4.587018 -1.823021 3.581999 -2.623992 1.908875 -1.445888 1.511460 -1.983993 3.558362 
1505048451125908089.mp3 :-77.211772 91.647716 9.592608 21.373210 7.231214 4.633226 1.104273 10.725808 -10.850468 2.789126 -6.469923 -1.183750 -2.450064 -1.552260 -9.106799 3.537724 -6.095909 0.895682 2.407135 3.182079 -5.035820 0.192836 -7.098430 -2.303492 -2.489247 3.461858 -1.192926 5.078080 -3.740135 -2.164454 -2.530543 3.031570 -0.387863 5.261508 -1.751275 2.906125 -2.530130 3.073437 -3.107551 0.167540 
1523739804604715513.mp3 :-120.386008 86.277736 -15.587465 37.128261 11.264723 -0.198090 4.500529 9.525150 -15.688310 7.281631 -1.595126 -1.193153 0.744075 2.924466 -7.690222 1.371196 -7.431052 -0.196505 -3.717743 -2.093590 -6.949562 1.388950 -2.275908 1.359640 0.162010 0.240126 -4.889686 1.118886 -2.554662 1.376905 -8.211893 -4.919535 -3.427012 3.399998 -1.061929 1.907347 -4.603260 -0.615764 -5.463357 -0.615712 
1517531896730760761.mp3 :5.193489 62.251228 -3.036496 43.708212 18.532912 5.970649 1.078431 13.476551 0.939660 8.089567 -3.265805 5.080982 -2.090597 0.322905 -4.004239 2.070871 -1.548983 -1.116071 -1.981585 1.812695 -5.797744 2.499777 -5.030754 0.318350 -4.710886 -0.555803 -0.993815 0.683323 -0.244394 -0.820599 -3.183053 4.384348 -3.422615 3.124174 -2.909264 -0.647280 -7.583750 0.958024 -3.876544 -0.169334 
1526444599172315616.mp3 :-185.176019 95.508801 15.084461 30.790896 5.805964 8.716772 2.421273 9.529213 -7.527722 4.234953 -7.319031 -0.694626 -3.186776 -0.810801 -5.200756 -1.867148 -8.365968 -3.469053 -8.112719 -0.401308 -4.431803 -1.579056 -8.351617 -0.035291 -6.100780 1.353039 1.820352 4.558890 -2.889177 -2.628842 -7.703032 1.305124 -1.246062 0.531612 -4.546737 -1.300253 -3.567619 -0.323761 -1.610041 3.023645 
1495990704474016640.mp3 :-159.505421 95.879034 7.299064 9.339456 -0.756718 -4.062367 7.994433 -12.052606 -5.084616 5.815190 -12.462694 1.635773 -6.592291 -3.598171 -3.324469 -4.146447 -4.376920 2.086828 -6.455561 5.810664 1.494905 6.973650 3.927313 0.965444 -1.175204 2.568019 -4.723344 1.880835 -7.376470 -0.757226 -0.024043 3.152547 -3.730699 -1.892141 -5.704227 0.775275 -1.979156 -0.927635 -5.169339 3.299712 
1555102482067165523.mp3 :-137.018150 85.293257 33.850345 38.906310 15.432197 9.111670 5.556212 7.061207 -11.531330 1.584853 -4.367034 -2.891157 -5.827451 -0.652565 -5.255366 -1.927984 -5.448420 1.522862 -6.933127 -6.335073 -7.889965 -1.058912 -6.164004 0.638021 -6.139431 -0.560237 -2.260090 0.236523 -6.524363 2.235181 -0.905935 5.023456 -1.298118 0.153469 -4.253044 0.499183 -5.461558 -1.919101 -5.082856 0.549734 
1521718205080531773.mp3 :-262.432947 119.111233 27.360264 31.023515 4.551878 9.571451 -2.762766 3.759618 0.114878 4.663202 -3.366042 -2.133165 -3.734936 -1.167150 -4.296203 0.251184 -4.450798 -1.554939 -6.303274 0.372049 -5.259016 -2.626191 -6.338018 0.271229 -0.022388 1.170274 -1.629134 3.261649 -3.020735 -3.856181 -3.542948 2.198300 -1.580435 -0.950695 -4.366825 -2.960766 -5.300932 0.080525 -0.705369 -1.891979 
1538694861685491671.mp3 :-121.091190 111.357444 3.393060 44.413743 -4.082687 19.584659 -0.085149 12.127890 -2.265352 14.779987 -5.883860 0.896896 -4.314468 -2.330388 -1.902133 1.410311 -2.393934 4.818645 -3.378191 1.529062 -4.644065 0.648182 -2.367866 -1.823320 -2.643548 -1.560621 -4.174082 1.914638 -4.469145 -2.478749 -4.873702 1.241091 2.079003 -1.054699 -3.852719 -2.336085 -7.220685 0.459238 -5.942679 2.102872 
1555847112605034167.mp3 :-125.179073 89.680000 3.885953 31.816214 -2.764009 14.502611 0.013286 6.640023 5.132464 1.521900 1.354200 3.652506 2.751844 5.230369 -1.243734 7.430508 -4.279561 8.239825 -0.883131 7.889099 -0.435582 9.205349 2.819571 3.116661 -0.714172 0.658560 -1.884105 -3.215038 -7.541539 2.051325 -0.771011 2.595852 -4.672810 -1.076261 -5.366737 -0.615587 -5.130360 -0.575490 -2.862962 -1.146099 
155154246681998645.mp3 :-69.037140 88.415707 12.728269 37.479562 -12.211605 19.858361 -15.779051 12.182656 -18.740666 1.457245 -9.469364 -1.767994 -4.610103 -8.126149 -3.092570 -2.976805 -7.056257 -1.804531 -4.587978 -1.646571 -3.194249 3.749856 -3.246563 2.261120 -2.631295 0.298195 -6.314129 -1.201578 -6.678867 -0.482374 1.104650 4.479322 -2.931162 -1.523038 -5.158832 -0.651636 -5.392764 -1.739847 -2.085002 1.466460 
1544005609351665316.mp3 :-281.569965 157.034316 15.227900 26.658688 -7.419956 -0.167590 -0.906884 -6.955001 -7.406751 -5.497983 -10.697659 -11.108817 -7.140377 -3.305638 -2.922466 -1.238942 -5.161934 -2.910494 -4.794580 -7.438768 -8.306711 -8.840772 -10.955405 -1.607914 1.975104 3.729940 0.798573 0.751709 0.310156 3.770455 0.131144 -5.058240 -7.005068 -3.252481 -0.988355 0.811009 -0.567301 1.973205 0.600217 -1.329982 
1557200642177621576.mp3 :-195.036853 121.667026 3.050522 34.727335 9.023146 13.873001 2.737061 6.524395 -1.364539 5.626665 -1.851493 -3.259211 -7.317477 -1.800793 -3.462379 1.021306 -3.047102 2.063283 -3.100922 3.034812 -4.644334 -2.178919 -3.549696 1.510470 -3.162775 0.799724 -4.579105 -0.817205 -1.775168 0.695520 -6.560080 -3.377684 -3.317170 1.495785 -0.570185 2.215198 -1.844623 1.788438 -5.073505 -5.269357 
1544525234996278533.mp3 :-99.589938 80.647262 23.154199 28.662444 8.249043 12.924768 -0.324750 9.433027 -10.798744 1.765854 -3.750686 -1.357682 -0.687378 0.017053 -1.226217 0.158754 -1.644090 2.267880 0.409635 1.925814 -1.003319 -4.630128 -5.575585 -2.026376 -4.436206 0.120791 -4.635993 3.082622 -2.335710 1.974121 -2.208205 -2.893511 -1.433686 4.817183 -1.006175 1.180720 -2.904024 0.160582 -6.328190 -1.399214 
1515188189322866217.mp3 :-27.906742 86.523354 -6.459619 17.497214 -1.372381 3.646040 -3.833869 6.206249 -7.109320 8.137192 -0.682745 3.795057 -1.682451 2.321700 -4.272426 1.480829 -4.061794 2.863245 -0.917238 4.935850 -0.171276 4.425962 -1.891823 3.889193 -0.572770 2.243532 -2.753965 1.175300 -3.507592 3.452761 -0.510573 0.637032 -4.471156 -1.048581 -3.176992 2.808443 0.279853 3.352930 -0.454234 0.482713 
1526654081089417239.mp3 :-203.673594 105.789666 16.700433 26.594430 11.954277 7.388386 4.447740 2.946659 -5.511692 7.161801 -5.177364 -0.688947 -3.257798 0.517254 -4.191914 0.529061 -6.015785 1.242592 -2.445348 3.572141 -2.776404 -0.138678 -5.727788 -1.786176 -3.975822 1.439511 -2.161669 0.621887 -2.260330 3.191779 -2.113333 -4.018825 -5.317579 -1.245083 -1.918793 1.538109 -3.097280 0.159098 -1.910383 -1.049910 
1512477607534247446.mp3 :-228.875753 99.032614 7.604307 20.513720 13.576292 6.882368 7.102771 2.207652 -3.592661 4.735398 -7.533068 -0.669798 -8.338495 -0.817632 -7.633355 -5.102499 -8.061655 -2.387587 -9.202636 -1.752888 -6.261092 3.083010 -3.475491 0.195439 -5.987728 2.348495 -3.931604 4.830948 -0.933205 2.965279 -4.050899 2.311846 -0.215058 2.820827 -2.186676 -1.264533 -4.642619 -1.017805 -1.436329 1.645672 
1498604838461177323.mp3 :-106.456659 109.792950 19.574302 22.948294 12.301196 4.052895 -6.416109 6.340714 -9.093896 3.194551 -7.121590 -2.897743 -2.965457 -0.529899 -6.968734 1.370184 -7.706048 -1.965375 -3.338566 -0.914306 -6.579483 -3.082299 -5.848413 -1.085591 -2.184494 -1.245614 -4.031811 2.306277 -0.189316 1.542000 -5.585361 -2.080319 -2.716727 2.512063 -1.355029 1.582721 -5.066552 -1.019710 -4.812367 -1.404024 
1513231227904296716.mp3 :-158.667001 94.497407 -5.151167 25.326484 -3.708458 -0.198340 -0.815503 -0.637861 -12.461844 1.957670 -13.857284 -2.792722 -8.392646 -7.071907 -9.023124 -2.123013 -9.350253 3.307198 -7.715617 -3.079567 -3.007762 -2.839676 -4.978433 1.102342 -3.629431 -2.860650 -5.317102 -0.377197 -0.454756 4.959740 -0.907914 -0.523998 -2.251230 0.699303 -1.467442 0.654485 -1.853918 -1.631006 -6.137048 -1.573857 
1533696832342671824.mp3 :-59.723970 53.886197 16.102341 40.744456 13.456336 13.708824 0.786676 13.468660 -3.797001 0.384251 -3.423296 -1.541355 -4.174541 2.240745 -5.355987 2.790095 -6.224140 -3.662459 -7.277398 2.110662 -4.862269 2.296049 -6.019099 0.805707 -5.272870 0.708043 -5.159100 3.187026 -2.348755 -1.927795 -3.213600 3.096605 -0.813172 0.795765 -7.211282 -3.837643 -9.025580 -2.733972 -1.956867 3.361456 
1541012075043696212.mp3 :-123.769177 99.759115 7.535700 31.433078 -4.395167 5.365588 -5.073021 -0.222787 -8.998492 -0.168096 -9.000047 -0.259677 -5.945081 0.524308 -5.179623 -1.616384 -4.992252 -1.173055 -1.915930 2.803791 -5.972153 -2.610775 -3.928905 0.554423 -1.669288 3.252725 -1.847755 0.079509 -2.578443 2.245422 -4.241507 -3.644260 -6.528806 -1.783486 0.238156 3.296251 1.489284 2.659248 -1.962382 0.420954 
152398247834081955.mp3 :-128.030725 87.968046 27.050925 26.381559 20.121395 1.910749 3.433157 2.637675 -4.114171 15.567712 -14.458183 5.215324 -8.152782 1.251191 -7.614500 1.677531 -6.283868 7.029439 -4.797676 3.167378 -1.993076 -1.351677 -1.140696 -1.068522 -4.709784 1.168544 -3.322129 1.822531 -2.837742 -0.900211 -3.237022 3.270176 -3.670377 -0.574433 -6.099287 0.126228 -4.028695 1.147630 -3.181545 2.079168 
1548980899314174725.mp3 :-136.309935 103.116578 -1.558096 16.471130 -2.205596 3.100838 2.693107 2.209057 -2.735720 9.086318 -6.567340 3.343170 -2.617975 3.070673 -2.316796 2.146495 -2.253851 3.241969 -5.207123 2.010699 -5.985191 -3.604852 -7.021123 -0.041083 0.253383 3.903972 -1.131307 2.054630 -3.824899 -1.803852 -3.166746 -0.881308 -3.299955 -0.164084 -2.839486 2.376542 -1.687661 1.613919 0.014128 -0.570228 
1507015330013067016.mp3 :-80.890055 71.730877 9.333534 22.317928 5.836111 10.014380 0.227846 3.173689 -3.246148 9.615259 -1.849235 4.529737 -1.799651 2.585998 -1.923577 -0.546474 -1.302653 -0.837107 -0.941275 3.534547 -0.859174 2.962534 -5.983218 1.274969 -2.408321 2.550617 -2.417611 2.163647 -1.686632 3.898764 0.371493 0.369238 -5.521780 -1.130941 -3.734866 1.199117 -0.919870 0.142302 -3.470662 1.242763 
1525581504784543040.mp3 :-111.951992 107.707859 29.844492 35.503343 11.548591 15.734055 -2.385644 6.789603 -5.006423 -0.182101 -2.481638 -0.529818 -5.500195 -1.499449 -4.759410 1.464867 -7.373445 -0.948363 -4.330259 -1.473500 -4.856147 -0.948560 -6.284777 -1.611340 -4.706210 3.663445 -4.059847 1.585619 -6.314561 -0.316636 -1.971329 1.648181 -4.245562 -0.620444 -4.534545 1.693349 -2.469637 3.903379 1.099499 3.649184 
1537717933709490009.mp3 :-148.501288 91.363683 30.900234 32.193298 8.291546 -5.243464 -2.247896 4.936845 -7.154034 -1.505235 -10.784754 -6.974616 -5.551255 -3.193852 -7.883087 2.319810 -8.386627 -0.605456 -2.363368 -3.942833 -5.479110 2.838000 -1.708186 2.279781 -2.462934 0.963862 -6.136070 2.824820 -1.117283 1.076343 -1.180438 2.297376 -0.983618 3.784891 0.187366 0.992729 -2.181175 -1.783222 -4.548702 1.261723 
153046841873437838.mp3 :-118.952281 75.188350 15.506870 21.977561 1.387758 8.066218 -9.037607 6.809760 -9.593758 6.202249 -9.810883 1.636096 -4.803889 -1.736096 -5.923952 -0.697908 -4.950690 -1.793625 -5.982149 0.725117 -3.043109 -1.285143 -3.006170 2.490155 -5.632096 -0.049222 -4.856570 -0.525026 -6.884005 -1.602434 1.441225 3.313705 0.330782 -0.365066 -6.034319 -3.807425 -4.521828 -1.182416 -0.908805 1.492025 
1530101866062496720.mp3 :-166.235667 83.233917 -2.200283 28.517032 -4.377205 4.549566 10.052030 -1.153977 -3.652319 8.541686 -8.395563 8.216255 -2.653895 3.372675 -2.320123 -0.107261 -9.120392 2.536042 -3.488519 4.245581 -3.399370 0.720769 -1.091323 1.465731 -1.546221 3.395596 -2.542216 2.246792 -0.057464 4.454751 -0.500922 -2.645097 -6.395289 -2.089778 -2.162104 2.634921 0.338679 4.067260 -4.727865 0.566092 
1517761080367326645.mp3 :-88.718313 100.867691 11.118972 1.979535 13.400978 -0.155277 8.331607 4.233084 -4.892617 5.861015 -2.251692 0.882886 -4.933461 3.125350 -3.303014 0.114242 -4.394357 1.675678 -4.209614 -0.289876 -4.603152 -0.270420 -5.290699 2.432940 -3.671368 0.374172 -3.994394 -0.300853 -6.919131 1.804333 -0.086128 2.615165 -2.785142 -0.218468 -2.972629 1.430308 -2.721936 1.377320 -3.284622 0.582457 
1538435837862302979.mp3 :-98.332730 92.724320 17.588910 27.630122 9.450382 8.861750 -0.052474 8.647926 1.498471 6.466971 -2.474870 2.901155 -0.868179 1.162395 1.191391 3.338314 -3.087030 3.214850 -1.580099 1.445084 -0.664891 2.176275 -5.293434 5.009973 -1.529040 2.563133 1.374592 3.218053 -4.145395 3.255297 -0.460391 3.027029 -0.210713 2.434526 -2.730986 2.234620 -0.294088 3.822692 -0.405846 1.451040 
1533173205336300893.mp3 :-97.639617 93.183518 -5.560858 11.170218 -2.294589 -5.046901 2.273248 -7.402698 -8.172447 2.163775 -9.721780 2.939930 -8.051459 -2.423043 -4.503196 4.941704 -2.765855 4.145292 -5.691607 2.307782 -0.623754 3.746095 -2.327997 0.336810 -4.507620 2.449149 -2.594506 4.807782 -4.648832 -2.524279 2.917418 6.830065 0.377768 -2.841348 -4.128619 -3.244180 -7.737273 2.667766 -7.386406 -0.996977 
1560127743289910177.mp3 :-74.954490 103.477436 27.964754 27.226566 11.497953 4.576529 3.381027 9.901293 -8.397885 9.755908 -5.296665 0.957758 -4.757681 0.534373 -3.387813 0.146399 -4.468134 1.438176 -5.382560 -0.194760 -6.435766 1.033729 -0.766245 1.900616 -2.430555 2.169055 -3.914830 -0.009615 -6.446719 -0.309504 -1.144837 4.379362 -2.654947 0.397269 -3.362308 -1.057907 -4.470680 -1.186715 -5.156541 -2.194097 
1538655161226100828.mp3 :-120.122169 117.017717 16.350839 25.515429 10.612122 -0.615041 0.877801 2.343261 -13.739010 10.104072 -14.373590 -5.400846 -6.233383 -1.672571 -8.065281 1.039627 -5.589884 2.020152 0.158461 1.482562 -3.035766 -4.212117 -5.116516 -1.696218 -3.743605 5.204447 0.877010 3.341193 -0.632106 -2.312505 -6.179588 1.807713 -2.178183 -1.651605 -5.547905 -1.661149 -3.099815 1.920995 -3.298066 0.349332 
1541799148878640524.mp3 :-41.664780 94.946423 4.282751 40.172803 -4.047893 11.665253 -4.426303 8.078509 -9.699419 5.906504 -2.595729 2.413576 -0.576170 0.553232 -3.703588 3.174516 -5.679146 1.805303 -4.851312 1.312777 -3.128972 1.024076 -6.860774 -1.769092 -4.056496 2.269240 0.614781 5.897329 -1.294122 1.786254 1.304117 5.444266 -2.540963 -0.841101 -5.320308 -0.368675 -4.275676 1.341481 -0.434294 1.459781 
1517255954762226285.mp3 :-112.379126 74.863066 -4.838212 20.224691 -1.812549 22.457942 2.124453 11.203207 0.027040 7.013515 -0.249858 4.027269 3.363961 3.976116 5.522287 3.209542 0.975256 3.543585 -1.464737 3.278475 -4.769037 -1.774272 -6.701594 4.620332 -2.879047 2.103876 -1.283799 5.021173 0.659862 -1.008830 -6.432435 0.378524 1.875695 3.702935 -1.296837 0.869662 -4.850124 0.799393 -1.128103 0.745220 
1502406993086553037.mp3 :-140.746210 87.927251 27.575706 26.210749 1.183877 8.542236 -1.595427 0.917128 -7.911291 0.802547 -6.173376 -1.873515 -5.559775 1.431502 -5.258946 2.350343 -2.432435 -0.135068 -4.447600 -1.862107 -1.464218 1.817409 -4.125804 -2.359908 -7.270390 -0.258559 -6.108703 -3.177900 -5.530199 -2.186873 1.457928 2.709969 -3.225369 -2.829013 -6.287189 -2.931419 -5.254313 1.095114 -6.045245 -4.051803 
1557498876379157737.mp3 :-65.420202 71.052622 27.097313 37.973916 15.314841 12.331620 1.106378 3.012928 -1.106418 10.113658 -7.192396 -2.706097 -5.493530 0.320579 -5.744980 -2.757116 -0.514818 3.955603 -0.304195 10.116397 -3.185269 -2.010679 -6.122653 -0.723303 -3.006776 6.753961 0.717340 2.318003 -0.962316 3.079385 -6.379448 -4.032634 -5.251202 3.842010 -0.530833 5.139644 -1.446738 2.024414 -2.208115 0.509208 
152519311209621034.mp3 :-112.926957 83.191032 9.965136 21.272673 3.825901 2.394953 -0.171678 5.586824 -6.936623 6.214082 -10.799019 -6.410311 -8.395825 -1.837464 -7.406433 -4.495367 -7.511187 0.399215 -6.567045 2.862516 -3.888286 -2.224017 -5.301500 -5.108030 -8.760069 1.692334 -3.668364 -0.136984 -3.533640 -1.986062 0.426173 4.524882 -2.061661 -1.091275 -5.076112 -0.065262 -2.611932 0.000755 0.779117 1.016462 
1544069419344139118.mp3 :-108.686037 94.917117 19.697951 26.211980 12.023894 11.246047 1.086602 7.740801 -8.868230 4.065810 -5.638185 -2.763576 -5.473280 -1.934509 -4.444035 -3.052257 -5.920462 -0.394788 -5.504712 -1.291463 -3.241460 -2.404964 -3.395795 0.412905 -3.597320 -3.099695 -4.660568 0.421091 -4.864569 1.403636 -3.335297 -3.544064 -5.595870 -0.474239 -4.690226 1.368610 -3.043246 0.439148 -5.380788 -2.178477 
1549710080936503083.mp3 :-157.442019 113.613218 17.180763 20.747424 2.613142 5.386833 2.245845 -2.200533 -8.385430 1.434633 -11.885221 -3.252844 -14.453286 -4.867342 -13.563443 -6.785026 -14.244294 -4.453251 -11.285759 -2.723348 -6.830018 1.477795 -4.682278 -3.414745 -9.145440 -2.229728 -4.304204 2.408471 -3.338797 -2.990362 -5.158295 -0.203100 -1.803518 0.037639 -3.556447 -2.121285 -5.348309 -1.363702 -4.301895 0.582755 
1496549616765034846.mp3 :-158.485921 107.364963 18.635832 31.511737 3.599083 7.395956 -0.800820 9.636354 -9.676858 -0.435821 -5.863588 -4.112010 -3.043586 0.079102 -2.174001 1.633960 -4.801662 0.788282 -3.916592 -2.024057 -3.917217 -2.351350 -5.879443 1.017930 0.225126 2.801341 -0.906603 -0.312151 -3.451017 1.888849 -4.722678 -6.193823 -8.549947 -1.559265 -1.563893 3.675771 1.124089 2.265626 -3.739246 -1.291153 
1536843062199806258.mp3 :-173.054866 94.895763 10.350778 23.198497 7.457516 5.279170 11.099137 0.349463 -4.464625 10.251478 -11.603533 1.350692 -8.345204 -6.927318 -5.705800 -2.346871 -10.763649 0.541038 -7.274419 1.957048 1.004723 3.984611 -2.002647 1.356851 -8.128356 2.327258 -4.645789 -1.017346 -3.580118 1.648666 -1.036260 1.848173 -5.674011 -3.063860 -5.028182 0.036693 -3.557102 1.123830 -2.336785 0.175868 
1546943427986515132.mp3 :-217.906796 126.501023 -11.418268 6.278095 1.101506 1.455647 6.232273 6.190533 -2.032415 8.582296 -1.334772 4.946051 1.610430 1.344325 0.971474 3.675951 -1.508321 5.841325 -2.105267 1.273788 -4.173896 -0.468826 -1.066382 3.490023 1.192101 2.062822 -3.003496 -0.113005 -1.893420 -0.084845 -2.076632 -2.426463 -3.165152 0.327232 1.118377 3.553385 0.666133 1.741194 -0.688319 -0.888495 
1558516629990768182.mp3 :-373.979631 120.023357 -17.759353 29.860361 -1.425817 -3.745884 5.992816 -12.353816 -4.877451 -3.106543 -7.170929 -2.836790 -3.424331 0.624090 5.526605 5.876237 2.885665 -0.851421 -3.103272 3.027347 7.116104 5.474663 -0.743361 -5.290404 -3.468628 -1.275808 -1.217100 5.197671 5.644480 0.127186 -5.174035 -2.798712 2.722024 0.396777 -3.494161 -3.290489 -3.057004 -3.458834 -4.168751 3.307637 
1534177422430139626.mp3 :-37.817581 76.763951 0.127918 27.355826 1.434800 19.917081 -2.077054 8.835759 -5.240022 5.337105 -2.406287 5.150027 -4.785879 0.362494 -1.029300 1.189933 -5.642940 5.005895 -9.559227 -0.938101 -3.780951 -2.123414 -1.015990 2.949590 -4.114513 -1.196647 -3.858362 -0.502279 -4.251129 2.081961 -5.045029 1.591581 0.844801 3.666706 -1.911584 1.269762 -4.622129 -1.479157 -5.575776 -0.989235 
1497908267830063770.mp3 :-218.685888 143.629068 8.078341 6.349388 -0.076266 -11.631430 2.161710 -9.060715 -6.761716 -1.796249 -17.738428 -4.343210 -8.511324 -4.363115 -4.312334 -4.965722 -3.803156 -4.229697 -2.287569 -0.950557 -5.253841 -5.232777 -5.947898 -4.640363 -3.566297 0.556765 -5.103940 -2.095484 -2.436354 -2.241654 -8.764649 -6.556025 -4.358417 -1.168180 -2.360445 1.625539 -3.159778 -2.343250 -5.644516 -1.950089 
1547126255437401709.mp3 :-273.066438 135.079461 11.528045 34.665402 -13.475752 3.539976 -0.878361 4.665145 -8.778208 -6.542635 -7.875758 -7.110639 -6.808801 -6.733099 -7.200005 -5.342480 -6.683429 -6.566200 -11.633688 -11.913687 -6.122490 0.779125 -8.672627 -5.586752 -4.550957 -6.990160 -8.080199 3.470417 1.117565 -7.261005 -4.544774 7.202303 0.819153 -3.975293 -8.980915 -4.266933 -7.364678 -6.204485 -3.805642 1.549272 
1494341387261281242.mp3 :-239.627931 115.004634 -11.314262 27.129156 -6.866144 1.821862 -2.994420 1.428820 -13.677049 -5.243523 -3.348730 -2.653093 -8.199252 1.251764 -11.982312 -6.757872 -6.786791 -3.351379 -4.362968 2.428026 -3.265046 2.903720 -8.908215 -3.342903 -3.429440 1.003511 -2.655984 -1.737048 -4.010771 -0.384217 1.360020 -0.223300 -8.227453 -5.627055 -6.572533 -1.275566 -2.185724 2.809999 0.242006 1.713483 
1519558580799377210.mp3 :-84.834607 77.634882 10.607399 23.285959 8.794294 10.833731 6.194874 1.073327 -2.692082 10.596977 -13.347618 2.516274 -2.281279 -0.696884 3.354686 -0.604551 -1.450235 7.398521 -2.286018 5.761101 -12.846795 -0.558487 -1.021644 1.837244 -1.183934 3.683406 -5.790530 0.628798 -0.242105 0.702046 -3.843601 -4.187871 -5.765424 4.858120 3.419656 1.882201 -0.074680 -1.012784 -7.316066 3.513655 
