5196293071454868799.mp3 :-130.938676 87.186961 34.118555 35.761236 8.538076 8.943265 -0.829162 5.285983 -7.969142 -0.661010 -8.361012 -2.605725 -5.482168 -3.798992 -6.724564 0.469803 -7.014006 -2.255571 -6.911605 -3.854535 -2.955431 3.409582 -8.420412 -1.117879 -7.698922 0.074061 -6.587765 4.391948 -0.008998 1.361664 -0.974062 2.431954 -2.516348 0.404604 -4.416254 -2.609632 -3.554787 -1.210983 -4.097057 1.783758 
523729309401108954.mp3 :-81.846213 82.063649 20.722317 21.414638 5.926924 10.139523 4.694718 7.890959 -2.265265 6.681259 -3.280728 4.688187 -3.280387 0.885383 -5.808194 -0.265446 -6.990079 -2.134596 -5.637823 -1.497002 -7.093916 -0.112408 -3.127227 3.297962 -2.488582 1.215376 -5.771999 -2.088436 -5.966736 -1.306058 -7.922904 -2.440306 -4.369589 2.776174 -1.834395 1.369664 -2.732654 -0.179981 -2.686771 0.953562 
5198468395087071901.mp3 :-108.889280 76.727280 30.410345 20.886299 23.314097 8.398322 10.471941 6.180107 -2.379204 7.585672 -3.290803 2.446485 -1.369789 0.245553 -2.131489 2.046654 -6.231774 -0.879125 -6.605105 1.899754 -2.164621 0.017564 -5.864294 -4.662435 -5.954444 -0.702202 -6.927389 2.517132 -1.858286 2.686805 -4.266346 -4.284811 -8.262325 -1.345203 -5.543162 1.891590 -2.387784 2.030816 -1.515117 0.748983 
5227612330760721408.mp3 :-93.028562 75.336658 8.141202 53.654508 4.718875 19.249544 5.118802 -11.135574 7.006581 5.425913 -4.398514 4.155841 -6.772873 0.316035 -7.490850 -2.667321 -5.523624 -2.948058 -7.415529 0.245027 -8.779385 0.120891 -6.206555 -1.667864 -5.284253 -1.590583 -1.011341 0.113376 -3.419556 -0.163050 -6.683231 0.225682 -1.790715 0.336455 -1.971741 -1.634251 -3.906723 -1.018022 -5.735295 -0.688894 
5220978037836407776.mp3 :-93.443956 87.745582 26.540115 30.607419 10.951952 10.118805 -3.454509 9.769082 -6.800252 2.111218 -9.943926 -2.711442 -3.491962 2.230790 -3.564199 2.124064 -2.835176 0.983755 -4.408466 -0.097247 -2.839617 -0.532926 -5.809629 1.282938 -1.806572 4.240883 -2.052461 0.192627 -4.125911 6.519875 -0.103240 -1.892874 -8.019576 -1.784349 -2.033541 1.828478 -1.985942 2.757429 -0.806765 1.457512 
5214720411535312610.mp3 :-74.283307 102.101684 6.273245 25.318965 4.249821 11.645537 3.053547 6.383057 -7.532707 11.966461 -7.626363 1.089102 2.036679 -2.822869 -5.836294 2.629555 -10.092992 1.098877 -1.478965 -2.132851 -7.255454 -0.025695 -3.880695 0.779434 -3.687629 0.941984 -4.988254 1.123391 -3.870991 -1.028383 -10.482581 -3.355135 -2.734216 3.932395 1.324988 3.792182 -3.233250 -0.119255 -3.385709 2.437219 
5196603138493315632.mp3 :-71.789340 80.862328 -17.576483 39.179748 3.287525 11.141239 3.384498 6.744601 -5.803827 9.783119 0.019681 5.006427 -1.005570 1.674169 -5.846283 2.495204 -6.108291 -1.220692 -5.512345 -1.116913 -5.620749 1.367255 -4.835612 1.894877 -4.570985 -0.911978 -6.020643 -2.888295 -6.843549 -0.123651 -4.384181 -1.336469 -5.178508 -0.324923 -3.865728 0.196582 -0.800086 2.802390 -2.365665 0.019032 
5222068167203174851.mp3 :-38.114642 72.349078 3.247038 23.058960 0.166714 1.908621 -1.428553 1.728672 -9.682560 4.446026 -1.234458 2.197745 -5.487973 0.708603 -6.755681 -0.403724 -5.961907 2.549938 -5.587953 -0.543684 -0.712674 1.382928 -3.772184 2.202064 -4.563718 0.794973 -4.981633 1.841552 -3.142878 3.470442 -3.278695 1.014750 -3.878169 2.486238 -2.882549 -0.022059 -3.154214 0.688900 -2.721692 0.290067 
5218097830983345316.mp3 :-93.453713 65.666501 19.757778 35.076106 13.077773 1.482099 4.166632 8.161945 -3.047869 5.848370 -8.737132 2.786708 -6.424868 -3.407932 -7.289184 3.636048 -5.200440 3.824304 -0.807712 4.347759 1.599719 5.409896 -1.476736 1.404892 -3.998901 5.461001 1.716724 4.645853 -1.864281 5.787541 3.234622 3.075970 -6.272545 -2.465209 -4.754775 1.335208 -1.746690 4.520403 1.023673 1.014961 
5204473807457346783.mp3 :-94.785972 105.788573 9.075196 21.971956 -3.700390 2.705345 1.945621 -4.195928 0.746073 0.492173 -8.171396 4.566123 -5.031145 0.195250 -5.908907 2.411668 -4.850969 2.870902 -0.779198 4.095114 -2.807501 -1.063205 -8.717072 -1.273481 -1.922707 1.865181 -0.785974 2.199930 -2.335408 2.631144 -5.650752 -4.012836 -3.371011 -0.494551 -3.392204 1.712317 -3.472535 3.017564 -1.792166 -1.092306 
5217827908512728671.mp3 :-101.110719 91.514587 9.823697 42.478429 15.615147 6.673670 3.127928 12.637703 -8.879582 16.093589 -4.313180 1.784499 2.590865 3.719902 2.691968 -0.783794 -1.186037 4.779240 -6.993237 -0.197313 0.789249 4.942836 -3.118806 2.105419 -5.466188 1.236768 -4.466560 -0.250885 -1.337345 5.442883 1.416490 2.500807 -4.554189 -2.730735 -5.872172 -2.051135 -4.696144 0.996302 -3.909170 -1.396911 
5238642484983485050.mp3 :-111.870550 81.722844 29.261714 28.880267 16.558251 10.255167 1.609592 6.106775 -9.284582 7.221631 -9.450143 -0.275657 -3.897787 0.124598 -4.257151 -1.668769 -5.501255 -1.365973 -5.284957 2.376157 -3.005956 0.860138 -4.972329 -2.960773 -5.983910 0.522642 -1.222710 1.874125 -1.793427 -2.649604 -2.762298 1.839985 -1.684418 1.641484 -5.124638 -0.410450 -5.203340 -1.470235 -4.166199 2.851866 
5224562272473951568.mp3 :-143.037560 121.241073 6.962940 14.966913 7.777410 1.807818 0.346566 3.087493 -8.403435 2.842212 -8.501436 -4.184206 -8.775483 -8.876763 -11.833536 -3.514822 -8.171697 2.664670 -5.942836 2.740966 -8.485484 -1.491940 -6.854917 -3.757317 -7.558251 -2.733776 -5.077714 -0.480570 -5.668484 -3.475989 -7.487769 -3.459838 -3.813115 2.236833 -3.243905 0.594834 -5.992464 -3.809797 -8.090400 -2.441745 
5241193636828699078.mp3 :-172.392980 99.566812 36.320687 35.735480 11.121273 10.613324 4.149882 7.978728 -0.275007 6.437950 -5.302833 1.826357 -5.376011 6.021559 0.610000 2.177963 -1.540303 1.171331 -3.526755 3.997881 -0.882847 2.926782 -2.227271 -1.425954 -2.350001 3.442015 -2.844056 2.491245 -4.312800 0.166907 -0.864672 1.195642 -0.069802 0.606706 -3.202419 -2.053159 -1.856841 1.607336 -0.240102 2.620032 
5236655233320188351.mp3 :-163.523995 83.004762 3.062095 46.117878 1.839787 17.311766 -3.591898 10.571601 -8.411865 1.597438 -2.988279 1.712768 -4.988441 3.106798 -3.750429 -1.040587 -4.294154 2.498689 -5.651317 0.617302 -4.254885 4.070199 -4.541553 1.638303 -1.877780 -1.011710 -5.997603 -2.533475 -2.281481 2.703603 -6.680076 -2.367161 -1.112749 4.758097 1.502155 3.687596 -3.642619 -0.495141 -1.701592 0.363385 
522711667904365866.mp3 :-84.461419 86.190318 9.685290 21.153534 -0.219869 3.344658 -4.997111 3.822923 -3.860429 0.192106 -6.197309 1.525210 -3.777139 1.798682 -3.368418 0.312006 -7.101826 1.674813 -2.640080 0.183460 -3.981857 -0.564465 -6.284292 0.964042 0.513349 4.443735 -1.697411 3.090732 -3.204166 -1.565490 -5.767848 1.513711 0.067371 4.666773 -0.809415 1.422759 -2.784099 0.811912 -1.932055 -0.471081 
5216486950853396480.mp3 :-82.236910 74.901148 10.872401 24.004847 -2.805429 10.800539 4.994721 6.344851 -7.442695 8.070945 0.403391 3.119222 -0.483581 1.383757 -4.938936 2.117055 -5.262301 4.182561 -0.379564 5.817214 3.396822 3.368321 -4.236087 0.753140 -4.527725 -0.442899 -2.241761 2.037126 0.567895 4.427546 -5.062385 -1.345277 -2.569322 2.405072 -2.395426 0.649914 -2.634684 1.376563 -1.848395 -0.197298 
5198807169603738714.mp3 :-44.391890 63.053505 13.074791 28.820496 8.135766 6.034264 2.360513 5.369603 -3.412912 7.169830 -4.127198 4.410259 -1.305358 3.977974 0.569644 4.498516 -2.005826 2.444972 -5.501520 1.191915 -3.518570 -1.834690 -6.230090 0.359767 -5.073372 0.764773 -2.486954 2.545149 -1.161476 4.675939 -3.052748 -0.807965 -3.611232 0.741358 -1.520819 2.359921 -2.597195 0.643634 -3.332917 2.750892 
5194215445023599029.mp3 :-117.830864 63.372634 12.805410 33.503434 16.598035 6.294881 3.838903 13.786803 -17.370521 8.670033 -6.728923 4.451458 -6.439421 -0.332716 -3.839187 3.411256 -7.474734 3.240742 -5.761082 2.367784 -4.472774 3.371217 -6.653637 -0.564024 -6.026174 -2.880789 -4.848424 2.215982 0.895150 4.129537 -6.896968 -1.051137 -4.948911 2.297480 -1.174518 1.651428 -3.270706 1.092354 -0.896815 -0.947953 
5266785877460931136.mp3 :-103.844159 94.312173 7.202039 20.029022 5.199775 3.816795 -0.390716 -0.767884 -10.512898 3.385727 -16.052757 -2.406843 -8.249441 0.084402 -4.981629 -3.032072 -8.636463 -1.829087 -2.969560 1.252222 -5.167218 -4.534733 -6.840366 -1.068437 -4.387198 0.393138 -2.870995 2.536516 -1.814491 -3.822578 -10.498477 -4.047592 -4.133908 1.725970 -4.689871 -2.984204 -7.692556 -2.931807 -8.577556 -0.805858 
5205823622928483585.mp3 :-135.017937 66.015555 -12.116839 31.998739 5.628937 17.074616 -3.814521 8.263018 5.664691 4.179391 1.255388 4.844786 -2.231468 2.122117 -2.874538 3.910387 -2.754313 7.722241 0.287779 2.411636 -2.718185 2.030956 -0.900522 3.663213 0.425258 3.880383 -2.978474 -1.623953 -7.275651 1.683084 -0.522062 -0.470965 -5.985917 -0.977912 -2.790347 0.345236 -2.890292 0.351953 -2.434738 -1.854022 
5265478686692819620.mp3 :-12.690445 63.663231 -7.692526 10.902681 -0.887282 8.063163 -6.015711 4.428375 -9.255849 1.223278 -3.573433 1.101854 -3.211224 -1.378723 -7.337568 -2.623755 -8.981975 -0.721422 -3.660949 0.106201 -5.168613 4.468694 -2.152125 3.306252 -4.074167 1.630826 -3.985030 -0.806553 -7.169874 1.855791 -0.977135 -0.170597 -3.517724 0.643576 -3.625915 0.995540 -2.557117 -1.409066 -4.287629 2.793749 
5215861168445953489.mp3 :-96.579506 83.982222 8.420503 25.921339 15.278134 -3.239578 13.021256 12.429071 -7.668013 4.127723 -0.822552 2.284358 -4.899633 5.731309 -8.448130 -1.511926 -4.405637 0.230136 -4.625586 -0.225979 -5.865890 2.969759 -2.020672 1.520734 -4.056940 1.968485 -4.023299 1.429021 -0.347914 -0.878994 -4.279280 4.732729 -0.194796 2.072260 -4.410630 -1.687243 -6.428967 -1.857481 -5.316568 0.644017 
5197705986538248466.mp3 :-134.058104 67.835209 32.167296 26.823117 13.691978 4.070834 10.650977 5.186819 -3.640388 9.342772 -4.916455 5.625331 -3.872987 -1.246951 -4.857584 0.395174 -5.426906 4.713000 -7.175634 3.279473 -4.796278 -0.676659 -1.855813 -1.681229 -5.059424 2.767212 -5.309243 2.386337 -5.685454 -1.244653 -5.609540 -1.706762 -3.740897 0.123042 -6.552747 -2.059085 -6.283646 -1.067593 -4.649473 -1.851405 
526381946293273024.mp3 :-91.546067 83.053935 20.334688 33.541085 9.722073 14.114419 0.368641 8.395808 -6.043564 3.080959 -0.091509 -0.113791 1.153764 5.658747 -1.548489 0.895586 -0.513375 1.063938 -3.943272 -0.302384 -5.839515 0.352895 -3.961809 3.178802 -3.821981 3.670563 -3.933263 0.343644 -1.969459 1.009615 -2.510823 -1.861627 -3.332105 4.611434 1.474008 2.406072 0.882428 1.191950 -3.321525 -2.839997 
5254410466084704629.mp3 :-104.956127 97.673033 24.500533 20.885257 0.793596 9.084797 -9.154095 1.946997 -16.688686 5.379282 -8.475301 -6.612698 -6.499760 -3.465097 -5.894960 -6.893434 -7.343308 -1.705297 -3.595701 2.950577 -1.935556 -4.977632 -4.501311 -4.140244 -5.713323 -0.286254 -0.681386 7.239270 1.711620 1.933741 -6.411808 -5.916880 -4.365177 -0.022894 -5.125985 -0.423429 -5.952901 -0.008897 -4.063746 0.095638 
52101848953900842.mp3 :-41.860897 66.976451 -5.244584 16.831222 -0.210359 10.635175 -4.386200 6.215357 -2.883998 5.729560 -0.440063 7.194552 -0.127422 6.009256 -1.869205 3.776867 -3.062008 0.710674 -4.833643 0.750474 -4.778596 0.125514 -6.166209 -0.203246 -4.698548 0.495670 -4.045037 1.624717 -4.130002 1.112841 -5.086728 -1.512541 -5.429208 -0.455992 -4.380847 0.163832 -3.639874 0.481338 -3.168955 -1.199002 
519943816777359469.mp3 :-70.479316 90.338480 13.862981 19.112980 0.253800 8.296265 -1.056359 2.684543 -5.486061 2.703760 -2.252041 0.895631 -4.279296 2.317853 -4.455738 -0.248337 -4.371854 1.902410 -4.636263 1.496008 -2.660588 -0.149470 -3.566354 3.362481 -1.950440 3.204955 -1.850982 3.209968 -4.156298 0.648740 -4.911580 0.515145 -2.077726 1.436386 -4.369966 0.575850 -3.812650 -0.078371 -2.610742 0.032617 
5200811645265048967.mp3 :-172.547463 123.263875 3.384052 26.677520 -2.678524 8.641773 4.141384 -1.149967 -6.603424 0.593483 -8.234554 -2.674929 -3.730324 -3.297868 -6.483841 -1.461149 -5.345638 0.591821 -10.669487 -4.310252 -6.851689 1.343097 -2.179506 -2.022698 -5.536735 -4.096364 -6.175620 1.897631 -3.671972 -2.478074 -1.927801 3.594031 0.571080 -0.062359 -3.649935 -2.240952 -5.008370 -1.310123 -1.978840 0.481009 
5201315210823512351.mp3 :-102.060162 49.302309 9.446829 20.783903 7.583787 4.850542 8.612840 -1.630472 -3.532499 1.921947 -4.738214 5.405063 -4.611209 2.341645 -2.138376 5.765958 -0.667900 6.598768 -3.271149 1.493526 -5.914916 3.247399 -2.783840 -0.312626 -4.880058 0.137689 -6.455238 1.048928 -8.908949 -2.482261 -4.586615 0.093717 -3.144697 0.138037 -3.782458 -0.791314 -4.444793 -1.407991 -2.911898 -0.231085 
5246010011089154300.mp3 :-87.729672 66.616215 29.571022 26.216028 5.671754 13.228185 -4.672828 3.312007 -3.823373 3.176242 -8.310093 -0.493538 -4.120132 0.430308 -3.845268 2.279943 -1.780009 1.652311 -2.471046 -0.399725 -7.152150 3.574551 1.384346 6.205553 -0.864555 2.280315 -6.119383 0.261242 -2.592135 3.040713 -3.006635 -0.215578 -2.970342 2.713074 0.710821 2.419874 -2.882448 0.224535 -7.352376 -3.635096 
5229135026660404161.mp3 :-112.863698 84.146561 20.359362 24.187349 10.619871 10.321052 1.472909 9.500218 -16.212540 5.161530 -16.323280 -2.052176 -7.085954 -6.019060 -8.568021 1.702686 0.612519 0.651466 -3.297974 0.087019 -2.881601 2.686056 -1.244047 -0.256069 -8.113290 -2.651221 -6.237860 -4.458285 -6.588742 3.458281 2.285247 7.163826 -4.680363 -2.738195 -7.385960 -0.378750 -2.542252 -0.721375 -6.776757 -0.467584 
5245495041778575185.mp3 :-96.842608 119.444673 -0.945590 15.529796 -6.518190 7.533253 6.685114 2.656078 -0.052061 5.057108 -10.754192 -1.663809 -5.952552 -0.740450 -2.064776 -0.859243 0.157085 0.281803 -1.743242 -3.312192 -7.791850 -2.098402 -1.870858 3.655576 0.269472 3.354704 -7.040743 1.563426 -2.685886 3.219375 -2.274179 -2.780067 -3.984972 1.358466 -1.341442 2.244430 -2.072780 0.889044 -4.608801 -3.979687 
5200320389360843959.mp3 :-60.051889 62.792615 -17.890113 61.816537 10.682968 21.288701 3.907110 -5.178148 3.178723 3.820398 -2.799860 2.136326 -2.242872 -0.387546 -6.984444 0.720998 -6.270548 1.206254 -4.456988 1.963818 -5.152917 0.483901 -6.010479 1.922220 -1.212834 1.459411 -7.131087 -1.203268 -3.743492 3.433107 -1.836063 0.081017 -3.876581 1.715444 -0.761683 3.072325 -4.452143 0.549784 -3.713266 -0.356396 
5264753692447443.mp3 :-249.282026 87.523562 -7.712242 19.146692 13.893504 1.769306 0.071061 7.062628 -4.427005 2.876473 -9.589878 2.116725 -4.495458 -3.269497 -4.467403 2.704611 -1.515149 1.423167 -2.985637 2.695397 -6.213047 0.462189 -2.908760 -2.950767 -4.859859 0.961214 -4.978565 -1.280569 1.010317 1.634171 -0.118878 4.793071 -1.410735 -2.727203 -1.339595 1.989269 -2.944557 -3.632207 -1.833797 4.334283 
5235138574731529651.mp3 :-125.799500 102.004678 4.502152 33.065487 1.350348 13.790031 1.706555 8.462352 -8.621376 6.718672 -6.327379 1.095951 -7.415098 -1.747168 -4.179635 -0.366914 -0.432492 1.382747 -3.567046 -1.532159 -4.311860 0.894266 -2.645723 2.210210 -5.399761 0.966377 -10.186372 -4.759274 -9.223825 -0.435529 0.687865 2.140600 -5.076307 -4.160610 -4.506182 -1.718468 -4.967024 -1.692440 -4.983480 -1.713979 
5262474571851899861.mp3 :-82.914513 82.813934 -2.089840 29.250923 9.906420 9.497582 6.071076 18.054632 -10.747299 13.018758 -4.097957 1.749807 -2.397603 0.956573 -8.174480 2.184136 -6.844788 4.321155 -2.499815 -0.757000 -6.089571 1.297605 -4.881123 4.713174 2.912086 0.286040 -5.582584 1.686501 -5.676403 0.753005 -2.910776 -1.619412 -2.316079 3.881493 -0.238255 2.517919 -3.227325 -1.548366 -7.063224 -1.271189 
5217002997969953280.mp3 :-194.509484 98.375658 -2.166897 17.262701 -2.630722 -3.531301 -8.202989 -1.211051 -16.395358 -6.068571 -15.828931 -9.303736 -6.600391 -12.756941 -9.370710 -3.422885 -17.307857 -6.921989 -5.709565 -3.656510 -8.385151 -9.434078 -13.168903 -1.269465 -5.147104 0.504576 -0.714143 3.726273 -0.424926 1.680712 -4.142856 -8.839054 -8.691819 -1.150931 0.062544 3.661181 3.365386 2.512280 1.232426 0.874031 
5204818582605260125.mp3 :-246.969745 99.276503 8.529855 31.909886 11.163724 6.384345 4.570693 9.230330 -7.173447 3.509894 -3.482133 0.866296 -7.840976 -3.630150 -8.958241 -7.517595 -4.143401 1.239957 -3.921842 3.528586 -6.015796 0.359509 -6.477410 2.202728 -2.601847 2.639432 -3.307659 -3.916045 -10.837716 -3.216833 -1.420992 5.413426 -1.084666 0.555139 -2.892635 4.217817 -1.197792 2.602295 3.208327 5.194794 
5236572334141134737.mp3 :-195.602923 105.800489 25.974970 35.439745 10.467706 2.203631 1.292240 3.737314 -5.581358 0.694146 -4.319167 -4.412349 -1.683532 -1.115079 -7.249758 0.479792 -11.026162 -5.139622 -3.396517 -5.340757 -3.277180 -0.804836 -4.680664 2.941380 -2.113664 3.082720 -3.904524 3.616860 -3.673656 1.942350 -0.009679 -3.114324 -5.132943 -0.831787 -2.230270 -0.694059 -2.814755 0.253127 -3.825080 0.478620 
5217212818816757469.mp3 :-108.834358 93.340979 23.616311 23.790094 7.907514 3.768194 1.701684 6.341804 -7.395967 10.228809 -10.268309 -0.221925 -8.280521 0.539544 -8.539148 -0.848768 -5.867137 5.871554 -2.081407 3.875291 -0.808925 -0.114126 -6.100715 -1.781646 -6.513709 0.384849 -4.007341 3.925066 2.448411 2.535551 -5.117390 -1.480376 -2.207451 3.498633 -1.811487 1.151278 -2.699080 1.634930 -1.254366 0.457200 
5221793743582372160.mp3 :-88.990133 80.378120 10.762442 34.051019 8.034027 8.882679 0.443369 5.301176 -8.387927 7.819881 -9.285235 4.124971 -9.185782 1.422209 -6.806636 1.061486 -7.278251 0.094719 -9.100785 1.912767 -4.339011 0.496963 -6.887102 -1.843904 -9.128084 0.450886 -3.188674 -0.187229 -4.028348 1.798437 -1.624596 2.583335 -5.741452 -2.328543 -6.088443 -0.875682 -2.008779 2.730307 -2.463943 0.936241 
522529699653595290.mp3 :-200.029932 196.073150 -44.734867 6.014573 -4.951463 -29.980505 -4.013688 -11.065775 -24.089318 -11.168653 -9.482403 -13.144584 -6.576986 -6.061263 -8.575071 -6.309679 -6.586180 -3.960704 -4.848959 -3.430961 0.271761 -3.380047 -7.440580 -4.468740 -5.300234 -5.541604 -1.141622 0.784196 -0.159921 -2.015191 -6.761493 -5.770351 -2.135255 -1.547153 -2.519836 -2.085425 -1.182720 -1.333706 -0.550170 1.318629 
5195273343883738729.mp3 :-76.852560 91.902727 -20.170144 26.140807 3.238354 12.677389 5.451390 11.910557 -1.900498 5.474525 -1.284670 5.445090 -2.204965 1.100594 -0.596160 1.561030 -5.107960 -2.182367 -6.140364 -0.376556 -4.002576 -0.102183 -4.421645 1.266044 -4.623404 -0.582414 -4.177007 -1.222339 -6.095163 -1.952756 -3.196027 -0.274218 -6.338504 -1.092690 -3.074542 -0.935899 -2.641722 2.032426 -3.660989 -0.371845 
5197909731173495750.mp3 :-50.101227 97.152347 0.844343 22.951265 3.753887 7.804688 4.577598 4.417023 -1.830955 7.745816 -4.503237 1.456661 -7.205810 -1.646694 -3.768936 0.445195 -1.327682 4.464355 -0.058504 6.016221 -3.738485 -3.237767 -7.893754 -1.633384 -2.273146 1.168353 -6.652842 1.004224 -2.622981 0.348375 -6.974207 -6.216449 -6.183936 0.637766 -0.690561 3.235718 -0.887212 2.742831 -2.929616 -0.675100 
5240134800394810011.mp3 :-173.629735 119.994185 8.786370 14.770307 10.304966 -8.335948 4.170596 -15.645709 -12.676953 1.571820 -8.652862 -4.341530 -7.382140 -5.459602 -10.530433 -8.292288 -14.378001 -5.303136 -12.774196 -2.688225 -3.932566 -1.377149 -1.483779 -5.303016 -7.328500 -0.415042 -8.557614 -0.153103 -6.850729 -7.751630 -4.354702 1.254055 -5.991233 -3.528491 -8.763798 -5.088864 -8.307981 -3.267560 -6.935909 1.350724 
5265700369850503096.mp3 :-280.929061 88.078413 28.899046 32.204701 10.090038 4.365583 -3.206314 8.389058 -12.813249 -1.544837 -4.455876 -9.047860 -5.000956 -6.844217 -10.411428 -6.283169 -8.309082 -9.348694 -7.147346 -5.585118 -7.529915 -1.105107 -5.381616 -3.116137 -6.802841 -4.601226 -7.075515 3.252334 -3.128376 -3.043353 -6.724993 1.706433 0.660311 2.237628 -3.640899 -0.845618 -8.177839 -3.189607 -4.274330 -4.058497 
5247446464135475102.mp3 :-106.429124 78.311089 3.438921 40.336452 -1.805227 11.104513 -3.017752 2.344778 -7.163293 4.842361 -5.201875 -1.704576 -8.542760 -1.993451 -6.818516 0.537695 -8.314568 3.191605 -3.075370 1.595306 -7.251921 0.492295 -5.963487 2.802519 -0.920118 1.629832 -2.177574 2.186450 -1.815646 0.517947 -3.428802 2.558544 2.005274 7.839447 2.178348 4.358752 -0.120357 3.471291 -2.959916 1.424661 
5213237976005515672.mp3 :-152.162100 95.086646 3.397527 35.160531 7.217812 3.235856 -1.817395 1.455429 -10.701853 2.525988 -8.566711 1.854968 -5.479483 -2.378807 -4.975947 -0.192359 -7.748224 -1.112922 -5.936903 -1.522270 -7.459606 -1.377564 -7.307716 1.256359 -5.201316 -1.670811 -4.480852 -0.500784 -5.363065 4.064484 -0.287554 -0.009326 -3.016180 1.692455 -1.636522 2.714495 -0.153544 2.899306 -1.797542 0.717028 
524526769775146275.mp3 :-71.383803 54.047967 12.467702 22.906587 -3.926312 7.321845 1.482231 -2.941440 2.862216 -1.259341 -3.413878 0.950614 -10.792373 -2.557922 -7.207748 1.986550 -3.503866 5.459928 -1.128129 0.942042 -5.505675 1.067653 -1.694323 5.741379 -3.171330 -0.561160 -5.296656 -4.063061 -7.144570 -0.074103 3.203776 4.887399 -3.532380 0.463335 -3.685616 0.419832 -3.398103 2.383222 -4.055475 -1.026966 
