3197892434366755878.mp3 :-59.327575 108.666989 7.320659 24.770241 4.174375 0.548847 -1.098979 10.383031 -10.766202 7.467603 -4.965048 3.015777 -3.763460 -4.317364 1.164691 -0.402030 -6.087332 2.528518 -6.056713 -1.015331 -5.452241 -2.337626 -6.431915 1.427624 -5.866181 -2.709416 -2.867324 -2.566639 -5.332180 1.688379 -1.683705 -0.294452 -5.245581 -0.167741 -3.807346 2.690797 1.011461 5.810087 1.140498 1.342109 
3238277511431027281.mp3 :-119.314915 88.118787 8.203476 33.152143 1.827589 11.614900 4.353829 14.108107 -5.050123 6.256677 4.353003 1.563584 4.372995 5.139104 -5.045192 6.199683 -2.528194 -0.579129 -5.123532 1.310484 -4.696991 -0.768170 -3.907912 -2.745736 -6.630687 -1.248915 -4.005573 2.130314 -4.079574 0.169743 0.155686 5.715051 -0.114382 3.254195 -4.298931 -0.376851 -5.733045 0.547350 -4.405300 1.458349 
3218420412756654813.mp3 :-271.341951 125.061439 34.722056 9.917125 4.537357 5.927407 -1.243536 -3.394061 -7.130362 -0.639061 -4.561037 -3.704947 -8.960836 -7.387040 -9.532832 -3.667717 -6.017854 -2.730021 -4.256062 -0.536394 -2.896679 1.797464 -3.026238 -2.702040 -5.087443 -1.835817 -3.154336 1.222362 -3.166749 -4.050257 -6.060135 -1.107422 1.738452 2.233064 -4.392348 -2.353717 -4.235152 -1.462424 -3.055030 -1.728376 
3222045064770842117.mp3 :-142.816201 105.409464 23.316873 33.151741 8.729697 2.965589 3.172057 4.106116 -5.231063 1.874667 -7.045288 -4.209887 -6.768725 0.802507 -6.217360 -1.213682 -5.011309 0.325835 -6.811483 0.073989 -6.215186 1.235351 -2.129182 -0.846603 -7.563079 -1.128233 -4.866531 2.794449 1.813555 1.196111 -3.690288 0.334249 -2.820484 2.026002 -3.218751 1.101751 -3.081412 -0.844934 -4.835111 -0.603570 
3217439388667885504.mp3 :-165.575977 109.053057 -9.931733 10.389249 -11.342185 1.209239 3.439196 -3.855273 -20.862034 -4.847875 -8.529867 3.842549 3.978387 5.492397 -6.853953 -1.860490 -3.065340 1.798861 -11.552709 -8.440741 -8.583045 4.967076 0.285521 -0.500795 -2.797183 -0.024714 -5.657101 0.911481 -2.021366 -2.060110 3.007284 10.271109 4.628346 2.152611 -5.338495 -4.739115 -9.208451 -0.711772 2.884307 0.089898 
323924156807904800.mp3 :-202.565792 100.628321 9.762089 28.745036 12.495052 6.861472 2.540970 6.667383 -0.793001 9.597798 -1.474938 3.712248 -4.476122 2.980835 -2.549684 3.398352 -1.743995 3.212483 -2.131973 4.036656 -3.702923 1.426018 -1.318103 2.083956 -7.202218 -1.701044 -4.080652 -1.081535 -7.789929 -1.729468 3.685474 5.709495 -2.754038 -2.591338 -3.664279 -1.893396 -4.672839 1.982116 -1.350178 0.084255 
3223591140672485063.mp3 :-200.817652 111.762276 0.058946 25.722240 2.112937 -3.257399 -11.203471 0.894739 -14.239866 -0.541372 -2.867082 -8.537796 1.822524 -6.740815 -3.782580 3.981743 -6.757973 -1.765761 -3.578519 -4.649073 -7.967321 -1.319840 -2.124487 -0.401370 -2.244056 -0.758696 -7.097336 -0.978957 -4.412850 0.368441 -1.997724 -0.548038 -4.645078 -1.167846 -4.699264 -2.167732 -1.810881 -0.577912 -7.884325 -4.421340 
3195681301497060341.mp3 :-97.264360 72.892280 0.260214 43.469647 1.762711 16.257289 1.942694 7.297641 -4.839941 2.985885 -2.219649 0.514804 -5.638359 -2.843870 -3.342812 -0.801175 -7.886169 6.242586 -7.201180 -3.030658 -2.617569 -7.333866 -5.581770 0.686144 -4.674040 1.548295 -1.035256 -1.367779 -4.948716 1.712781 -4.486571 -1.055146 -3.797485 1.306299 -0.818963 5.114170 0.462257 5.366255 -1.764669 -3.349410 
3229525547577700547.mp3 :-21.961248 65.838884 -2.607970 15.128825 0.425934 7.468005 -4.174467 3.277267 -6.853918 3.393523 -2.422044 3.909772 -2.700957 3.491583 -2.536163 1.938836 -7.021005 0.721642 -4.411159 0.824495 -2.376556 1.358603 -5.018628 0.995894 -3.343809 2.877491 -0.606512 5.008495 -0.780219 0.202058 -4.182710 3.255451 -1.868025 1.150971 -3.997522 -1.681920 -4.340908 1.346305 -0.659629 2.921095 
3189098969637632500.mp3 :-27.565745 81.864144 10.467438 20.378328 6.853339 11.504172 4.107529 5.414600 -2.958752 6.001803 -4.894596 2.083289 -4.352792 1.792550 -3.781170 1.773365 -4.495127 2.291458 -3.560698 1.808162 -3.724845 1.170046 -3.606446 1.620156 -3.419772 1.057047 -5.131619 1.476696 -1.888064 1.402428 -5.560477 -1.644313 -4.611392 1.745556 -2.122006 0.393211 -4.013749 -0.177287 -4.528942 -0.307803 
3189851708850575973.mp3 :-235.042193 117.997639 9.238151 9.080206 1.904611 -8.154326 -2.616766 8.799153 -10.237780 0.192992 -9.450004 -5.408967 -2.591060 1.877542 -8.264595 -3.715132 -5.896132 -2.922759 -6.055778 -3.045271 -1.598823 -0.366953 1.055558 1.521299 -1.297936 2.152951 -2.171773 0.736231 -1.549163 -1.066989 -3.418773 3.800982 -1.085573 1.890898 -0.204749 0.375639 -1.068108 -2.948114 0.519998 1.575783 
3228308157328829083.mp3 :-371.033591 79.606672 -29.066908 -11.356211 -26.693960 -22.115100 -26.289876 -11.991389 -21.205801 -13.856350 -13.669636 -12.268121 -14.150440 -5.740031 -7.917350 -4.644142 -4.041347 -1.107472 -1.720476 -2.716505 -6.056525 5.825581 10.758045 12.652046 6.034251 1.105322 2.842773 -4.478523 -5.009124 -7.026519 -7.057595 4.945503 6.598010 6.451236 1.669444 1.725030 -2.368879 -3.836964 -9.090176 -0.547285 
3233348778106773315.mp3 :-358.646606 200.737366 22.030864 -1.285541 7.441482 0.180787 -4.169437 -8.619724 -11.071277 -12.140363 -14.405387 -12.235211 -7.213557 -5.496694 -8.784191 -11.148816 -10.488614 -9.410838 -5.908969 -3.157916 -4.632586 -4.613815 -3.731285 -1.750333 0.365198 -1.226417 -3.195499 -2.105265 -2.311454 -6.486674 -8.008989 -5.120739 -3.503335 -3.629101 -3.224048 -4.106848 -5.149622 -4.966022 -0.355728 4.018504 
3205120381778876694.mp3 :-170.291353 121.098076 3.012033 17.699688 1.385498 -5.335427 3.835069 -10.201174 -3.249231 4.249510 -10.656515 0.582576 -2.914956 5.373794 -0.289627 2.374629 -5.970435 -1.760075 -1.917431 4.212939 -4.237846 0.817995 -2.611495 1.259445 0.390421 4.876591 0.107298 3.765271 -1.861875 1.611269 -0.140671 -3.714312 -7.976370 -2.155169 -2.154734 1.414169 0.559533 2.949787 -1.339638 0.174714 
3230743707993308891.mp3 :-116.698860 89.436533 23.043018 22.523867 3.813082 1.188211 -0.580948 6.140999 -3.195827 13.162739 -8.683453 -1.584040 -4.206330 -0.379296 -6.911414 -1.198895 -4.842950 -1.774632 -1.385507 4.474069 0.477047 1.402950 -2.224931 -0.802911 -4.633455 -0.849665 -2.727542 -0.957187 -2.170563 -0.455274 -3.527973 2.628868 -2.030305 0.357132 -5.980633 0.540201 -2.055185 1.403492 -2.343399 0.900494 
3207387619251672193.mp3 :-93.121249 79.154517 4.640984 32.456506 12.623765 6.658059 10.554885 7.365657 -0.432284 11.169509 -9.190975 3.310906 1.349337 4.039378 -1.507029 6.341408 -5.057580 0.770319 -4.157210 0.841114 -3.057689 1.222966 -1.840181 0.618973 -4.104220 1.813672 -2.150978 3.822319 -3.241447 2.728597 3.020763 4.516069 -6.122631 -3.723546 -7.353686 -1.665121 -2.734982 4.508425 -0.777092 -1.700163 
3259824909024885887.mp3 :-140.132189 65.172275 2.921451 28.953451 -0.162747 11.266762 6.517148 4.637143 -3.762289 5.039961 -10.140731 2.561532 -11.290386 -0.734175 -4.616335 2.384667 -3.136663 -0.975279 -9.211336 3.358393 0.962592 4.317762 -6.719153 -2.305563 -8.657147 0.809580 -2.769776 2.579508 -0.934668 1.797380 -6.478494 -0.768635 -2.299375 1.643042 -3.096810 -1.162586 -4.763360 1.010443 -2.511877 1.679664 
3204702519644390267.mp3 :-71.516181 62.310175 -13.606403 31.825515 2.116194 4.460743 0.220250 3.083348 -8.178562 7.083316 -5.824481 -0.852975 -5.963192 -2.441698 -3.276715 -3.312231 -6.991714 0.152117 -5.746850 1.258550 -3.431054 -3.009274 -8.858953 0.897401 -4.623107 -0.299902 -1.082261 2.348001 -5.850026 1.194644 -0.676022 3.597099 -4.599613 -0.457619 -4.226518 1.167140 -1.124732 1.234216 -1.119131 3.452599 
3243434986121967896.mp3 :-202.070595 99.898051 11.072213 26.512534 8.859765 8.816255 4.077009 3.234666 -5.108853 1.061553 -6.237702 -1.905581 -8.704345 -2.575499 -8.257813 -0.582766 -6.698142 -1.760113 -7.932390 -0.233785 -0.567313 4.630072 -1.869964 -0.793704 -7.205927 -0.008472 -1.186243 5.972609 -0.856926 -2.446914 -4.515108 4.142600 0.991877 -0.380743 -5.496902 -5.352370 -7.556207 -3.321345 -3.448218 2.211192 
3213458529534211792.mp3 :-254.670738 86.381124 15.109976 29.857525 14.467918 2.117096 3.917998 -0.687343 -6.421214 7.812346 -7.645266 -6.231765 -5.625325 2.485147 -3.931192 0.452696 -3.751646 3.458680 -4.187240 -3.978995 -10.584289 -2.263232 -1.162231 4.297074 -2.666909 3.002756 -3.824741 0.401859 0.069666 6.386458 2.030330 0.665866 -2.213269 3.306068 0.109886 2.905403 -1.566054 1.711466 -4.386546 -5.990295 
3256406414255055152.mp3 :-109.142548 97.138486 11.494468 23.402230 1.818323 10.910884 10.336107 3.233038 -2.990733 3.380060 -9.357992 5.064333 2.311296 2.006825 1.004405 4.373654 2.669918 12.783801 2.658212 1.364858 -10.535921 1.523455 0.936779 8.195440 0.576037 3.388398 -6.061019 -1.715858 -5.286537 0.169197 -3.034782 4.923541 0.329288 2.991594 -0.198604 2.181474 -1.940752 -0.580416 -4.758034 -0.343305 
3256252419022316017.mp3 :-246.017687 108.489532 11.741571 27.655090 8.552046 8.811408 4.623167 5.887994 -9.027904 2.648419 -0.632550 -2.688725 -2.078127 0.403260 -6.387683 -0.577223 -3.386193 -2.932585 -4.615319 -2.711223 -3.538140 -1.703881 -5.718130 -3.302576 -5.532908 -0.878797 -3.288236 2.360751 0.211385 -1.253244 -4.450664 0.601529 -1.336816 -1.241711 -5.418654 -3.592899 -6.019870 -1.496371 -1.235371 0.707314 
3185962205971082257.mp3 :-115.793124 109.632440 4.657269 19.291361 4.131418 -0.899185 -6.799375 5.834293 -15.221157 4.103056 -4.892164 -5.263426 -0.456839 0.308428 -4.642426 3.576968 -4.160544 -2.618286 -2.049532 2.910443 -4.309127 -0.948296 -6.873100 0.893937 -1.604390 1.670376 -5.765485 0.011255 -3.850348 -1.291975 -8.639318 -2.153127 -3.251079 1.392812 -2.121159 3.888420 -1.627484 0.705928 -4.819103 -0.543704 
3217547748648654709.mp3 :-181.402389 96.012798 -14.694105 2.832658 -11.152311 -3.775167 -8.225225 -16.162240 1.791348 -14.314523 -8.633780 -3.867665 -11.526072 -3.646281 -3.611337 1.401269 10.130000 13.162953 6.707770 3.323079 -5.156157 0.056644 -8.748708 4.045561 -0.731991 2.215971 -4.901755 -4.897604 -7.848663 -2.054313 -4.744770 -1.824043 -4.783356 -0.168085 -1.609663 1.438718 -4.305399 2.977745 -1.445118 -1.009360 
3260614710561799777.mp3 :-232.016488 117.316992 6.294580 40.379243 -0.351000 5.264550 6.764523 -2.879380 -6.713247 5.252872 -5.598346 -2.912494 -0.589480 -2.868082 -0.665733 4.615190 -9.045123 1.141327 -3.710637 2.929276 -0.612830 -2.376784 -7.943475 -0.388175 -3.766359 -1.473710 -1.756920 1.205808 -0.841689 -4.584160 -7.951195 1.108458 -1.040786 -0.248822 -5.905188 -2.680575 -6.088284 -1.130037 -1.457054 -2.357252 
3224845789871313113.mp3 :-107.645376 116.075401 24.670016 16.930245 13.961414 -5.085078 1.916097 -5.867618 -5.281596 3.827557 -16.194230 -5.260875 -5.169508 -1.690091 -8.228344 -4.556334 -8.670288 2.997452 -5.039348 4.400876 -3.103065 3.154020 -3.062555 -2.142839 -6.471746 2.871479 -7.275067 -1.557615 -6.474043 -1.118219 -1.448785 -0.195751 -7.222815 -5.909627 -6.738566 1.863225 1.861012 2.737420 -6.376721 -4.397306 
3257134864275926913.mp3 :-131.309343 89.675480 10.458329 27.345036 2.060166 5.974106 1.105201 11.742928 -6.071950 4.400821 2.756101 0.653658 -1.302580 1.969587 -6.601005 3.241062 -6.705816 0.614529 -5.015475 -1.189490 -3.841787 4.104162 -2.277612 1.638400 -1.430845 -1.343905 -7.927300 -0.373406 -4.663139 4.468865 -0.903651 0.374271 -5.349710 1.593733 -4.384295 1.399000 -3.761275 0.260158 -3.794548 0.807854 
3228695192214490177.mp3 :-204.455911 111.328758 16.152657 23.220814 3.192045 7.100399 -1.040138 5.690698 -6.768493 -0.699503 -11.468481 -6.851882 -4.536778 2.508253 -3.077591 -4.388474 -5.666615 -1.995168 -6.219258 -2.079358 -3.463705 -1.173802 -1.493628 0.768069 0.774872 4.818876 2.376956 2.811739 -0.856012 3.514463 1.519273 2.632482 -2.633629 -2.707629 -4.685070 -1.659272 -2.872259 2.896001 -0.006108 -0.728787 
3218466273399964001.mp3 :-121.144533 90.411992 24.489562 26.851993 3.094362 3.845646 1.770804 8.161580 -14.523378 1.435980 -3.302000 -5.338732 -3.920453 -0.453973 -3.698644 3.162483 -6.654731 1.171398 -2.670695 -2.987562 -6.633171 -1.455127 -4.814976 2.379235 0.246536 2.098088 -2.266511 -0.249433 -4.516718 2.223028 -3.983608 -2.742726 -3.750463 0.235391 -0.853594 3.222592 -2.112985 0.579362 -4.922536 -4.319182 
3226533637159098126.mp3 :-99.366760 117.665591 11.585756 21.911072 8.673712 3.136509 -2.470040 4.535160 -10.409579 1.041854 -5.049155 -2.403292 -5.031586 -1.251542 -7.566366 -2.160991 -10.590517 -2.461156 -7.531840 -4.890009 -2.919480 -1.397991 -4.858695 0.467954 -6.650695 -1.060547 -3.489676 4.170257 -2.212043 1.669534 -4.207555 -3.019537 -1.372357 0.289600 -3.076725 0.799278 -5.648450 -1.728441 -5.749140 0.393458 
3255141426000660735.mp3 :-143.942175 111.893708 31.789571 23.939317 14.639143 3.409289 12.252537 6.145091 -4.611234 7.322490 -1.598366 2.241059 -5.253320 2.146430 -4.285498 -4.214681 -6.933484 -2.749134 -7.940625 1.387053 -3.503850 0.773514 -5.125928 1.490436 -3.385175 5.642746 -0.181392 3.142831 -1.793136 2.873168 -1.224713 -1.143324 -5.009549 -1.839567 -6.976229 -2.055722 -1.640373 3.377935 0.669960 0.766629 
324349698744730699.mp3 :-87.665338 91.298045 31.365594 26.819986 4.024755 7.996884 1.087564 10.583439 -5.628066 8.488239 1.642343 4.209495 1.349192 5.377529 -1.151640 5.004366 -4.299466 1.230302 -4.225164 -0.818826 -2.052405 4.668592 -2.327717 0.605708 -4.068582 0.235143 -1.756972 3.342347 -3.476812 3.757219 -1.680178 4.439930 -1.677612 1.944182 -5.981472 -2.510721 -6.634210 -2.163389 -4.434312 1.813191 
3227152549131298042.mp3 :-192.605966 94.631689 22.010294 29.596575 9.689445 10.445389 -1.736492 13.792855 -12.423138 6.170810 -6.878627 -5.713732 0.398588 -1.340789 -2.379203 1.688746 -6.830132 0.619312 -8.379875 -1.110825 -5.204750 0.177088 -4.269380 1.358663 -5.814978 -1.282126 -1.814614 3.452253 -3.563692 -0.889698 -2.912406 6.260697 2.499314 2.697673 -5.666696 -4.137053 -7.851816 -1.253636 -1.999452 0.958844 
3195205248578341317.mp3 :-195.961157 105.968978 8.128183 15.469612 0.836470 7.913745 0.310981 3.551090 -4.993737 -1.918401 -3.311586 1.573373 0.463849 4.586153 -1.677689 4.359921 -6.036512 -4.909256 -8.861004 1.848085 4.345953 2.217925 -10.257437 -4.669101 -7.306950 1.374587 -2.434764 0.675726 -2.672479 5.009126 3.804242 -2.103476 -11.842195 -7.310568 -8.315884 -2.729527 -1.370614 3.670466 1.500904 4.537538 
3197469051134434069.mp3 :-156.872834 75.388847 9.011388 30.163575 8.517109 6.792984 0.165543 4.849500 -3.125870 5.615240 -2.564159 3.998227 -3.604734 0.893024 -3.452400 0.875983 -4.737045 -0.188315 -1.071778 6.496099 -4.575205 -2.331217 -5.404740 4.728385 -3.051232 5.528514 -3.720717 0.417132 -5.864074 3.984934 -0.150732 -2.507461 -8.847701 -0.734286 -1.406984 3.657762 1.439783 3.977071 -0.325488 -0.061693 
3200367631844190364.mp3 :-130.856524 95.598152 22.002318 34.441464 -1.706932 3.968314 11.096586 4.358228 -8.494112 4.909566 -10.731618 1.661396 -4.969838 -4.783894 -7.164705 -2.174187 -11.708494 2.356825 -7.572405 -2.847551 -3.034511 -4.110671 -5.790455 2.949145 -2.230856 2.575802 -0.472699 1.378793 -0.737244 -1.377760 -10.703009 -4.386572 -6.422644 0.680187 -2.600118 0.574269 -1.531594 1.266748 -5.737004 -1.957961 
3225293132174923725.mp3 :-88.933338 82.883693 -6.252188 23.000753 7.688979 -7.723696 -1.502674 9.714766 -9.321995 9.473709 3.723398 3.177139 1.039845 1.340668 0.477891 2.551271 -3.718728 5.049529 -0.326197 0.949952 -3.420635 5.381841 -6.794271 3.529264 0.315884 0.616425 -3.181933 2.219792 -5.275309 -2.760183 -4.128676 3.209871 -2.814514 3.455982 -1.096289 0.900056 -3.749865 1.378317 -2.475241 -0.119832 
3224762949369348831.mp3 :-133.350123 88.732144 16.468343 35.549458 2.609105 9.430024 5.884956 8.754003 -9.622069 11.942462 -2.566906 2.567118 -0.314016 -1.585792 -3.682823 2.693857 -7.248596 3.786324 -1.954764 3.789252 -0.955698 1.050302 -0.749470 8.212718 1.576230 2.770505 -0.172653 -0.160527 -2.964584 1.092228 -6.049981 -4.456757 -2.770424 1.475054 -1.593369 0.427579 -5.900324 -1.285193 -2.320235 -0.192102 
3193728983077773324.mp3 :-112.261717 99.255966 -0.795913 25.467114 6.317632 8.205229 1.455708 8.135855 -1.198358 7.034813 -0.204117 3.914120 -5.010578 4.540900 -2.007482 3.196369 -3.069719 1.381369 -3.526393 2.579736 -3.523853 -1.761197 -5.184229 -1.088807 -5.225956 0.282151 -3.855270 3.339130 0.717374 -2.432498 -10.977210 1.815536 0.361645 3.710748 -3.884314 0.974665 -3.265259 0.265441 -2.714645 1.992079 
3253253319311272960.mp3 :-104.345417 81.768040 27.511376 33.652569 8.520542 9.435472 3.808619 9.393649 -5.642415 5.042133 -6.156296 -1.508630 -1.734537 1.099355 -6.137465 -0.403150 -6.082401 0.180850 -3.306541 1.096695 -2.753318 -0.107158 -4.292190 1.677978 -3.892068 3.105216 -0.133964 1.952051 -2.450589 1.756195 -1.063083 3.013820 -3.260913 -0.904681 -4.115623 -0.260577 -3.131447 1.815579 -0.445012 3.390976 
3252612168462360880.mp3 :-108.391371 64.207974 -0.490009 31.336534 9.037112 19.483567 3.594085 12.018442 -1.840189 7.016616 -1.556467 3.281221 -3.129767 3.368931 1.126746 6.294680 -2.957254 6.499033 -4.977751 0.540727 -1.648063 2.859657 0.137981 3.954597 -3.682805 1.670543 0.422802 2.005736 -3.249289 2.707208 2.148382 7.090917 0.624579 -1.011629 -3.434090 -1.851481 -4.681058 1.156713 -1.482759 -0.665474 
3241868307340797493.mp3 :-138.196545 94.332773 8.186123 31.837075 4.726573 10.142919 -1.106478 8.486521 -9.321486 7.923947 -5.031713 -1.744540 -4.241073 -1.337711 -4.578338 2.287024 -3.715289 2.941922 -5.057172 -0.696729 -4.010514 1.874451 -2.575278 0.345124 -3.310752 -0.967483 -5.656714 -3.180366 -7.177427 2.456806 4.928980 5.844546 -2.116499 0.704661 -3.079256 1.337177 -1.791618 2.591493 -3.875532 0.356855 
3253814161261587639.mp3 :-89.063130 89.436884 0.725796 19.188595 -0.269379 4.473689 -3.828494 8.995337 -4.084559 8.213085 2.627408 6.422051 -1.659743 3.362296 -1.761172 4.285423 -6.429884 2.178392 -1.731975 2.781907 -0.073242 4.564494 -3.222177 1.346827 -0.637043 1.949805 -1.575162 5.324043 0.655474 3.278413 -1.492398 3.264596 0.316657 1.518621 -5.001529 -0.902919 -4.236775 -0.818814 -1.232027 3.197363 
3247190848429632552.mp3 :-105.032584 79.116038 -18.669703 26.652726 -14.530620 4.535925 -1.815192 -0.106236 -12.020437 3.571996 -8.985168 2.378251 -6.647871 0.164290 -2.189392 3.997783 -2.595883 4.042714 -4.461668 -0.562927 -8.442046 0.257405 0.353636 5.525296 -2.174582 3.176510 -5.126195 0.297077 -8.705480 0.973006 3.005325 5.428765 -2.627459 0.782431 -2.119968 1.948767 -4.264036 -1.224866 -0.344064 2.274473 
3203299462845042221.mp3 :-151.070846 121.413052 11.265447 16.986600 7.308427 14.555579 -0.775121 3.263961 -18.013398 8.492685 -3.203170 -4.933908 -2.512333 -5.040316 -5.034451 -1.883948 -12.602264 0.480902 -7.164636 -3.478464 -7.454627 -5.853311 -4.973775 -5.151734 -3.968597 -3.858891 -7.155147 -3.327516 -7.163195 -2.428833 -6.466230 -6.525059 -7.157926 -3.036943 0.663711 3.636968 0.384762 -1.356624 -8.628923 -3.426681 
3237587807357133080.mp3 :-114.697986 89.947060 20.284030 18.143820 0.263000 1.955636 -3.824017 2.552673 -9.055049 1.690172 -2.293203 0.328446 -2.660459 -1.221049 -7.963041 -0.647719 -8.492801 -0.972926 -5.937604 -2.615520 -7.604319 -3.066022 -8.274871 -1.327931 -5.677468 1.052856 -4.258894 1.029475 -7.592559 0.193568 -3.105058 -0.656803 -5.998781 -0.323115 -3.605208 1.011138 -3.628557 -0.303253 -2.114956 -0.319893 
3205974393446566128.mp3 :-167.008474 109.475576 23.014058 30.134846 4.522958 4.962203 5.702879 -4.597122 -7.853222 -1.791125 -14.682007 -10.664878 -7.506993 -2.047766 -4.278394 4.878889 -2.639175 5.408175 -5.231918 -4.751203 1.564144 6.509992 -4.770566 -7.123479 -9.699699 -3.297656 -4.971454 4.606617 1.492412 0.106117 -3.661496 2.346936 0.244521 -0.822894 -6.460466 -1.700203 -6.508227 -0.355941 -2.686021 -1.555357 
3208746303507544966.mp3 :-99.826435 103.489692 -27.202120 10.750648 1.765628 9.183678 8.923671 9.380993 2.944751 13.500400 -1.221492 4.883275 -1.384879 3.178007 -1.974000 -1.750442 -4.156769 -0.860154 -7.073583 -3.380965 -7.705576 -2.192950 -10.683954 -2.292529 -8.986224 -1.323364 -3.662666 0.725321 -2.985327 0.446045 -3.065489 -0.532360 -2.580903 -1.035924 -5.349506 -3.596057 -6.488221 -2.264801 -5.395373 -2.267829 
3196488385785504230.mp3 :-125.712754 127.566980 21.675005 21.743185 6.585625 10.449174 -6.391320 4.991237 -11.747221 8.271611 -12.665888 8.376060 -6.732722 7.886554 -2.468189 2.342946 -4.501761 -2.654020 -1.407897 3.644796 -4.393080 -3.861143 -4.627544 1.465079 -2.564590 4.041198 -1.175899 1.313512 -3.819206 -4.394045 -10.018095 1.060496 0.994704 0.340782 -5.940302 -2.499301 -6.747761 -0.774967 0.010579 1.445911 
3258332179024628487.mp3 :-191.076555 88.874157 46.060568 21.133143 11.074777 3.748154 -2.418275 4.817387 -7.134761 3.979932 -12.491498 -1.122122 -7.054440 -4.067105 -9.796755 -1.240377 -5.128538 3.044102 -1.016116 2.638893 -4.586742 1.264285 -0.092521 1.497332 -2.453681 -0.801132 -6.189722 2.948278 0.618077 1.137304 -3.548653 -0.072565 0.005192 4.130471 -1.883575 2.309523 -4.191915 -0.828150 -5.484518 -0.364308 
