2332330204098840037.mp3 :-177.567907 123.173137 17.251078 27.501077 6.160452 8.228315 16.256230 -1.849728 -6.366907 11.228791 -15.959179 -0.111677 -4.972244 -2.365757 2.373937 4.079877 -2.694230 2.219103 -4.910399 7.418782 2.348411 0.561280 -3.755001 -6.288094 -8.196215 5.497274 1.902499 8.129319 -0.373510 -2.329216 -3.594533 4.049078 1.225417 -2.476202 -8.525037 -2.250490 -4.736410 0.923891 4.351569 7.787010 
2357570136593591932.mp3 :-143.591409 98.496197 20.488691 28.589581 3.044854 13.441069 -2.992896 3.534422 -7.317034 -7.061641 -2.471385 1.426089 -3.159233 -0.007983 -3.045167 0.124313 -9.038768 -1.616827 -4.218834 -1.097032 -6.874842 0.852391 -6.227358 0.969322 -3.301575 3.324735 -2.126432 2.247424 0.636654 3.259836 -5.130992 -3.656602 -5.148343 -1.430651 -1.498128 3.506730 -0.879131 2.207170 -3.596388 -0.504722 
2312208692119189546.mp3 :-347.162811 134.576610 -4.883339 -1.753495 -10.484905 -8.751740 -20.500752 -21.275569 -15.488619 -7.715665 -11.724165 -11.407452 -11.106410 -8.976026 -11.019150 -8.347609 -7.158822 -6.903572 -13.276619 -10.428984 -6.294147 -1.451831 -2.328692 -2.933733 -3.412868 -1.859356 -4.069101 -1.938746 1.108844 2.943917 -0.125456 1.805074 4.817698 5.809677 0.851672 -3.097304 -5.633672 -5.745727 -4.844796 0.461604 
2322565603802904017.mp3 :-167.183660 105.478458 2.138495 30.685069 0.572857 5.656598 -3.837125 -4.049837 -10.726952 -7.126327 -10.252731 0.170529 -6.286979 1.653031 -1.810428 -0.080232 -5.990584 1.716453 0.548714 2.334499 -4.507167 -4.684326 -3.239058 4.758440 1.128444 2.107492 -4.802369 0.350903 0.701707 -1.963319 -12.468209 -5.756371 0.194570 3.959961 -0.185509 0.418686 -1.924365 -0.190894 -3.501009 -3.054422 
2358015676895292498.mp3 :-124.404379 93.636392 -12.341727 32.618557 12.228630 -5.190750 6.713743 16.826239 -5.978340 0.822828 -0.880787 1.501630 2.788105 7.496235 -4.360623 1.862126 -5.786985 0.404151 -3.053393 -1.827071 -8.780390 -1.336106 0.492690 5.576211 -2.321341 4.264485 -7.580660 -3.663712 -6.825291 5.080004 0.242276 -2.424871 -5.464755 1.152311 -0.031442 3.977305 -1.146530 1.626357 -4.402244 -1.921999 
2289376755203778420.mp3 :-172.940220 131.837078 -5.531970 22.751294 7.624230 4.823601 -5.236664 4.545450 -7.930236 -1.289841 -5.581216 -0.588482 -2.910519 -0.783798 -3.550193 -0.716212 -5.885131 -0.769818 -1.280675 1.647479 -3.704629 -6.197685 -5.652127 -0.231023 -3.850823 4.266393 0.571768 6.818548 -0.914671 -5.206717 -10.329742 3.340559 1.702753 1.087720 -4.995016 -4.018480 -6.155924 -0.039422 -0.308453 -0.228095 
2286922319086356936.mp3 :-78.975699 99.583794 17.354922 18.288309 -0.462447 5.549350 -6.738765 0.571144 -8.301258 -1.493126 -1.938619 3.354231 -1.354958 5.593484 1.782391 1.763913 -3.842183 1.358698 -9.692359 -0.863980 -3.551026 1.675043 -2.433012 2.694095 -0.546029 3.640285 0.861531 6.097948 2.316684 6.417520 -1.775245 -1.212239 -3.732244 2.686556 -0.256896 1.177450 -4.521136 -1.755911 -4.372066 0.843866 
2310025995022760583.mp3 :-127.993021 93.711403 9.966993 30.176949 8.285911 8.085189 -1.570777 1.947581 -7.870710 -0.534326 -6.204589 -0.490283 -6.257307 2.197205 -2.975454 2.522541 -7.811020 1.212409 -8.170249 -4.110500 -2.335248 1.043645 -6.722016 -0.326657 -6.621795 -2.877112 -4.926147 2.487169 -2.439072 -0.243163 -3.278449 1.773932 0.031736 1.299375 -4.464101 -1.028198 -5.289049 -0.921988 -3.067504 0.100144 
2316761278948574192.mp3 :-186.064731 112.016978 4.872277 26.353784 5.687590 -2.809117 7.493526 -5.281924 -10.243669 2.202251 -10.263976 -1.661386 -5.529332 -0.681126 -7.944725 -3.713586 -6.076472 0.529427 -7.726486 -1.352080 -4.627829 -1.212033 -0.822698 6.194226 3.113882 6.358139 -1.764948 1.813174 -2.599036 -0.776330 -5.762232 -5.953827 -4.863434 3.224313 0.049911 1.945760 -2.714705 -2.895709 -4.061938 2.049770 
2316735501707731256.mp3 :-231.955044 116.656384 36.689748 28.628537 12.574035 4.563197 17.754213 0.475128 -6.905685 14.275807 -8.871825 3.809169 -1.536946 -3.304985 -0.304267 1.595802 -1.818587 6.808166 -6.661092 0.053692 -2.531779 0.128908 -2.793908 4.058764 -5.003521 4.553703 -1.003294 -0.528222 -1.696392 -0.328680 -1.217344 4.569244 -2.223638 -2.097485 -3.507695 -0.770437 -3.969665 1.064059 -5.936175 0.593385 
2300487117857314189.mp3 :-111.783269 81.827138 19.321464 15.300885 23.918723 -1.742276 3.350795 6.801500 -10.442636 5.474974 -2.378795 -5.548463 -2.424646 -2.698424 -4.807809 -0.120833 -7.552234 -2.249782 -6.681910 -7.801125 -7.067972 0.988229 -6.058536 -1.679679 -2.887085 -3.413824 -9.557011 0.322468 -4.665993 4.571084 1.315945 -0.365002 -6.665161 0.865074 -1.824694 2.358544 -1.611094 0.639369 -4.687863 -5.786153 
2347933336435565525.mp3 :-45.219276 60.759874 10.184996 25.125398 -1.984258 12.296896 -0.082442 4.747326 -3.369645 3.688088 -6.808423 2.154967 -4.557421 3.880361 -0.956107 4.650489 -5.478242 0.441643 -5.576503 2.449492 -0.499684 3.812843 -7.151342 -0.361918 -1.588221 3.091737 -1.223548 5.621206 1.414642 5.410917 -7.362718 -2.357944 -0.401591 1.048416 -6.104240 -0.761564 -4.793263 -1.939309 -6.927538 2.663730 
2312117171980587783.mp3 :-53.092646 83.938906 -7.999848 8.119643 -5.232967 0.076627 1.436490 3.012277 -3.424706 0.670469 -7.330280 6.809863 -1.391132 5.505512 -4.073461 -5.188084 -6.710665 -1.893547 -7.779242 3.959241 0.048977 7.531134 2.895621 6.638043 0.198584 5.777652 -1.398331 4.824840 0.886623 1.252587 -3.370359 2.864091 3.514493 7.253254 0.638195 -1.341931 -8.438596 -2.412135 -3.119949 0.894148 
2355252439689166169.mp3 :-114.931873 100.212530 25.742992 21.175640 1.439587 8.352505 -0.428469 10.183313 -2.380671 2.097014 -4.608180 -2.494769 -4.988364 0.838226 -2.508797 4.154309 -1.196987 4.214497 -3.377140 -1.037665 -2.924480 3.099119 -0.034886 2.377745 -4.101086 0.871685 -2.176031 1.259008 -4.788289 0.258222 3.126342 6.714641 -0.321439 0.124003 -5.326155 -1.934554 -6.514630 -0.102805 -1.911935 0.148939 
2345602208785033533.mp3 :-133.595063 104.201657 11.254221 30.357550 7.822080 0.611465 1.411839 9.736874 -15.613670 -1.067576 -2.731241 -3.107074 -4.831296 0.986331 -5.331496 -3.415013 -4.169073 -3.844631 -3.964453 -2.337150 -7.071656 0.542089 -2.853579 0.937850 -2.544197 2.104041 -3.424475 0.633302 -5.540728 -0.758149 -0.916697 5.938780 -3.278178 -1.129933 -5.714296 -4.402598 -6.568339 -1.547458 -3.710652 -0.241324 
2296135227772332449.mp3 :-32.898141 73.220020 9.885809 18.622902 6.382715 8.805140 -3.005924 5.396536 -4.443225 3.335431 -5.211985 -0.800023 -5.746455 1.297289 -2.219784 0.484260 -5.425972 0.094831 -7.214772 1.080229 -1.495760 -0.877773 -4.728745 0.796809 -4.690319 2.181633 -2.313750 2.142064 -1.748490 4.144636 -3.695605 1.221421 -1.963060 2.774212 -0.264499 2.208734 -1.741207 0.381686 -2.713142 0.411111 
2289208529368999680.mp3 :-64.806016 73.256447 0.526954 25.601875 13.603624 -1.499440 -0.761425 15.550518 -12.524442 10.654765 -2.700669 2.272762 -0.244890 -1.975091 -1.352340 3.022471 -8.441015 -2.292076 -6.418688 0.227098 -2.638485 0.276214 -4.091860 0.944702 -3.306239 0.705934 0.220506 2.929766 -2.399567 2.647625 -6.833758 -3.857032 -6.675564 -0.208552 -2.039912 2.201617 -1.709226 1.843051 -2.004442 1.455429 
2341857556182548578.mp3 :-104.902220 87.501279 15.747697 28.879435 4.517114 6.212699 -5.381733 5.414414 -12.838329 0.679892 -4.083577 -4.219856 -5.981980 -3.574394 -5.109603 -2.392920 -8.172657 -1.451403 -6.395405 -2.637871 -7.541067 -0.301063 -1.602303 4.116790 -1.166497 1.825527 -9.717214 -1.459081 -4.887875 -2.294148 -5.078549 -1.908631 -3.406870 3.883568 -0.476734 2.368804 -4.608566 -0.251297 -4.566757 0.239961 
2318193432065506043.mp3 :-71.381771 63.840215 15.535686 23.647897 8.120839 7.826382 2.522781 9.155821 -3.929649 5.801270 -5.076100 5.991127 -1.595490 -3.702243 -0.878900 3.499708 -5.459205 -0.596100 -1.630714 0.697434 -5.963648 5.704797 -2.778604 2.559399 -1.797339 1.444498 -4.120934 -0.844189 -6.426644 0.443309 -2.965056 2.393410 -2.233478 1.861631 -2.119465 -1.394680 -3.711230 -0.342334 -3.174587 1.133239 
2287459770215187601.mp3 :-235.845493 108.791533 5.305943 14.134145 7.573588 0.111840 1.733061 -1.827270 -12.524025 1.504476 -11.009408 -5.392480 -9.863663 -2.888728 -5.675428 -4.733475 -6.997687 -3.378322 -9.343712 -3.300923 -5.805906 -2.238287 -0.078967 2.010144 -3.896041 -1.588926 -4.435177 -1.227422 1.502068 1.971600 -3.101313 0.687727 -0.262769 3.513951 -0.431451 0.544700 -2.026839 -2.349303 -5.355336 -0.694746 
2282521568084579589.mp3 :-62.023347 74.166713 10.676919 18.622817 -7.563779 13.740481 -1.411992 4.079029 -3.620626 0.117928 -1.988779 1.883763 -1.802403 1.669872 -2.694574 -1.640018 -0.211054 2.670100 -2.264730 0.524342 -4.896808 3.997959 -0.498287 1.757641 -4.579976 0.850884 -5.009488 -5.492220 -7.059228 1.906311 -1.694581 1.279796 -7.808805 -0.882976 -2.341998 1.879330 -5.346461 0.904569 -5.070987 -0.754942 
2311137345205829814.mp3 :-127.281507 104.087498 9.784691 29.782135 -4.869195 16.234183 -1.659873 5.416499 -1.133254 7.775201 0.926229 3.202460 -2.580555 5.662455 0.230384 4.802357 -1.222849 3.677194 1.057254 4.790717 -4.289752 -2.981086 -4.173573 3.699970 -1.766743 1.157940 -1.991983 1.066136 -2.533209 2.790617 -4.434544 -2.192157 -4.882575 -0.288413 -0.713889 2.180006 0.294357 1.848320 -3.630649 -1.948907 
2342307521250336746.mp3 :-147.973221 126.199554 -7.271649 33.322072 0.156043 3.248262 8.585163 -3.495507 -5.428425 0.233606 -10.458331 4.483825 -0.329372 2.617501 -0.544007 -0.665430 -9.322457 3.366592 1.077178 9.228218 -0.768779 -2.984074 -5.820944 -1.541178 0.687761 3.014612 -1.465207 7.202302 0.237347 -7.042885 -9.917759 -4.434036 -0.604345 -1.097766 -1.938658 1.368217 -0.719156 2.883771 1.578152 0.533659 
2353296607903332110.mp3 :-23.503270 70.703868 8.750642 13.621442 8.096821 5.618664 -0.725306 8.834103 -0.217662 5.850717 0.082395 7.436337 -2.538538 5.395814 -2.078925 2.706925 -5.112564 3.025834 -3.636698 3.628825 -0.894027 5.988433 -0.441690 4.793041 -1.072734 2.796465 -3.609449 1.124585 -3.565688 0.750310 0.298301 3.304106 -1.511537 0.355413 -3.958805 1.076869 -2.719577 -0.539803 -3.345404 1.111786 
2346186824974729948.mp3 :-122.768404 101.573062 19.222353 17.370677 6.346592 -4.731964 -0.278265 -0.511750 -3.798288 2.800177 -1.422516 2.151756 -4.169908 -1.360164 -6.072761 -2.737267 -4.446702 2.944243 -4.963948 1.140889 -4.761139 0.944503 -4.567659 1.567120 0.510048 6.872402 -2.940001 2.711646 1.135452 1.538265 -7.314165 -1.002278 -2.716748 2.948707 -1.346541 3.336665 -3.084008 -0.613148 -3.630914 -0.764704 
2281655242630491529.mp3 :-99.941713 85.597567 16.092532 31.968763 3.652105 6.049945 -3.958504 4.256255 -12.506056 11.264547 -1.758420 2.940566 0.793091 0.433539 -2.140749 1.567792 -6.162366 3.332663 -2.555953 2.218503 -1.795718 5.349479 -0.641928 5.937259 -1.334699 -1.157481 -3.001863 -1.062415 -3.160428 4.515838 1.096935 3.362820 -4.328706 1.110721 -3.542603 1.066731 -4.585900 -0.999467 -6.090501 -2.671174 
2350298201909366934.mp3 :-125.297051 109.577943 17.198129 31.448508 16.138075 9.691239 4.176631 10.252605 -7.444929 8.013801 -0.866432 1.459722 0.774937 2.164379 -0.835401 0.722160 -2.850318 0.766207 -2.766212 0.302136 -2.789932 1.667917 -1.122583 1.689276 0.056231 0.688511 -0.404763 3.281609 -1.011233 2.017267 -2.229649 2.085739 -0.922192 2.255440 -4.333390 -2.023858 -6.224830 -0.962546 -1.905275 1.793818 
2332855772359009134.mp3 :-104.873747 78.000031 7.502619 10.911802 0.258188 4.548047 -3.355553 -2.777155 -5.331995 2.882267 -8.283240 4.491444 -1.084619 1.172715 -3.512520 -0.612424 -2.772039 4.765608 -4.701602 4.416392 0.274680 1.564154 -0.145675 5.346968 0.240993 5.953567 -3.525058 2.580349 -0.747617 3.426636 -1.215194 -0.145888 -5.997306 -1.193880 -3.631084 3.027887 -1.210817 0.120661 -4.224587 0.800830 
2294162409808183925.mp3 :-243.748688 115.229607 5.872797 29.812718 2.525460 1.142231 -2.344101 -0.546020 -14.771247 6.813399 -10.533928 -0.609834 -8.263067 -4.280549 -9.513593 -2.764640 -6.971373 -0.224081 -6.036353 -1.951401 -4.935470 0.556261 -0.248448 1.433546 -6.258419 -1.481764 -2.801462 -2.793891 -6.091856 1.063123 6.538130 9.671992 1.118184 -2.162277 -3.600362 -2.631050 -3.860624 -0.281078 -4.384220 1.830961 
234836236676496070.mp3 :-94.738876 62.675037 4.964649 18.238764 2.126689 24.571851 1.961772 3.000333 2.310939 7.344373 -1.309452 -0.529510 -6.988684 0.137919 -0.421144 3.516306 -4.079416 3.050511 -6.865131 1.618413 -0.814026 5.082854 -3.990810 -2.281465 -8.723051 -1.027047 -3.422335 1.144022 -7.507711 -1.576835 -1.091453 2.901372 -4.098234 -2.267131 -5.127976 -3.294028 -5.434836 0.693794 -0.519373 1.773114 
230187918312203668.mp3 :-157.932908 70.157075 12.011327 30.397848 6.248253 18.464251 3.562846 11.263765 -5.278308 13.320246 -3.305385 4.868701 -5.589288 0.802856 -5.823460 4.870977 -6.646249 4.571151 0.245720 3.989212 -6.849035 -4.019605 -3.401056 2.867568 0.604201 2.219653 -2.402878 -2.990921 -2.737265 0.488256 -3.475071 -0.508520 -1.278111 2.278682 1.345483 4.015925 0.066766 3.652227 -4.904454 -2.848975 
2321849935844184438.mp3 :-173.358863 122.913060 -1.163238 31.570403 -2.291881 -2.436648 -2.981850 0.886543 -15.053248 0.975069 -11.903897 -12.716696 0.528744 -8.006027 -6.881603 1.454093 -9.500176 -0.651280 -4.318174 -5.864094 -4.463833 -0.980241 -7.293817 -1.724277 -4.438308 -0.781396 -3.446725 -0.938927 -4.687667 0.270129 1.807463 -1.542960 -4.250963 -0.645755 -3.646753 0.173274 -0.449942 -1.151892 -2.933832 -1.097739 
2297393259641712218.mp3 :-62.350898 91.284883 -7.190747 20.266031 -13.514822 4.784615 -7.174257 2.534100 -6.190497 0.631720 -5.435344 -1.331745 -3.665564 -3.951431 -4.359928 1.331958 -1.562306 0.265692 -7.072889 -3.396355 -3.751600 6.593135 -1.487518 2.633599 -4.063831 -0.931539 -5.995870 -2.768502 -1.921237 4.558396 -3.214191 -4.361884 -5.393803 1.590411 -1.365281 1.546866 -2.884083 -0.598085 -6.031595 -3.307712 
231087621323223574.mp3 :-48.424781 57.792647 10.960904 22.531614 9.236601 4.346953 -2.132955 4.425958 -7.780061 5.854622 -9.648677 -1.512426 -5.775254 -1.155631 -5.146947 -1.586561 -7.141314 -2.154873 -5.407263 -0.109666 -2.683331 2.375538 -3.056392 -1.350707 -6.687000 0.080723 -4.057666 0.854570 -3.190388 1.615255 -1.555866 1.736166 -5.182489 -3.581197 -5.701671 -0.395009 -3.621175 0.816145 -3.462423 -0.305021 
2348283344071153114.mp3 :-95.728240 47.733873 32.577380 37.383296 8.044752 16.720457 2.299541 9.268146 -1.559084 9.889061 -0.079891 5.932745 -1.384402 5.987467 -0.195533 4.921677 -1.366616 3.983666 -1.863156 4.380819 0.841623 4.536046 -3.930278 1.662437 -3.925255 1.029912 -1.734785 2.528992 -0.261927 3.049533 -7.165913 -1.499604 -2.856046 0.671823 -4.541952 -1.217573 -3.883438 -0.773770 -4.018524 1.100742 
228374603620451206.mp3 :-149.249664 94.459224 10.544509 20.666346 2.365548 2.080846 2.428955 4.522974 -9.632611 3.619860 -5.685295 -1.095185 -4.159390 -1.175455 -3.337021 0.028373 -1.884343 6.896777 -0.304752 4.462821 -2.767365 -4.566067 -7.318802 -0.319397 -6.615148 0.350700 -3.752161 2.111288 0.375062 -3.669176 -7.613432 -0.437270 -0.906239 4.009403 -1.936979 -0.148626 -3.014709 -1.304791 -4.899837 0.815280 
2327746930027424526.mp3 :-125.490909 75.251966 -29.024825 25.371907 6.605809 -11.705023 8.111973 0.538330 -5.331281 -1.800387 -2.823856 -4.772873 -4.430482 2.389144 -8.544230 2.280862 -6.767387 -0.495504 -6.881843 -2.446127 -6.495065 2.748768 -5.330954 -3.761898 -3.991757 -0.107958 -2.805561 4.475410 -3.661893 -2.648133 -3.763506 5.111756 -3.734699 -1.535212 -6.296456 -2.943564 -4.860534 0.343646 -3.962001 -0.482313 
2343630077087514977.mp3 :-158.686686 138.728541 11.583362 18.011383 9.267010 4.024719 -2.838601 0.690348 -6.592117 -1.006681 -2.833762 -2.187852 -4.828432 -3.142435 -1.778747 1.126229 -5.398230 3.324310 -1.412784 -2.059559 -6.106640 -3.086792 -4.773368 1.712528 0.285949 2.642070 -3.556873 0.936690 -6.070505 0.010532 0.623878 5.138265 -0.797987 -1.613137 -3.152175 1.358488 -2.927190 0.280247 -0.326631 1.310176 
2290384605100435338.mp3 :-73.117036 81.295715 12.419266 31.287971 6.219867 15.990461 3.299416 6.369114 1.727854 3.814865 -6.204054 3.946508 -3.085961 1.491213 -0.807063 0.059440 -4.549771 1.859714 -1.217611 4.683848 -0.564965 2.855602 -3.045610 2.323108 -3.247196 0.880912 -4.770024 2.520929 -5.239190 -4.026791 -5.641032 1.861890 -2.275524 0.774716 -5.825213 -0.752792 -4.490078 -0.394993 -1.275521 3.882727 
2286843428400982832.mp3 :-105.855250 82.266317 6.111316 28.435480 0.199743 8.759342 -4.290656 4.239610 -4.427129 0.035340 -9.893586 0.665548 -5.513320 3.770122 -1.872876 5.846622 -5.727294 -1.229734 -7.444465 1.334504 -2.504143 4.539405 -3.467977 -0.972337 -6.208289 0.225396 -4.239464 -1.490300 -4.407869 0.438760 -1.141032 0.783481 -6.064407 -2.044213 -5.490017 -1.124048 -4.494153 1.819776 -2.609175 -0.793146 
2298940611327849321.mp3 :-117.700815 123.336048 -1.944244 19.661595 0.591819 -13.301380 4.264205 2.193681 -26.825842 1.065682 2.246494 -4.158012 0.247640 1.085127 -10.326767 -6.501428 -3.553550 -5.145117 -7.968652 2.305008 -0.372151 -0.557151 -3.474438 -5.124484 -6.790817 -4.300250 -5.990409 5.389957 1.406356 0.487294 -7.521439 -2.757742 -4.506986 1.797940 -2.090249 -0.011473 -5.555815 -0.962872 -5.610790 -0.771168 
2289172810059444525.mp3 :-186.183315 59.432921 -8.997366 19.709856 0.213306 7.459365 -10.250960 -0.678281 -8.786013 7.982876 -1.260426 3.803583 -5.230002 2.528611 -4.902741 4.898491 1.655117 2.701738 2.446112 4.882295 -5.300586 3.240221 -1.913352 7.073386 -0.715447 3.524665 -5.622995 -1.664826 -0.652147 2.907792 -3.605396 -1.778421 -2.498294 4.138982 -0.231805 3.625478 -1.884177 1.793992 -6.228157 -2.287181 
2357513147683077505.mp3 :-112.146339 104.613008 12.325827 27.134915 7.441303 1.894288 -5.320417 -0.206886 -8.174409 -0.261874 -4.921112 1.848452 -7.453733 -0.689204 -1.206401 1.656509 -5.157902 3.237580 -2.761731 -1.354944 -3.602950 0.946885 -2.296511 2.108282 0.667877 0.658353 -4.361649 2.568755 -2.585297 6.340232 -2.482558 0.929316 -2.626710 3.754029 0.646124 2.968892 -2.616649 -1.655894 -4.522055 -1.399640 
2342540246639547614.mp3 :-136.282631 135.295348 -15.976308 42.349857 3.375895 16.664204 1.406074 9.091977 -1.217196 1.874534 -1.762405 -0.843490 -5.624982 3.775487 -3.946412 -0.001161 -8.935380 -1.063239 -4.853707 -3.184675 -1.831796 1.170649 0.129492 1.021077 -1.113605 4.107472 -3.187134 -3.577560 -6.584151 0.748012 -1.019313 -0.698979 -5.276535 -0.284746 -0.098619 1.219020 -1.506355 -1.277347 -2.952268 1.247014 
2282316845511373324.mp3 :-119.175373 93.178936 11.351287 28.841120 7.069624 4.544061 7.001090 4.821319 -2.551136 4.391646 -7.222984 -0.557222 -5.816438 0.468915 -8.085386 -3.307519 -4.252886 1.677546 1.135640 6.045096 -0.711406 2.956252 -5.330847 0.039688 -3.430055 3.548063 -2.993041 4.755660 -2.810472 -0.028947 -3.974669 0.978265 -1.479427 1.396927 -4.054536 2.316673 -2.226097 2.618268 -4.456856 2.787228 
2330933612768896929.mp3 :-83.043072 83.469106 23.287865 32.554244 12.775832 6.454659 1.354448 10.757701 -11.012552 7.551289 -0.143948 -5.088168 -3.150185 1.044014 -5.923989 4.011908 -7.927112 -0.290316 -3.631103 0.030119 -2.536780 0.792256 -3.007913 -0.362063 -5.588903 -0.555697 -6.279286 0.239256 -1.612602 2.301155 0.002479 0.316126 -0.742325 1.772130 -3.645860 2.433556 -4.482748 0.462722 -3.323347 -0.682999 
235977285918972550.mp3 :-111.886921 103.564498 2.678889 24.186915 16.490227 4.767131 -0.059031 11.753363 -9.937041 3.178648 0.342615 -0.202526 2.189885 1.663847 -2.396978 4.981833 -1.943218 -1.603968 -4.210591 -0.345856 -6.039787 3.881521 -0.754390 1.496371 -4.101131 5.874650 -5.626005 0.520054 -5.556822 -3.390519 -2.382223 4.210430 4.106672 4.245312 -1.358807 -0.426147 -4.389702 -1.137407 -4.736507 -0.965804 
2308393586789497924.mp3 :-77.244857 84.625119 25.145871 21.973436 6.432449 3.959727 -3.792460 3.088258 -10.486617 2.569154 -5.892802 -0.535869 -7.195798 -2.268003 -4.437001 -3.231652 -7.372427 1.818070 -5.056816 -1.288950 -4.230176 0.618649 -6.770347 -2.020668 -6.496372 -2.195402 -4.496962 1.929799 -5.510056 -2.901752 -6.522969 -0.237286 -2.042273 1.698706 -3.819248 -1.718209 -3.736602 -0.125209 -5.035699 1.196721 
2296423744653318083.mp3 :-94.282269 78.492625 13.267286 25.948422 7.052862 10.419578 6.180638 4.655591 -1.966857 10.658113 -14.009883 8.290880 -4.994618 8.766588 -3.951353 -1.742302 -7.262173 -2.235167 -6.035240 2.627041 -4.764774 -4.948399 -1.984796 3.275798 -2.691678 2.698550 -1.054142 4.182643 -3.118026 -3.065429 -8.317846 0.296642 -0.993455 0.753372 -4.744968 -3.042290 -7.271834 -1.119960 -5.290051 -1.005902 
2304320447423228740.mp3 :-95.771127 88.945138 13.964805 32.541002 6.033475 8.162901 1.114244 3.164125 -1.818417 3.426465 -10.395295 -1.177520 -2.587659 -0.245713 -6.351111 -0.630362 -2.235219 3.463282 -2.668849 7.476773 -0.356043 2.395497 -3.907071 -1.258491 -4.116739 4.109827 -2.144056 0.875484 1.212792 2.409630 -2.349771 0.829998 -6.220592 -0.997488 -5.255910 0.520396 -2.546226 0.647521 -3.851074 1.423694 
