408841751250141574.mp3 :-82.572776 85.200665 6.259813 24.503924 7.938861 4.399343 3.711572 -0.173887 1.129605 2.495004 -8.154586 2.291877 -3.391725 0.165905 -6.179163 1.319285 -3.703710 5.806369 -0.438596 3.197039 -4.174832 3.799639 -3.213810 4.493491 0.214156 1.956984 -2.904994 1.127110 -2.229449 1.140396 -5.875572 -3.057878 -2.727400 4.087755 -0.364292 2.849480 -1.157580 -0.440248 -2.504724 1.507910 
4055250247203672788.mp3 :-103.941562 78.701571 -1.434120 31.014784 10.636862 11.915082 7.470526 10.730268 -1.739369 9.039059 4.356110 5.264988 -1.593258 5.761742 -0.426977 3.028171 -7.266812 3.636073 -10.362340 5.831081 -1.336572 -3.102984 -5.595441 -3.677938 -5.666753 -1.076894 -1.990916 2.401408 -0.837040 4.680255 -0.628911 0.819467 -3.150609 -2.354339 -6.361805 -1.689762 -3.764113 0.945783 -3.756696 1.706693 
4045786694505602107.mp3 :-201.811405 86.836916 3.649641 32.054784 13.998880 15.087886 6.069817 10.682382 -1.280296 13.062893 -4.156351 9.415225 -2.760512 4.395976 -2.553224 3.105775 -1.162726 4.345506 -0.349025 3.999141 -0.915425 3.626650 1.209872 6.307009 1.752006 5.114287 -1.825668 1.810128 -1.636401 -0.981471 -7.737766 -1.906513 -1.835189 4.826916 -0.402520 0.342335 -3.202174 -0.963819 -2.177873 0.746786 
4094154620763692917.mp3 :-130.119444 109.200688 23.557093 31.219209 8.903219 6.655456 9.570780 -2.107596 -2.714196 5.936782 -5.434278 4.077007 -3.006538 -1.032043 -10.154027 0.022432 -5.327667 2.877454 -1.254778 8.804379 0.568135 3.959426 3.603770 2.272755 -5.994675 2.717424 -8.577329 -3.047379 -4.382024 4.789109 0.442564 -0.720931 -6.206115 -3.595665 -4.241469 3.481120 -2.649921 1.633535 1.010184 1.886018 
4024016446133724248.mp3 :-105.838561 124.328715 4.331369 33.908153 6.550858 6.955452 0.043065 7.948844 -12.199575 3.783930 -4.198336 -2.932061 -1.277188 -5.250580 -0.480083 1.478073 -5.441615 2.180452 -3.696077 1.825619 -3.161555 3.359782 -6.221286 2.265736 0.041964 0.703339 -1.675327 4.167062 -2.007141 2.108709 -2.193166 1.821977 -4.642928 0.614531 -2.390955 -0.121205 -4.276265 -0.082890 -4.798568 0.114930 
4075126449612489967.mp3 :-70.337953 70.768363 -10.249107 28.561126 3.728660 19.227438 3.612941 10.753562 4.127974 5.414795 3.879673 3.542558 0.104021 2.168752 0.692689 5.384627 -1.064690 5.084847 -1.290887 3.377781 0.383735 2.046983 -5.948214 0.171910 -6.180361 0.120788 -0.484873 -0.384771 -5.560948 -0.916759 -2.246792 5.334199 -2.413294 -0.092946 -4.017477 -0.115184 -2.834831 1.909381 -1.363754 2.323920 
4045137504214183336.mp3 :-62.298453 91.146146 8.107036 24.040342 3.121456 3.249786 -1.629677 3.713790 -9.815359 6.893645 -0.704310 -2.291025 -0.192655 3.899991 -0.625652 3.011261 -1.556481 0.664243 -5.664811 1.342389 -4.552637 1.869411 -2.771769 3.812520 -5.563926 0.807452 -5.698242 1.281547 -4.375609 3.303606 -3.518442 2.663340 -0.215906 6.938830 -1.323325 0.611974 -4.771314 -2.150175 -5.410908 0.406531 
4072505307540524014.mp3 :-70.668884 63.430048 23.689850 34.352021 7.425990 14.748625 1.082673 9.973449 -2.662125 6.095303 -2.678873 5.441878 -0.073948 6.818304 0.214923 4.580509 -0.693355 3.951828 -1.575037 4.144646 1.002165 4.073607 -1.886614 4.150648 -1.116038 4.451171 -1.067760 2.795674 -3.248876 -0.186796 -3.972074 1.230293 -3.076527 0.298528 -3.345828 -1.058808 -5.267030 0.337791 -2.487963 2.084132 
4058893508429643506.mp3 :-195.964097 111.754223 23.180715 -2.071916 6.849302 -4.842480 -2.681069 7.126866 -16.808117 -8.538501 -11.009659 -12.885296 -7.671962 -6.884599 -6.090333 -7.013200 -11.303137 -4.688718 -11.264399 -8.359312 -11.041441 0.285617 -13.686929 -6.800688 -9.196665 -3.157778 -3.198778 -1.047041 -5.998422 0.184586 -8.732194 -3.052548 -3.971486 1.931083 -3.285189 -1.329172 -3.630339 -0.372316 -3.130247 2.359953 
4046139375899421122.mp3 :-51.382610 76.507232 8.856309 21.936179 7.250651 10.070816 1.237215 5.114581 -3.113351 8.507160 -2.630192 3.910676 -0.878483 6.180627 0.007485 5.387854 -3.123862 1.207326 -4.614182 2.716412 -1.943942 1.906511 -3.367634 2.527397 -1.929072 4.813801 1.071993 7.355348 5.012223 8.799563 -0.848359 -1.519622 -3.943083 2.584122 -0.444143 1.453674 -3.432214 -1.485551 -4.242051 0.898921 
4063307871658286554.mp3 :-96.120894 94.474741 19.146692 20.132104 11.715027 3.476545 2.693096 2.719487 -8.472478 7.025281 -2.757140 4.845456 -1.480165 4.751125 -4.235811 4.105045 -5.830235 -1.769363 -5.660360 2.273013 -4.009815 0.973252 -0.687631 3.310333 -0.517705 3.460394 0.200853 2.452885 -1.576539 2.484791 -3.470449 -1.980519 -2.775460 3.043547 -0.490871 2.118965 -1.552607 0.288539 -3.431899 0.481236 
4027326854481842492.mp3 :-50.217574 83.528342 4.729145 16.189450 -0.368236 -0.240868 -0.631857 -1.660400 -11.805170 7.640941 -4.327182 2.385065 -3.441229 1.577951 -0.980627 0.078664 -6.629685 1.635530 -5.571219 2.788300 -2.817353 1.545700 -3.933132 2.631381 -3.496304 2.595752 -2.831822 1.687282 -1.919842 1.430823 -4.019258 0.166502 -2.857440 1.392674 -2.865128 1.495636 -3.877108 0.701402 -3.189515 -0.598513 
40686675891188180.mp3 :-61.555797 45.181085 -5.531563 24.947072 5.620231 6.565764 -0.107596 24.088118 -18.101024 6.184274 -3.420530 7.554493 -2.092071 7.625166 -5.978336 -1.007714 -9.036263 -1.959371 -7.686183 -2.830080 -8.027889 1.046846 -4.625265 -2.163952 -5.506582 2.618531 -5.790556 0.580117 -0.833212 4.892959 -3.003321 -2.019687 -7.384449 -1.022443 -2.348505 3.223885 -2.014107 0.533358 -4.882970 -0.316837 
408558974204990444.mp3 :-58.399476 95.488488 7.246560 33.767045 -2.355907 8.113146 5.846161 3.983816 -2.033526 5.099626 -7.006052 0.758155 -7.052764 2.352934 -6.258634 0.424665 -8.755585 0.110869 -4.767966 -0.288741 -0.715163 0.160670 -5.444420 3.020390 -1.783992 5.372339 -1.762378 5.585462 0.594549 -1.567623 -5.988880 1.768426 -2.412667 0.508737 -3.513548 1.455178 -4.944463 -1.752081 -1.495698 2.454119 
4089438684780243879.mp3 :-156.873796 98.981259 10.897925 25.671572 7.004534 -2.625160 3.145277 7.134194 -11.903125 1.128710 -10.184423 -0.362325 -2.707590 -0.965358 -4.444068 -1.213586 -9.092142 2.048196 -9.360395 -1.947415 -0.613337 0.799679 -4.322488 1.986945 -4.430612 -1.604853 -0.249421 1.276238 -0.911451 2.801340 -4.132391 4.720095 0.366704 2.308778 -4.016367 -2.723783 -6.270619 -4.429942 -3.464134 1.629062 
4072018425549817742.mp3 :-76.832483 59.660582 8.849001 17.192761 10.070977 16.073208 5.831317 3.536415 -1.611881 7.794610 -3.432875 0.039088 -7.298324 -4.201720 -6.797925 -0.935303 -3.952029 1.896020 -3.291058 2.274256 -7.178887 -1.127860 -4.348828 4.627223 0.361945 2.585453 -4.603647 0.963958 -3.732035 -3.598638 -7.781429 -2.153645 -2.852937 3.383233 -3.307630 1.284824 -2.138186 1.458508 -3.792906 0.285810 
4100149814071911577.mp3 :-38.978941 56.203121 26.291420 39.830880 8.383989 6.033021 1.706139 9.854047 -7.925762 8.111353 -0.816414 0.758596 -4.923657 -2.969015 -6.121887 3.307870 -5.258626 1.389336 -4.854926 -0.754267 -2.604243 3.042726 -1.331022 2.817289 -1.816059 3.759661 -3.566843 1.849398 -8.316372 -2.970459 -4.989816 6.115753 3.088710 3.406067 -1.991644 0.120591 -2.376334 1.590534 -3.465828 -1.616352 
407240389509372335.mp3 :-328.502118 171.086720 -14.881245 -27.653934 -7.300483 -18.674001 -18.734901 -16.386293 -17.818563 -15.075383 -15.428054 -15.656616 -8.302555 -3.323611 -5.727845 -4.721602 -1.696147 -4.658886 -8.927237 -8.854647 -4.394822 -0.907962 0.711324 4.180089 5.385970 1.193593 -3.130604 -6.721191 -9.649048 -4.077986 5.161771 4.389275 -1.965570 -3.281775 -1.992696 0.060376 1.875720 -0.903927 -2.684872 -1.682429 
4084652532831382671.mp3 :-273.799316 56.339149 -5.407139 31.387311 4.817257 23.023267 10.129667 8.869035 -5.749833 8.009186 0.831052 6.219241 -3.010744 -1.699147 -3.733205 0.791592 -7.641180 4.334629 -9.360054 -2.138110 -3.669299 1.144459 3.702629 8.520752 -0.622850 -0.717354 -7.617413 -3.971369 -6.564236 0.996915 -1.093691 2.549352 -1.364238 0.137132 -3.977482 -0.517028 -5.544953 0.133770 -7.159507 -3.686819 
4060871348428127307.mp3 :-94.306759 76.008383 2.849895 33.002145 11.759394 -0.290290 1.655915 23.248606 -14.836631 4.560399 2.608678 3.138561 0.977640 13.036806 -2.107459 2.760888 -5.764245 0.459652 -0.380619 1.186319 -8.113412 0.002562 -2.257570 0.969458 -2.971620 3.863697 -3.844899 0.721972 -5.566737 -0.264360 -1.798325 1.027856 -6.104279 -2.215688 -3.147189 1.434946 -2.479525 1.618045 -0.437118 -0.501524 
4067967655202309573.mp3 :-203.392368 130.031090 14.391128 26.410087 9.992277 9.918757 4.192571 1.323897 -1.120454 -3.402259 -7.700304 -3.041044 -6.924947 -1.881274 -0.438704 6.832599 2.692238 2.952612 -6.197477 -4.635486 -3.762358 3.560245 -0.609796 -2.293467 -9.977909 -7.317619 -7.232428 0.027779 2.598404 3.378034 -0.251168 -3.685170 -2.049250 2.343680 -2.028168 -2.388151 -2.972984 -4.913191 -5.463262 -2.136260 
4093947943185776477.mp3 :-118.307908 74.247881 19.709776 33.905769 1.045590 10.794566 -0.538306 2.874587 -2.616089 9.701531 -8.714317 2.171061 -2.854551 0.974424 0.584091 1.548480 -1.516124 4.271259 0.375638 4.202223 0.851916 5.704045 -4.402466 -0.839096 -6.922394 -1.227957 -2.907031 5.558799 1.943546 0.836986 -4.844112 0.082484 -5.737912 0.656907 -4.842753 -2.416172 -4.440220 -1.778095 -6.017955 0.518808 
4050711661577888349.mp3 :-123.017246 107.910505 28.602307 32.289903 8.424133 7.071327 -3.874933 4.810374 -14.254384 4.010104 -7.169323 -5.370664 -4.352255 -3.473705 -6.495021 -2.671779 -10.850734 -3.093405 -3.493203 -2.736914 -7.375952 -4.936898 -8.702964 -0.575431 -4.222383 -0.393705 -1.280407 2.650660 -1.650509 -0.320824 -6.380961 -1.519254 -4.541914 2.751559 -1.366667 3.140191 -2.794866 1.393537 -1.455403 1.926510 
4037823187130696682.mp3 :-183.490619 134.355500 8.441756 22.499989 -2.534814 3.465819 0.248096 -4.057114 -12.046153 2.944414 -1.268694 1.042110 -1.192344 -3.099231 -3.489128 -2.007434 -12.827440 -1.049838 -3.187756 1.127657 3.091436 5.252214 -4.587372 1.073692 -2.920044 -2.700144 -2.980519 0.902024 -1.915792 4.213036 -4.013553 -3.971766 -4.285614 -2.883378 -2.536442 -0.800721 -4.136315 -1.207355 -1.224627 -1.780059 
4050988959778733309.mp3 :-131.406141 95.893111 16.177622 11.232589 -3.910570 -1.205784 -1.276367 -1.440679 -8.877918 4.506668 -11.210961 -0.081298 -12.985892 -3.918000 -9.065983 -2.373308 -4.082629 3.085895 -4.377927 -1.444382 -7.115916 -1.038194 -4.339857 -0.799091 -3.530747 0.506302 -8.490155 -1.557967 -5.246187 -4.468368 -3.676006 2.394127 -0.044532 1.999907 -3.281441 0.779168 -3.077203 1.633090 -2.744160 -1.319910 
404392835589466940.mp3 :-41.981257 91.846987 -2.917866 17.122740 1.734826 3.564369 -4.108120 11.162463 -18.553339 1.497342 -3.617942 -2.441358 -0.679181 3.915646 -2.849564 0.630894 -2.502110 -0.567507 -4.589143 -3.709632 -10.236157 -1.188148 -1.838471 4.070033 -1.468719 2.249403 -3.603740 0.980980 -2.017446 1.238502 -4.828139 3.776085 -0.452777 6.414583 2.496082 1.793546 -5.796653 -3.147674 -7.152710 0.120479 
4070042969252164403.mp3 :-125.726139 123.059658 16.748116 12.801696 13.481516 5.341756 -2.006851 1.160114 -7.658424 2.820675 2.061173 -1.600899 -3.755146 -3.759306 -5.043982 -1.256633 -9.159786 2.949339 -9.451396 -3.688920 -7.215060 -4.982543 -2.380820 -0.443774 -4.689521 -5.644890 -5.816221 -1.446654 -2.800884 2.106383 -2.851347 2.965971 0.662878 3.094675 -4.304694 0.207905 -5.825756 -0.069030 -3.961810 0.153015 
4049373989566693682.mp3 :-72.600428 91.661435 16.761022 30.816853 2.867005 1.116809 -3.637368 3.530355 -14.114053 4.428823 -6.809811 -1.005274 -2.581002 -4.053038 -2.641305 1.981683 -6.273038 0.108094 -4.334859 1.433997 -2.567247 1.006571 -1.484685 2.538246 -3.614968 1.225603 -5.276697 1.694522 -6.816861 1.074438 -1.085000 2.030013 -3.608612 -1.789507 -5.949755 -0.264776 -3.048684 -1.348018 -4.756679 0.172470 
4087075586133605418.mp3 :-133.510449 111.159930 16.990208 27.919656 4.291177 6.749468 -4.518410 8.645326 -12.145994 3.315787 -1.806447 -4.389247 -2.545170 -5.933457 -1.843514 0.787725 -8.488492 -0.157867 -1.261862 2.859257 -4.144942 2.691082 -7.722419 -5.512829 -7.067378 -3.114504 -3.085521 2.871044 0.310073 2.406506 -8.474877 -3.759683 -2.692607 0.184442 -3.410965 1.205237 -3.827801 0.926941 -1.622626 -2.069378 
4027501011481064164.mp3 :-79.531175 52.600728 -26.623897 30.994338 1.220813 13.199642 2.872615 10.769314 -1.046086 7.011366 -4.199760 2.086996 -5.221960 4.410153 -3.592861 3.340758 0.158098 3.656533 -5.152806 3.375851 -6.453147 1.593900 -2.898545 -0.324853 -3.314072 -0.705051 -4.069981 1.471162 -3.671112 5.377292 -5.826156 0.072364 -2.417088 1.780704 -3.326933 0.617850 -3.935579 -0.299738 -4.644012 -1.410444 
4092561948961675973.mp3 :-72.383625 26.007700 11.527388 25.596888 -4.477360 19.319038 -0.867022 9.282876 -3.958104 5.034446 -1.112471 3.436713 -6.805650 -0.090904 -1.070391 2.062196 0.658282 2.418990 1.324146 4.059924 0.997436 -0.605731 -5.380485 0.358171 -4.416855 3.002985 -2.201492 -0.934765 -10.080767 2.890711 0.692953 5.601259 -4.464796 -2.274082 -2.793126 3.541689 -1.041200 5.033253 2.346151 5.654907 
4093927788484054887.mp3 :-364.444617 84.106269 19.349469 21.850345 5.381293 5.330819 -7.352501 3.011057 -8.054429 -0.995296 -1.075231 -3.377653 -2.599733 -2.319900 -4.917048 2.834325 -6.767292 4.669894 -2.068837 -2.605218 -7.113901 -0.641452 -4.672968 4.845251 1.865512 2.303007 -1.876539 0.015516 -5.330624 0.331950 -1.509837 -0.990005 -3.211662 0.825718 0.426052 2.865248 -0.641621 0.970238 -2.713481 -0.505549 
4064235492355670903.mp3 :-227.110975 128.048563 4.675186 26.404214 17.448920 2.354212 -0.685325 -1.383804 -8.485569 2.234622 -10.019368 -3.084403 -8.393370 -6.395736 -5.972835 -2.267296 -1.153733 -0.488714 -5.627515 -2.306494 -4.016253 -0.247029 -8.253818 0.237979 -2.073119 2.009938 -0.617903 -2.152964 -7.659674 -0.481958 1.910475 4.990296 1.472291 1.080500 -0.555960 2.304905 1.468546 2.555880 1.174462 1.455582 
4025595162427678191.mp3 :-131.448720 65.979722 22.184427 34.694356 8.649206 15.288829 2.868139 3.661533 -6.151474 5.819722 -9.408789 2.903349 -1.976288 4.512344 -1.697779 2.739933 -1.876457 -0.926189 -10.317061 -4.757356 -4.599868 2.263882 -0.951167 2.648364 -4.391500 -0.543168 -5.358053 1.825822 1.485457 3.470224 -3.421235 2.729395 0.607625 3.732151 -2.403536 1.705143 -2.244874 0.320221 -10.946844 -5.534952 
4086132042502338637.mp3 :-193.010203 134.550609 -12.061930 10.590168 9.215063 -6.814587 -15.439499 7.412043 -15.828717 -1.760354 -1.554419 -13.316044 -2.700742 -3.617099 -7.063083 -3.120554 -8.553601 -4.088143 -3.615771 -8.043406 -7.948893 -5.812808 -7.172130 -1.175859 -3.175945 0.774659 -5.546793 -0.668583 -1.302717 2.602301 -1.143588 -2.955139 -1.548569 2.906894 1.709069 1.561287 -0.533785 0.200104 -3.722320 -4.409473 
4027978590781412426.mp3 :-52.832732 85.114176 15.551539 24.889588 7.083558 7.736437 -2.834630 9.861934 -3.895539 4.312536 3.791926 5.285621 -2.020259 0.294824 -0.747255 -0.795120 -6.243850 0.529950 -5.226087 1.008751 0.867912 3.895800 -4.361781 -0.857431 -5.196932 3.324061 -3.625644 2.205382 -2.884580 -3.068466 -4.634050 1.869206 -1.694481 -1.477094 -5.767482 -1.434988 -5.158163 0.429388 0.726646 6.088156 
4051572875454546340.mp3 :-149.443669 92.946399 23.349934 37.028583 11.458064 12.595338 -0.221510 1.431321 -4.895634 4.444178 -8.749632 0.010833 -5.686728 0.804823 -4.392674 -2.560939 -0.828826 4.243218 -2.730262 2.230892 -9.296959 -5.167025 -3.262945 2.389665 -0.730796 6.519107 -2.317183 2.735950 -4.661209 -2.529214 -0.611780 6.165736 -2.186150 -1.409520 -4.403688 2.975765 -2.208164 2.494547 0.056407 2.096413 
4043447858783919819.mp3 :-174.342894 118.913505 25.656569 38.960157 12.970639 8.604595 1.355253 9.479156 -7.832630 2.857894 -4.285069 -5.645316 -3.754867 -5.366968 -7.130293 -1.922945 -7.940560 1.201134 -3.043863 -0.460366 -6.672978 -0.057579 -2.955373 2.928350 -2.517647 2.884998 -5.140205 1.872573 -1.872093 -0.494564 -2.986544 2.034088 0.332310 1.925992 -1.777880 0.458918 -5.990098 -1.297283 -4.523267 -2.390275 
4050005273641735560.mp3 :-158.365698 108.016532 8.499142 23.241049 2.134578 3.446381 -1.230160 5.003787 -16.229109 0.678742 -4.870177 -6.592859 -2.827195 -1.070669 -6.091698 0.490346 -7.385653 0.197063 -6.891724 -3.040524 -3.873623 -1.948029 -7.347760 0.631581 -2.927348 -0.436247 -0.327246 2.030752 -2.330302 -5.546299 -11.412911 -2.697719 -1.231605 0.914688 -2.360266 -0.322317 -4.738533 -1.228811 -3.011862 -0.476582 
4031031939802223555.mp3 :-110.558552 77.918840 -11.396683 32.624897 9.949920 24.061699 2.343183 11.332425 2.024351 7.492191 -1.152173 3.168258 -0.211356 -0.246328 0.574234 2.479846 -4.750057 1.336307 -5.797479 2.152030 -0.590540 3.197662 -6.981407 -2.197617 -3.619726 4.532741 -2.100617 -0.113390 -0.690448 5.404754 0.004101 -0.504161 -7.804883 -2.594059 -4.342089 0.731431 -2.511920 1.344308 -3.960257 -0.904683 
4069297052122742989.mp3 :-143.048390 138.668485 -4.466159 24.472762 10.235694 4.172996 -3.324739 0.209631 -5.214835 -4.115808 -7.537719 -0.358054 -2.465119 -0.372080 -5.347856 -1.080205 -4.417060 -0.622425 -3.413121 0.433025 -7.254115 -3.352746 -2.660766 -0.304987 -2.611641 2.272662 -3.214361 1.404554 0.448511 -0.147673 -3.000261 -1.835587 -1.813946 0.663692 -1.655083 -0.229037 -5.295899 -2.209550 -3.041840 -1.429002 
4032336122937249097.mp3 :-273.004499 113.971210 -14.522230 32.547920 5.273314 4.337295 -2.534360 -4.081025 -8.242761 -4.141031 -6.133177 -8.392908 -13.064469 -8.693628 -8.198688 -1.818910 -0.931082 -0.613785 -4.269223 -3.679212 -7.325569 -1.281940 -3.491819 -4.978317 -4.322122 -4.007288 -6.855648 -6.232654 -7.910500 -11.154438 -6.980549 4.600139 2.491468 1.263914 -0.647369 -2.742571 -5.011645 0.384540 0.674832 0.256021 
4084280496328991943.mp3 :-131.367648 133.213484 -11.799214 33.035248 5.170284 -2.787179 -0.012124 13.595211 -16.071878 4.727063 -0.565931 -2.266807 0.879150 6.275638 -4.554260 1.149166 2.097984 -4.398294 -1.713539 0.839829 -1.856289 0.496237 -1.256189 -4.872272 -5.335862 2.294422 -1.182919 2.466241 -0.554351 0.697398 1.431667 3.062390 -4.795635 -4.926109 -7.858717 -2.859171 -2.739198 2.283359 1.132179 0.976825 
4046720265786230687.mp3 :-60.446669 67.515622 28.293844 25.385536 9.986589 14.904274 -0.722066 10.755168 -3.778386 6.861118 -1.002863 1.816155 -3.054723 2.839822 -1.660249 4.139873 -2.346746 1.513757 -3.082046 1.986544 -3.693084 0.252102 -5.609493 2.526307 -3.273161 1.950110 -3.449188 2.753177 -2.612709 2.985794 -1.427284 2.843478 -0.651381 2.069748 -2.434560 -0.118544 -4.803586 -0.371228 -3.479306 0.893630 
4055673800588868038.mp3 :-129.659719 84.976604 3.740390 31.121638 5.027659 7.721131 0.743756 10.143113 -6.168268 2.981842 1.054979 1.073607 -2.647676 1.116344 -7.037311 2.811749 -6.200962 0.610771 -4.516481 1.152891 -1.824940 5.261693 -1.573556 1.967360 -1.316038 -0.249961 -6.852646 -0.135901 -4.072090 5.285711 -1.131743 -0.042477 -5.686644 0.825333 -4.313635 1.608962 -3.032745 0.873258 -3.513814 0.429639 
4044756651867293035.mp3 :-197.203072 103.051411 -5.966799 26.953714 5.066170 5.100170 -6.516269 -7.257969 -6.811795 0.250503 -0.912745 -0.529454 -7.823563 2.527888 -4.125659 -1.653510 -2.735586 2.980975 -6.339665 0.407027 -1.009648 -1.462592 -4.301892 6.266599 -3.071088 -0.762196 -0.621097 4.967425 -1.627838 -3.553852 -5.749662 6.558248 3.565951 2.675099 -4.436341 -1.892190 -0.345150 0.097679 -4.864292 4.802665 
4066677472426576583.mp3 :-206.895906 100.851908 1.536537 17.207428 2.141154 0.478260 0.412907 -4.167932 -8.295522 2.739222 -7.321205 1.188687 -6.215784 -0.934025 -4.813005 -1.241970 -2.893852 4.647419 -0.898109 3.845435 -5.815822 -8.280970 -6.972996 3.082324 1.922897 7.996887 -1.506096 -5.250964 -4.934547 1.289402 2.044203 -4.855976 -8.162846 0.721380 0.922807 4.691203 0.915543 3.735926 1.634918 -3.829444 
4085347781531215701.mp3 :-245.085548 126.785899 -23.268292 14.255733 -1.324360 -6.981498 2.559806 -3.602551 -21.897306 3.358600 -11.621831 -7.692294 -4.366528 -5.199377 -0.849319 3.035950 -6.627375 0.827310 1.479504 2.751950 -0.694512 -2.383432 -7.367423 -3.921260 -5.295489 0.137300 -1.913633 3.919428 2.021244 -5.512507 -7.815236 -1.925889 2.419710 -0.201746 -5.881073 -3.021296 -5.591914 -5.587627 -3.539429 5.498605 
4044946595402348138.mp3 :-45.355863 80.727593 18.060395 18.879644 3.400621 2.697922 -9.700818 3.816355 -11.716498 -1.553551 -8.045454 -7.409409 -8.989608 -0.782389 -7.610771 -4.354203 -4.020692 -0.138985 -6.046339 -3.909530 -8.020137 2.248537 -2.264660 2.928543 -1.915048 0.670806 -5.579782 -2.036160 -4.319390 4.871429 0.261266 1.668078 -2.447624 3.252188 -1.184310 2.177617 -3.489677 -0.524029 -6.604612 -0.775630 
4083874589373833692.mp3 :-209.187193 131.426906 -24.233101 -4.080259 -3.148709 -17.336150 -18.322028 4.669891 -18.797216 -1.848567 -8.680000 -4.677325 -6.786702 -1.516996 -9.102608 -5.368785 -5.454524 -0.837103 -5.085391 -2.001391 -3.460445 1.646873 2.082804 4.403546 4.477564 5.578393 0.135978 -3.329892 -8.079133 -5.413904 -5.476899 3.032784 1.014513 1.275164 -3.074822 -1.607470 -1.395700 0.321286 -2.561629 -3.945635 
