6807839381110370559.mp3 :-157.191504 102.441339 13.571249 31.508962 -10.795049 9.417828 -5.854086 -6.177370 3.090118 1.790585 -6.421782 1.088713 -8.414318 -2.868957 -7.434391 -0.158781 -4.657141 2.368395 0.972023 0.237944 -6.579785 -4.837070 -2.988368 6.783622 1.146135 2.881380 -3.395636 -3.532401 -5.995322 0.356989 -5.236943 -2.572704 -5.136735 -0.187188 -0.121867 2.840075 -1.422153 -0.639099 -6.348885 -2.876519 
6833733388430336367.mp3 :-87.592894 101.062883 18.859050 31.223417 -0.753048 4.753181 0.892982 3.091776 -5.687052 3.156139 -7.721433 1.641014 -7.708819 -1.150444 -6.171114 -1.128286 -3.126601 2.809058 -3.771615 3.053560 -2.729599 1.699298 0.308722 3.695672 -2.961739 2.357538 -6.146092 -1.289806 -5.562518 -0.109940 0.654051 3.703589 -4.347083 -1.988671 -4.863146 0.370699 -5.063226 -2.209229 -4.371191 0.416790 
6861550224269411149.mp3 :-209.629685 83.184872 -11.876958 17.086210 -16.831409 -6.236336 0.580071 -4.913348 -20.311062 1.659616 -8.207817 -6.504701 -7.373866 0.840542 -10.693853 1.072582 -3.918576 4.057049 10.882821 16.959986 -1.194402 -6.037949 -17.667903 -4.390618 1.377513 7.908614 -0.541310 4.755541 -3.907004 -6.374833 -9.050501 0.544953 -1.225687 5.197291 3.374885 4.431610 -0.737923 0.681111 3.237094 4.360268 
6785731162711690340.mp3 :-108.011783 84.622700 27.514845 21.476131 11.123221 4.877232 8.230757 2.267756 -7.897456 3.113365 -7.329441 1.621829 -7.089844 -1.286093 -4.543282 -4.229117 -5.662167 3.306826 -8.801527 -0.607404 -6.067603 1.995402 -2.175834 2.850881 -5.729776 2.109717 -6.185262 2.379586 -3.326378 -7.030732 -6.798724 4.592503 0.756134 2.187167 -4.473837 -3.661109 -6.036655 -2.777180 -6.155982 -2.380593 
6823856851767517824.mp3 :-253.891927 109.995708 -3.168200 10.314352 1.509564 3.455668 -0.463453 0.576823 -8.163686 -3.672995 1.716286 0.909220 -5.756480 0.652654 1.087569 2.729902 -2.772088 -1.737966 -7.648235 1.466526 1.558787 5.414571 0.475880 -2.787614 -5.586863 -0.153326 -2.052498 3.154204 3.145976 3.682075 -0.497871 0.854296 -1.061757 0.122560 -3.228141 -1.254279 -3.457813 -1.297923 -4.589976 1.394891 
6788930587981207904.mp3 :-87.561968 100.020582 9.732033 18.829968 5.377366 11.519078 -0.340288 0.092736 -6.309778 4.360934 -3.627512 0.573568 -0.830485 4.061153 -1.827880 3.056624 -4.949459 1.872755 -4.417207 -0.804572 -1.812730 2.731917 -3.758206 3.295448 -2.708127 -2.898113 -3.895372 1.244589 -2.502697 3.561694 -5.161304 -2.295358 -2.662117 4.479342 -1.218840 1.331904 -2.201278 -0.403129 -4.155830 -2.691965 
683065700950296145.mp3 :-188.896294 104.553216 -5.669351 51.251188 0.719113 9.629929 9.257178 0.875828 -5.588138 1.314116 -7.695108 -1.004036 -2.646947 -3.417119 -3.226869 2.909985 -5.528055 6.316114 -1.351421 6.134597 0.619471 -0.068051 -6.355441 -1.959537 -6.623512 -0.091030 0.364320 -0.106507 -5.812027 -2.027172 -1.754967 5.461644 -4.926024 -5.530417 -7.702011 -2.838764 -3.595103 0.893276 1.364675 4.110545 
6860818197584346202.mp3 :-237.621965 168.292276 12.762728 9.469715 4.100995 -2.116762 -7.278847 -9.171057 -20.035443 -6.068729 -12.964522 -11.214133 -7.554546 -9.552636 -5.688537 -7.474851 -4.519535 -4.722492 -6.944138 -5.333626 -1.171670 -2.402797 -1.552620 -5.249904 -8.335250 -1.843781 -3.525433 -3.478460 -6.901675 -4.694872 -3.477875 -2.563671 -2.149078 -2.128624 -6.428473 -4.389157 1.059552 4.123904 -0.643172 -2.297424 
6856749010497921601.mp3 :-63.831656 78.701136 -1.427888 20.091610 -1.523708 2.261238 5.106319 -1.378323 -2.740967 9.146886 -13.551311 1.738591 -4.968425 1.760046 -1.549055 4.892941 -0.855303 4.434565 -2.527056 2.432810 -5.418363 5.198491 -1.261986 3.859660 -1.687339 1.287294 -6.257870 1.713843 0.624575 2.519398 -5.017239 -1.454134 -2.261020 3.373112 -0.850505 1.033101 -2.019659 0.187219 -4.209387 -1.362288 
6775318808007092428.mp3 :-197.787335 95.943485 18.112462 17.829350 1.919769 4.031763 -5.823878 -0.218490 -11.800365 -5.792686 -5.044848 -2.907320 -3.562402 -4.717487 -2.814579 -0.986034 -8.099220 -1.617492 -5.268318 -2.634779 -4.084676 1.694955 -5.089873 -2.689607 -5.362682 -1.253332 -4.769958 0.887914 -2.142651 -1.292737 -5.473648 2.123745 -0.836295 -0.916352 -5.052739 -1.658784 -6.686248 -4.200917 -5.397484 3.146800 
6865058563277455129.mp3 :-205.420831 152.553714 2.822411 7.821491 9.354166 -0.167484 0.301705 0.049799 -9.600341 0.905958 -10.597824 -3.931596 -5.715856 -13.357804 -5.805716 -8.792860 -4.333441 -4.570165 -6.789767 -3.606713 -8.499800 -1.315212 -8.765958 -2.631136 -7.454066 0.516952 -3.169052 0.335394 -2.141709 0.011404 -1.129475 -1.643699 0.536740 1.325281 0.475460 -0.097584 -1.807195 -1.629450 -4.273878 -2.609282 
6860330145383205206.mp3 :-154.325749 72.457664 38.053453 39.995032 6.039706 14.196522 -2.421684 5.603860 1.539749 10.147439 0.817918 10.181713 -5.630644 0.536678 -0.251001 1.619022 -1.172883 2.710051 -2.779255 0.466002 -2.860640 -1.603957 -3.777059 0.000766 -5.618047 5.718715 0.598659 2.790057 0.321169 -0.667893 -5.637820 1.650231 -2.754416 2.540070 -2.767647 1.199702 -3.968017 1.718226 -2.547286 0.578728 
6865806822650548361.mp3 :-139.895590 111.977523 24.376986 33.346308 12.343110 9.180818 2.776148 7.798895 -8.691166 0.611653 -9.372320 -0.046613 -5.962327 -0.355697 -1.481536 -0.024271 -1.642497 4.493800 -0.853120 3.925154 -1.829849 -1.297032 -5.150543 1.535185 -6.165498 3.814050 1.223594 2.103479 -3.647192 -2.026394 -5.737830 -0.615239 -0.821190 1.475214 -3.510129 -0.603784 -1.905972 2.102067 0.109420 2.589162 
6809033319331360055.mp3 :-113.959231 100.031150 12.284933 25.420819 -2.737174 8.477359 -5.994085 3.761643 -5.138852 2.409479 -3.479451 -0.216930 -1.569731 -2.084819 -5.004135 0.672499 -9.974609 -0.753949 -10.519534 -4.261804 -7.331240 -1.491653 -2.787372 6.878391 -0.500770 1.714711 -4.012595 -0.725446 -4.460823 0.226585 -3.854859 1.189004 -0.541782 0.703024 -2.062061 0.321083 -6.423763 -3.590141 -5.906107 0.239641 
685094653051980122.mp3 :-82.527148 84.515290 14.712846 28.639067 5.344680 2.053409 6.351207 5.835318 -7.808696 8.308324 -1.493930 1.389318 -0.094314 3.610957 -4.253450 4.835166 -2.362203 1.903754 -0.299658 0.195297 0.313770 5.209032 -3.040259 3.215049 -2.751410 1.155242 -2.767028 3.884365 -2.322578 1.600845 -1.594618 2.178295 -1.053457 2.738386 -2.615703 1.563424 -4.291792 -0.163079 -1.739503 2.150503 
6801697941030767031.mp3 :-169.840887 103.864465 4.259391 29.407779 6.680354 5.526939 0.708215 8.676758 -4.836647 6.448731 -3.217954 1.317443 -5.248887 -2.036893 -3.096273 -1.211588 -4.488464 4.532334 -5.480394 1.154537 -7.865130 0.240692 -0.273190 5.628232 -1.706079 4.326667 -3.173833 -0.305631 -6.996811 -5.140558 -5.525414 6.316334 0.168579 1.517395 -5.490964 -0.878569 -5.848325 -0.660996 -4.280392 -2.455935 
6777445087741311687.mp3 :-109.053649 68.063297 18.319826 22.321943 3.389335 8.137927 -2.955748 2.881239 -8.788236 2.187936 -0.347357 4.703164 -2.302455 3.622767 -3.381470 1.049392 -1.920722 1.527193 -6.200867 0.078531 0.890406 1.286580 -0.758173 2.982863 -0.988802 2.728166 -3.350880 3.156902 1.709810 9.823247 1.973857 1.616154 -2.981230 1.146156 -2.776699 2.899455 -1.723368 1.420336 -4.463305 1.994422 
6778729318358944933.mp3 :-130.025129 102.564224 27.788841 19.242967 10.853358 1.598594 8.185768 3.691926 -9.252414 1.544569 -7.303086 1.505322 -5.050175 0.011289 -5.248747 -3.225211 -3.222397 1.948231 -4.641225 6.111036 -7.911071 -1.150961 -6.535286 -2.769769 -3.978842 4.842173 0.140036 3.174040 -3.180318 -1.322440 -7.541407 0.679826 -3.616885 -0.132026 -3.293702 2.975522 0.102785 3.625391 -0.797523 2.085472 
6862818600624980742.mp3 :-106.630806 29.634205 6.382094 46.296342 4.207660 12.975245 5.986891 5.738511 -2.748948 7.776352 -5.016078 4.339664 -9.820506 1.908260 -7.081107 0.626436 -8.840323 -2.880548 -8.131646 -0.065106 -5.370115 0.053513 -3.833155 0.643166 -8.256002 0.463192 -10.296643 -3.127089 -7.769993 1.974283 -1.067796 0.728749 -5.702260 -2.858832 -4.426398 -1.459052 -5.492958 -1.172759 -4.259160 -0.631688 
6799721742856673922.mp3 :-139.275265 118.048364 13.141907 15.405131 17.627070 3.605873 4.713639 6.517482 -10.656626 12.616112 -11.663170 4.528676 -2.411816 -2.420917 -6.636837 -0.747233 -5.607115 -1.742813 -9.021598 -2.408208 -1.697015 -0.845602 -1.066306 -1.843424 -5.449714 -3.860821 0.147031 4.960448 -2.562257 0.429272 -6.081402 2.206566 -0.611746 -0.472608 -6.608358 -3.832976 -8.577348 -5.151717 -4.731495 2.084714 
6786090609538383891.mp3 :-80.230525 111.516761 -1.723445 32.063711 5.511656 13.903710 -0.459803 5.520959 -11.745553 5.046578 0.617538 -3.480926 -2.487115 -3.291067 -0.740511 0.100102 -1.289489 0.566206 -6.849412 -1.390879 -1.215068 3.211597 -3.366379 0.398076 -5.658521 1.028337 -2.989359 2.499699 0.445769 1.050866 -4.772319 -1.190762 -3.111513 1.652076 -0.422451 1.596013 -3.389023 -0.331668 -3.680418 1.815257 
6803906708428004984.mp3 :-214.574739 114.401967 23.852455 7.489289 -1.311447 -9.185576 -13.215921 -14.475709 -20.619030 -4.654536 -11.441883 -10.555634 -11.937974 -8.440742 -10.683553 -7.655184 -10.487606 -4.917821 -8.462888 -4.281566 -1.346126 -0.900771 -6.161341 -4.264065 -6.941835 -3.591156 -4.344091 -0.789435 -6.310386 -0.241123 -2.611851 1.597289 -7.366594 -4.770647 -7.297033 -1.921752 -4.243702 -1.023941 0.062936 4.506179 
6781195795041841316.mp3 :-16.844370 59.831260 4.156106 25.142851 3.619200 17.390133 -3.792246 6.221984 -6.413853 3.934651 -2.657210 0.980753 -3.502995 2.389213 -5.703180 0.527342 -6.602115 -0.977926 -5.900381 -0.811719 -6.980176 0.670808 -3.948339 2.635385 -1.694935 1.340015 -5.629104 -0.811405 -4.715441 2.089092 0.349536 3.053312 -3.562423 0.882841 -3.246639 0.682616 -3.726910 -0.016596 -3.320513 1.026408 
6789017701077072879.mp3 :-178.427708 136.893209 10.988505 16.501647 -7.468880 1.571503 -14.816650 1.897796 -8.501481 -6.172443 -9.998486 -8.788248 -2.568466 -2.694725 -2.672799 -0.166726 -9.348798 -6.563487 -4.788948 0.454570 -3.954124 -3.408395 -12.104810 -5.457473 -4.757776 1.448172 1.385410 6.107376 0.849175 6.553095 3.298010 3.580347 -4.848256 -4.490326 -5.223695 -1.469926 -2.112299 2.906380 -0.204553 4.579953 
6851334163494130919.mp3 :-43.956488 80.201773 12.780495 19.024664 3.081919 9.369573 -1.936602 6.681229 -4.610214 2.044207 0.392863 3.437763 -0.266420 1.493984 1.182460 4.584737 -1.008555 3.472226 -1.866105 0.319718 -3.584266 3.463277 -5.899617 -0.241239 -5.178857 3.039657 -2.630975 1.445746 -4.789165 0.417277 -0.327902 3.069482 -3.190144 0.548463 -2.516973 1.393349 -0.725235 2.331231 -0.735722 3.608497 
6825359595019642200.mp3 :-89.121551 84.419121 -16.739091 23.425598 -0.423165 5.757056 7.654724 8.045598 -9.864874 7.290854 -10.782346 3.911282 -3.406174 1.365327 -2.859207 3.282803 -0.283577 6.448819 0.993466 2.530946 -7.040554 -1.487171 -3.044787 2.501380 -0.728523 0.518428 -4.582316 -1.737574 -8.258317 2.526959 -1.693324 -2.035362 -6.575330 0.183046 -3.085811 1.052006 -0.675045 0.496862 -4.977852 -0.475613 
6852455266283983009.mp3 :-50.889907 70.970592 -17.217519 19.674647 -18.204250 0.060922 0.030725 4.401643 -11.923103 9.336334 -7.796514 -0.743882 -0.821792 -1.450726 -7.005179 3.137488 -6.889727 0.212297 -10.151117 -4.133567 -2.577420 2.312746 -3.304655 -5.019451 -10.522731 -2.260114 -3.234895 0.615894 -2.068612 1.730399 1.148604 6.813405 -3.900965 -3.716950 -7.397790 -3.557593 -7.193766 0.220360 -2.771035 0.572724 
6820394796237839432.mp3 :-63.739902 82.205541 12.914032 21.912782 1.845663 6.143729 9.219636 6.219557 -1.521528 5.606785 -4.382107 0.447363 0.161540 3.505048 -1.061325 3.060899 -3.212645 2.670306 -1.259005 1.096287 -3.999359 3.048333 -3.101436 2.526622 -5.710067 2.013197 -4.677068 0.779568 -5.531766 -2.450581 -6.692242 3.018842 -2.931347 1.349366 -5.148720 -1.037083 -6.113086 -0.821734 -3.741213 -1.807623 
6795494151988634696.mp3 :-196.676284 94.162795 18.861417 32.062098 4.056023 3.701585 4.511429 10.211568 -8.156417 1.539853 -0.985085 1.617466 2.929474 2.591271 -5.253350 2.899789 -3.209032 -0.463052 -6.181555 0.439818 -6.816758 2.789969 -2.421420 0.253730 -2.439465 1.499544 -3.561070 -1.905792 -5.229436 2.199233 0.281500 5.524293 -3.051928 -1.325349 -5.786495 0.733334 -4.074325 1.802954 -2.152529 1.360388 
6817120488589901461.mp3 :-209.909975 106.585860 14.039862 27.574184 5.357953 3.756484 2.823569 4.655583 -7.386992 -1.126978 -13.922016 -0.426807 -6.071978 -5.259260 -8.018817 -2.122206 -6.561195 2.634466 -9.033145 -6.527372 -4.292498 -1.887367 -0.083377 1.151215 -3.322080 2.188306 -1.034247 4.348331 -3.570533 -3.554642 -4.583380 0.503440 2.307348 3.334248 -6.007550 -2.572640 -5.347722 -4.535506 -4.051836 -2.404584 
6840647585327296995.mp3 :-116.047206 85.881997 20.167327 52.246282 15.424657 11.012781 -2.208059 15.051837 -3.151258 8.524424 0.685914 1.567205 -2.266133 -2.336129 -4.844025 5.451741 -5.121682 2.068258 -0.412690 4.204721 -6.363167 -2.379847 -6.362098 -1.703044 -5.271197 1.139893 -3.255926 2.638549 0.342031 -2.565525 -0.543073 -1.048285 -0.974700 0.201877 -1.130464 4.426026 -3.771621 3.568972 -5.098802 -0.936530 
6797939179063877318.mp3 :-114.375845 100.233324 -36.738342 9.927994 -22.302857 -14.166799 -4.858641 -5.908234 -27.868088 5.288184 -17.526210 -8.441278 -9.260945 -8.594588 -7.679931 -0.947485 -8.345478 -0.962714 -10.620478 -0.011347 -1.182011 7.437920 0.515301 -2.379416 -7.353651 -1.378959 -2.634831 3.995136 4.302825 2.295868 -3.403077 2.772082 -0.965203 1.817072 -4.798339 -0.993774 -5.598731 -3.954662 -6.297130 0.962581 
6832179577770387413.mp3 :-87.982485 84.127433 16.325859 18.794023 3.174572 -0.729538 5.234432 -3.224106 -6.750345 6.153786 -12.359193 6.727850 -6.367918 6.079328 -0.518688 7.542556 -1.031731 0.257473 -9.363374 2.065547 -0.367690 2.966948 -6.196115 -2.555176 -7.216968 -1.109667 -2.882381 3.963302 -2.846887 -0.096107 -1.781016 5.794361 0.372905 -0.151475 -6.998400 -3.117296 -7.696989 -2.039701 -4.490129 3.340686 
6794693938077244854.mp3 :-90.262955 63.771875 13.127922 41.181797 3.278968 12.921499 4.521291 8.216910 -1.610420 3.263658 -0.504282 5.393743 1.434648 3.543788 0.334276 2.914709 -2.773005 2.300901 -5.223750 -2.040606 1.383995 0.937803 -7.154808 3.851395 -1.338574 4.477359 -0.670035 3.459319 0.140196 6.736941 -2.647743 -2.707234 -5.419796 -0.799637 -0.743499 1.733465 -2.296674 2.407469 -2.775473 1.250742 
6830534696031871791.mp3 :-244.556211 99.595897 -3.336151 29.930856 5.915846 2.057895 3.852051 -1.190902 -6.614344 0.124214 -9.221346 -1.492714 -8.363151 1.560375 -3.884676 0.497307 1.455949 2.660583 -6.160999 -7.769835 -5.266332 1.918253 2.207976 2.505192 -2.464763 2.719905 -0.315761 1.567744 -0.343796 4.465235 6.401873 3.020482 -3.099327 1.193296 1.857811 2.505223 3.327327 1.272951 -4.593790 -0.297270 
6803770291597182660.mp3 :-113.058545 96.656745 62.823324 -25.684744 15.675731 7.089849 21.478414 14.885706 8.872406 14.456486 4.692146 10.672021 2.075938 7.763400 1.719528 3.595530 0.880584 3.301748 -0.430901 6.400499 -1.190009 5.111450 -0.117972 6.477026 -2.080842 4.901168 -1.849617 3.826013 -2.806323 2.440647 -0.980715 2.409239 -2.834361 -3.008696 -6.090269 -1.999183 -4.689457 -0.430286 -4.036854 0.301465 
680312830197507790.mp3 :-49.058036 98.214949 0.638950 22.833270 3.689204 7.785327 4.774940 4.548316 -1.637646 7.881130 -4.285972 1.706808 -6.913215 -1.427437 -3.539135 0.579603 -1.188252 4.509630 0.116203 6.171410 -3.592455 -3.049454 -7.693696 -1.472309 -2.127860 1.380346 -6.457939 1.171020 -2.501347 0.492246 -6.789046 -5.893623 -5.944326 0.770082 -0.588462 3.287715 -0.814101 2.873630 -2.712430 -0.540365 
6802673714761321015.mp3 :-102.749734 129.145047 23.542326 29.720694 12.201058 7.012434 10.618761 8.488870 -3.434441 7.433562 -12.267438 1.160624 -7.014073 3.913968 -3.681775 3.457550 -2.911050 1.875231 -2.662725 1.985088 -4.081858 4.941193 -5.132222 -1.122743 -3.863059 2.429650 -1.173813 2.631323 -4.421560 0.113233 3.083767 5.173316 -2.771392 -4.911353 -8.586196 -4.097955 -4.086002 5.261421 2.200047 4.029366 
6861073439600259440.mp3 :-117.863186 100.660125 23.350545 28.695308 2.527007 7.099425 7.092065 3.787100 -3.869148 4.555296 -12.315359 -1.355765 -8.696301 -1.308885 -5.130706 -0.750833 -5.579140 -0.144504 -1.542359 -1.428852 -3.471796 0.815945 -2.340079 2.554706 -5.174435 4.154206 -6.857596 -0.129380 -8.641756 -1.635082 -1.412078 0.429172 -3.120708 -1.881241 -5.013710 -1.952324 -5.245929 -0.646356 -3.976566 2.021415 
6795427957920246227.mp3 :-99.543891 102.656399 -4.853621 14.521854 -2.297429 0.096329 2.555940 -5.478458 -9.968961 -1.179490 -8.077522 -1.185659 -8.872506 -1.389824 -5.807919 -1.403152 -2.139217 3.839234 1.561927 -0.608067 -7.884533 1.768826 0.134524 4.285144 1.327749 -2.520237 -7.705909 -1.266888 -3.415114 1.411480 -4.610000 -0.128689 -0.747894 2.611138 -0.184758 -0.262398 -2.683192 -4.749492 -8.983051 -3.792694 
685052294264222117.mp3 :-77.994952 86.100654 2.370346 20.864761 5.423938 13.822155 0.780142 7.304906 -3.739858 4.872497 -6.344760 2.386811 -4.611147 4.584517 -0.680341 5.942549 -1.679414 4.060219 -2.376775 1.919214 -3.729780 0.046692 -3.979477 0.476379 -4.149328 1.033017 -4.494172 3.202726 -1.402378 1.391513 -3.116178 1.666836 -0.688808 1.146295 -4.098696 -0.850808 -4.530396 -2.015529 -4.532179 -0.129006 
6858634200429134994.mp3 :-153.087687 95.301511 11.551341 25.207126 3.805891 7.342498 -1.528436 -6.091558 0.423544 -4.380635 -4.709983 -2.450103 -5.941359 -1.807108 -3.491214 3.190410 -4.132691 2.980769 0.845098 2.474778 -0.362965 3.491448 -3.020644 1.290429 -5.161967 -0.511392 0.096123 4.917800 1.052260 -3.317927 -7.698315 2.424793 0.124560 1.379406 -4.354055 -0.687887 -6.183538 -0.705131 -4.705071 3.869600 
6782904669489727129.mp3 :-102.194313 86.688157 36.318069 36.859030 9.021933 4.381635 0.253423 3.648002 -10.366022 4.239224 -4.253309 -1.407133 -7.425059 1.392432 -5.383714 1.281926 -4.392661 -1.985798 -6.270401 -2.984759 -6.361488 -3.347864 -7.480572 -3.160588 -4.400557 0.032627 -6.104866 1.839620 -2.751591 1.634075 -5.429733 -0.212241 -4.561889 2.161019 -4.218257 0.371869 -2.665275 1.339108 -2.068219 1.834751 
6822973316588446159.mp3 :-112.819677 76.051485 12.073578 22.762748 10.614462 8.527509 2.590500 1.378244 -2.554559 6.400799 -8.785572 -1.605585 -7.612471 3.017406 -5.132717 2.258848 -5.824729 2.737953 -5.264335 1.501398 -3.576882 1.569386 -3.220180 2.653432 -1.901263 3.837764 -4.188774 0.065873 -4.227205 1.118803 -3.827980 0.735689 -5.632682 -2.342005 -3.874104 2.174868 -2.050743 2.702927 -3.895357 0.472133 
6854974473235165797.mp3 :-175.969308 102.536040 14.390704 32.329313 8.326167 7.251891 -0.509267 8.834080 -8.734855 1.591556 -4.585350 -3.926762 -2.640212 0.119513 -10.154294 0.156953 -6.006369 -2.546770 -1.669950 -2.629261 -8.044917 -3.800533 -4.918878 1.303986 -0.753609 2.519049 -4.913723 -0.735356 -6.737512 -2.912722 0.144553 2.416484 -1.967720 1.600603 -1.503458 1.160460 -0.830107 1.920608 -1.877870 1.478551 
6858309520972984817.mp3 :-202.958239 141.681644 10.430157 36.691657 11.564555 20.004088 2.636119 11.686418 -0.685550 8.805675 -1.632618 0.046200 -3.130816 -1.546079 0.305755 -0.150720 -2.129402 5.005176 -0.614534 -3.045364 -8.176747 -2.367221 3.272062 4.493344 1.419239 -4.109495 -4.605414 -0.158802 -2.000461 -3.797027 -4.649296 2.622380 4.661753 2.780180 -2.883510 -2.994562 -6.055873 -4.253896 -6.066463 -3.762869 
6829108879623284066.mp3 :-107.111347 72.966829 2.681383 26.468785 2.709069 11.474312 0.922631 3.381982 -3.346025 4.638323 -5.542978 -3.335934 -7.303325 0.459604 -6.844758 2.731338 -0.899581 4.717462 -4.017612 -0.742064 -8.592207 -5.384143 -1.743387 2.963341 -2.188882 2.824930 -7.757488 -3.662073 -3.687302 1.512335 -2.835013 -2.500095 -7.020219 0.317189 -0.338227 2.491977 -0.015331 1.105238 -5.078436 -5.667865 
6791975331660075645.mp3 :-75.936718 85.616239 14.659862 36.724677 2.153453 5.966615 4.529727 3.209300 -9.160694 7.412233 -7.450027 -4.675967 -3.228369 -0.244029 -6.475581 1.625040 -6.387557 -4.384340 -7.834664 -2.564738 -6.451167 0.503330 -5.405170 -1.594468 -4.105129 -0.226992 -5.103744 3.375536 -3.109276 1.098090 -2.300282 1.517133 -2.290806 0.552433 -5.278846 -1.898024 -4.111074 0.663564 -4.520671 0.141905 
6865364101931755396.mp3 :-116.703083 99.832998 14.222959 33.178615 5.986063 9.248414 1.821566 7.007515 -6.076633 3.523424 -7.767995 -0.182178 -3.988359 0.527903 -4.855433 0.911930 -6.050205 2.013299 -6.021480 -1.082541 -6.660362 -2.437392 -8.513265 -0.049387 -6.679025 -0.629985 -4.580371 1.539192 -4.757275 2.286851 -4.499920 -1.022898 -4.073257 1.029917 -1.026891 0.958356 -3.496698 -0.198509 -2.986136 -0.706241 
6833615100569762801.mp3 :-160.345090 120.666887 5.017214 31.313622 -3.825879 0.094469 2.285994 -7.788741 -6.249992 -1.256459 -6.457351 -0.154410 -6.050296 -7.807471 -8.510760 -7.769817 -17.586252 0.872950 -9.212882 -2.282248 4.431199 4.789319 -3.374475 6.023164 -5.800698 -5.805944 -5.780527 -3.038005 -5.491257 1.670274 -6.317588 -3.759653 -3.378914 -2.293918 -4.163764 -2.903573 -6.936492 -3.315324 -3.992452 -1.598404 
