3080681816539435784.mp3 :-145.242676 112.254849 13.119338 11.431506 2.930180 0.211437 0.756349 -0.517168 -6.632912 4.123576 -6.022400 -0.332068 -6.029862 -0.103868 -6.186824 0.006971 -6.608915 3.193332 -2.054186 2.432201 1.269471 1.738039 -5.317985 0.222275 -4.194399 2.930578 1.714980 4.255874 -1.400596 1.761582 2.040127 5.584114 -1.813761 -2.801527 -6.078469 -0.313296 -2.283467 1.423240 -0.175438 2.965381 
3069015372122096110.mp3 :-136.223901 124.752909 23.343109 29.947518 14.581517 7.754780 -1.907681 8.334636 -8.652267 4.205138 -3.222730 0.419918 -2.051287 0.580905 -1.258470 0.081226 -5.685052 4.855074 -5.383093 0.484208 -1.648552 1.101808 -0.344490 5.692792 -2.071161 -0.063868 -3.789923 -2.516026 -7.209927 -3.473642 -3.921000 7.250281 4.107724 2.761232 -2.647969 -0.969136 -6.325055 -0.604931 -3.798182 -2.165073 
3079075133785219568.mp3 :-170.064339 108.542820 -0.408610 45.703613 3.158508 7.567612 10.808530 1.893864 -2.208634 3.030914 -4.171356 3.323702 -1.107751 -1.704420 -8.488618 -6.107909 -3.354073 3.743897 1.320920 1.470829 -5.422221 -1.000267 2.012235 6.353184 0.401747 1.022272 -6.182631 -3.955491 -4.440948 -2.801982 -13.329463 -7.956687 -2.485562 6.257426 1.517379 4.451310 -3.031230 -4.425644 -4.793850 1.118213 
3072449433199089031.mp3 :-162.676787 104.285993 2.352128 26.280046 11.160617 6.988492 5.543395 9.903132 -7.461709 4.634742 -2.831227 -0.324843 -1.303105 0.356549 -5.303463 4.011568 -1.422741 0.382411 -5.580743 -0.134898 -3.223937 0.714112 -3.739437 -0.769743 -1.896384 2.030245 -5.862824 2.751356 -2.427108 -0.311720 0.473479 -2.620113 -6.504539 -2.534969 -4.011985 -0.818848 -2.430880 0.538159 -3.211866 0.643240 
3115999281300218659.mp3 :-38.329167 69.394411 11.619048 19.328925 0.845298 4.078737 -0.293955 12.109060 -16.184084 2.657718 0.194619 0.293329 -3.222159 3.042012 -8.419697 -0.200316 -10.075383 -0.657987 -8.149006 -5.692038 -10.104496 -3.504896 -7.967074 -1.620082 -5.812698 -0.933880 -6.800076 -0.904205 -3.518063 1.887365 -6.601322 -4.830459 -8.311269 0.655406 0.093914 3.992380 -2.815938 -1.056057 -6.658922 -0.946800 
3070693986603641347.mp3 :-141.087412 110.026333 13.656592 15.992800 2.280055 16.185085 -11.309037 6.956543 -11.099152 -12.719846 -0.041653 -13.676643 -11.128954 -4.110887 -8.335344 -1.807537 -6.386789 -3.821637 -5.338594 0.833362 -1.151574 3.448776 -4.114115 0.706828 -5.225738 -0.292938 -0.927071 5.191415 0.372995 0.783039 -1.997765 2.582774 2.670335 2.852117 -2.188807 -3.147506 -4.406908 -2.349157 -3.039389 3.160905 
3113388759510061566.mp3 :-89.523551 86.625986 22.327217 19.126760 1.407264 1.624669 -5.933850 0.323679 -12.374248 5.384612 -0.479239 0.918800 -1.484579 3.572863 -5.109285 0.890721 -6.225485 1.133350 -4.756431 0.517095 -0.521210 5.581506 -1.906228 0.222374 -5.314535 -0.452753 -6.422069 -2.577704 0.331779 6.826338 0.817940 -1.218862 -4.136540 -0.122347 -4.832685 -0.117792 -2.559873 -0.041682 -4.328686 -2.204986 
3065570038821225299.mp3 :-11.921910 57.658276 -1.093567 15.470794 1.753464 11.372563 4.428095 6.708094 -0.643753 8.913752 -5.571745 3.293650 -5.880432 2.497829 -2.824890 3.760812 -1.400046 3.878933 -3.571021 0.914089 -3.994519 0.580403 -3.622132 1.858036 -3.237214 3.335077 -3.445116 0.823213 -3.154292 3.404894 -2.057007 0.523093 -4.043795 1.202468 -1.831515 2.913041 -1.227961 2.532504 -2.612359 -0.553261 
3090777980377364875.mp3 :-117.670375 86.854909 24.081950 39.311574 -2.525156 11.065804 3.732388 5.980139 4.469805 7.425542 -5.988716 2.132164 -5.123738 -2.272675 -9.626967 3.951709 -1.764032 5.387181 -2.705753 3.508944 -4.746101 1.475324 -0.892919 5.103516 -0.979030 2.779509 -3.559713 0.930116 -4.168327 0.905477 -3.327836 -0.976086 -3.195803 1.915935 -1.726030 -0.106298 -2.402822 1.373775 -5.058626 -2.098260 
3078405355374041296.mp3 :-64.461799 106.890269 15.664783 20.881452 7.639210 -3.014490 -0.277597 2.616272 -11.235187 -2.735127 -1.034212 -6.012712 -2.356834 -1.355379 -4.193338 2.212597 -5.426134 -2.558706 -5.484803 0.554924 -10.266062 0.922869 -3.761889 2.824463 -2.952953 5.588978 -3.538875 2.990110 -2.095514 -1.973081 -8.047752 -0.730016 -1.759773 4.919965 0.626264 3.249876 -2.570721 1.373634 -1.601734 0.856341 
3124509057516425556.mp3 :-136.461205 92.643037 16.015565 30.441876 0.604282 4.439251 5.600599 -0.905761 -7.201810 6.031335 -11.232734 1.129806 -7.212266 -0.103055 -3.535162 1.527715 -0.674679 3.133943 -2.550934 8.993842 -3.829973 2.769611 -8.038971 -4.702640 -5.436246 3.776174 -0.571850 8.882148 3.140726 -2.590965 -7.907404 0.834211 -0.509833 1.570332 -4.912004 0.285891 -6.030846 0.568365 0.070909 2.323401 
3067852996488272362.mp3 :-103.505444 91.211953 24.710193 10.974104 1.010402 -5.115947 -0.310541 -5.119402 -8.120745 1.879039 -14.394468 1.351132 -9.590351 -0.126170 -4.881639 -1.348744 -4.662777 0.622373 -2.045642 3.054543 -8.358474 -4.429991 -9.312503 0.735520 -2.715441 6.937054 -1.648009 1.281653 -4.193034 -1.360260 -4.800863 -0.523781 -7.609159 -1.234066 -3.926516 0.917357 -1.902868 2.648740 -1.144811 1.149483 
3074446936374874034.mp3 :-66.926405 85.011539 12.332459 18.768496 -8.878349 22.060383 -2.673757 5.882428 -2.809454 3.873490 0.691096 1.159372 -3.197550 4.523171 -1.823670 1.019655 -6.085228 2.094138 -3.389395 4.457051 -2.325370 -2.152829 -1.630501 3.629422 0.035241 5.714243 0.034032 2.142834 -5.759427 1.866503 -1.587023 0.719083 -4.383063 1.177625 -3.708626 2.905228 1.495228 3.115274 -3.103982 0.184391 
3086544170599776672.mp3 :-169.964954 103.324872 -16.933446 15.473199 2.301254 10.361939 -4.055610 -1.637696 -7.058257 6.270806 -8.197923 -3.105642 -7.662131 -4.834205 -7.884965 -1.923012 -8.125227 -0.740022 -6.154604 1.842464 -2.355063 -4.674022 -10.162136 -4.656985 -5.470795 -0.888476 -6.359356 -2.513712 -1.638630 2.226480 -6.134375 -5.535447 -7.151905 0.871786 -1.460777 0.307675 -2.138266 2.061971 -2.425728 -2.426139 
3076273984054731283.mp3 :-213.208185 103.554716 -14.897881 17.141615 12.357441 -7.153598 6.324829 9.077036 -9.462734 2.799613 3.852565 -3.969959 -0.879982 0.853002 -5.957227 -0.951136 -3.454457 -1.258558 -3.589537 -5.325977 -6.711203 -1.195241 -1.356516 2.031623 -0.490587 0.555680 -10.320926 -5.355703 -4.524149 2.354796 1.721407 1.571946 -4.459535 -2.010150 -4.742873 -0.658583 -2.026577 -2.519234 -6.838913 -2.597507 
3107926173926355245.mp3 :-112.685330 104.507878 20.565898 26.267867 -1.036680 13.446910 -1.270176 7.677730 -11.160689 1.507619 -4.483775 5.029729 -3.783113 -4.069160 -2.733116 -1.312728 -10.850522 -1.657535 -3.840834 -3.515520 -3.650094 2.120155 -0.759032 4.440204 -0.792401 1.613240 -3.326479 -3.579715 -6.239286 -4.629241 -5.721320 1.490761 0.576980 1.506031 -2.403415 0.152591 -3.753293 -0.807408 -4.468714 -2.095009 
3119610433934846931.mp3 :-141.727017 89.662304 -4.463749 13.630617 -3.897893 1.992623 -3.016423 4.365975 -11.577642 9.343939 -8.659863 -5.438900 3.066729 10.851571 -2.315547 10.196555 1.885960 2.206479 6.024469 0.727480 -12.295911 -0.434595 -5.411459 6.133082 -0.506219 -0.736726 -3.873948 -5.429127 -4.960427 9.789381 -5.899720 -8.082975 -4.212628 2.325636 1.615690 5.193947 -0.618193 3.195156 -4.374400 -7.024130 
3067650580542391025.mp3 :-110.549404 89.903958 12.832485 28.892113 8.675495 1.090487 12.943750 1.892435 -1.368599 5.994210 -5.292124 3.243182 -5.976832 -3.170899 -6.874358 -0.627152 -6.771494 -1.183588 -5.741049 3.604736 -4.352282 -1.003166 -3.971831 0.934047 -5.211588 2.660385 -3.936248 3.380195 -2.157216 1.145435 -4.070184 -4.720447 -8.819444 -1.077457 -2.547462 1.710959 -2.704464 0.221331 -3.724990 -1.140322 
3077286271729300499.mp3 :-149.675380 109.755103 12.233778 26.487069 7.255154 4.250032 2.420604 -0.251880 -7.094333 5.195924 -10.637696 -0.577572 -5.928107 -0.498471 -3.834223 -2.783667 -6.556886 1.443844 -1.475944 9.032422 -0.035663 -1.778743 -6.990779 -2.757146 -4.414126 4.706576 -1.755195 3.391902 0.018355 -0.098082 -4.760016 3.319389 -3.710289 -2.865421 -5.701168 -1.242137 -3.141621 1.478678 -0.717300 3.057905 
312423959787285746.mp3 :-72.439472 77.052140 6.126781 22.789858 9.322717 12.847673 -0.440016 10.488495 -3.283692 8.822906 1.758150 7.037368 -1.463381 2.022334 -2.474553 4.192136 -5.497951 1.646607 -3.284637 0.491330 -4.118491 3.973579 -1.808135 2.158603 -0.774932 2.014474 -1.221636 4.561467 -1.989756 0.174154 -3.678860 3.098235 -1.577909 2.600385 -3.848810 -0.450971 -3.885607 -1.658898 -3.523903 0.391783 
310816750441691392.mp3 :-144.785913 90.969566 -11.020534 13.111128 -20.395364 -15.658825 -2.295049 -20.101340 -17.237752 -9.801273 -17.721451 -12.040982 -12.976495 -5.500961 -9.757692 -5.386080 2.636816 5.239119 3.119531 -1.130073 -7.878605 -7.711806 -10.802223 -0.103196 -1.922247 2.487477 -0.901946 1.607713 -7.026330 -3.847904 -3.940087 5.591642 3.297664 4.130033 0.142388 3.782940 2.497625 1.561782 -5.098385 2.883147 
3092169663769143657.mp3 :-137.907765 95.354554 -30.763419 39.000775 14.092725 -3.055556 12.666548 5.592723 -8.606974 -3.757329 5.427103 -5.114791 0.970848 3.904461 -6.318555 2.217138 -4.596915 -1.294561 -1.591827 0.224698 -4.227297 2.506759 -3.438689 -4.807865 -4.476390 0.487435 -6.088353 -1.651122 -3.356316 -2.899198 -2.697469 3.815130 -2.499891 -0.881731 -3.980016 -0.852990 -2.561733 0.496368 -1.750498 1.338869 
3092033270692658773.mp3 :-184.457479 133.157147 -7.402767 18.592237 -0.984724 -6.491214 7.991005 -9.139926 -9.507713 -3.548292 -11.881440 1.480830 -8.541018 -1.547450 -11.541817 -2.578962 -8.765475 -1.500373 -7.216329 -5.234279 -7.419665 1.602513 1.934155 3.699371 -1.655561 -1.612401 -4.563266 -0.653739 -6.067807 -4.679881 -5.340844 2.961442 0.828411 3.416824 -2.478995 -1.479434 -5.294078 1.092501 -1.817405 -2.507716 
3065677417129461841.mp3 :-250.824481 148.361873 -4.867362 14.882210 9.187358 2.821152 -2.478873 -2.673346 -8.587029 -5.550253 -11.613862 -4.415462 -5.893050 -1.858329 -0.526329 -0.529536 -3.830825 -3.266425 -8.489456 -0.249129 -3.155707 1.358841 -0.984074 1.915035 -3.047346 -0.959955 -3.719065 -3.968974 -1.900670 2.497743 1.152682 3.477466 -2.053120 0.186267 -3.974834 -2.824290 -4.516044 -2.099956 -4.747842 -4.809413 
3120773766916022772.mp3 :-287.416243 121.329961 5.392602 19.588387 13.082607 12.030522 4.282900 0.067613 -3.669192 0.383347 -7.889470 -1.178243 -3.358506 2.881892 -1.400401 0.309969 -2.742599 -2.116213 -6.941096 -5.006205 -3.342598 2.063451 -2.468499 -1.724870 -3.292393 -0.704499 -3.461853 -0.069083 -3.060508 3.084955 -0.629221 -3.551015 -1.922491 1.280636 0.831568 0.771815 -3.793992 -1.551487 -2.365058 -6.754634 
311891684201164224.mp3 :-181.904149 124.198427 13.382643 20.933588 8.861687 7.548569 3.807936 -1.374739 -7.124722 2.553071 -11.018186 -2.961282 -11.813200 -2.811675 -5.449654 -0.953249 -5.499640 0.876198 -6.070488 0.426734 -4.891929 1.769518 2.771632 5.166953 -0.361729 -0.068658 -6.541591 -2.308354 -5.371023 2.165813 4.439395 2.872475 -1.909646 -0.397003 -1.965402 -0.483541 -3.277490 -2.361705 -4.599154 -3.246660 
30886061137375217.mp3 :-130.185378 111.428783 19.837931 13.571080 -2.877107 14.670489 -12.293378 7.916271 -12.229009 -12.780761 -2.581900 -12.659988 -10.046523 -2.725153 -10.239045 -1.945851 -10.098577 -4.403722 -1.840825 1.344779 -3.656812 2.238461 -6.217844 2.475557 -7.366279 -1.588126 -3.930141 -3.492933 -3.411272 2.351100 0.444165 2.032737 -1.701833 -3.035488 -0.959903 0.782463 -1.148129 3.085634 -0.973949 3.053499 
3071471675973613222.mp3 :-196.038328 172.032638 -90.037983 -16.347802 -14.177959 -31.442263 -9.546478 -20.910337 -26.177173 -10.056470 -10.394639 -9.240931 -2.394563 -5.953584 -8.195869 -3.223670 -4.158659 -4.891170 -8.398038 -6.276456 0.517633 1.327029 -3.720773 -1.761647 -2.286836 -4.895710 0.934200 7.884468 3.750210 -3.046483 -3.098558 3.684224 5.645678 1.278158 -3.471207 -4.948349 -4.311714 -1.461964 0.445258 1.727678 
3079202510949685772.mp3 :-106.165309 115.610679 -20.188100 17.787310 -6.239545 0.010827 -9.757566 4.893531 -12.463133 1.244190 -0.515514 -1.717648 -3.858430 2.559845 -6.546653 2.122447 -6.315160 -4.584720 -1.991057 -0.059970 -2.930615 6.178560 -5.081605 1.907690 -3.863260 2.382152 -3.812408 3.611156 1.371841 0.142130 -6.302299 -0.624418 -3.069538 0.991289 -1.589076 -1.069652 -4.888674 -1.979615 -4.088139 -2.443844 
311009957228233503.mp3 :-119.338371 93.352722 23.933940 24.710197 9.859655 7.098019 2.712292 6.856648 -9.691201 0.036362 -8.057219 -2.848103 -2.704878 -5.621096 -5.718420 -1.656208 -9.736178 -1.688072 -5.816345 -3.070756 -7.711157 1.182144 -3.585182 0.551435 -4.397225 2.957431 -8.394195 -0.104535 -4.329471 -1.597872 -0.587398 3.643120 -1.709176 -1.509113 -6.282482 -3.309176 -6.038740 1.206575 -4.304966 1.819928 
3068714186370848375.mp3 :-138.352217 98.241446 -0.063821 19.099610 2.296297 -1.721582 6.079914 -6.804905 -5.906775 6.873570 -16.458004 -0.473334 -9.991937 -2.679185 -6.175139 -1.921240 -8.474305 0.818013 -5.640113 -2.029139 1.560941 1.024242 -4.942529 -5.250361 -9.120038 -0.482058 -3.371286 5.009795 3.005145 0.657567 -2.888848 1.136048 -2.518249 2.763605 -1.451184 0.466465 -2.945910 0.186230 -2.947470 -0.262883 
3087200743243491964.mp3 :-123.340957 111.364211 22.683161 21.087592 12.017665 9.793786 -3.907635 7.729876 -6.774525 2.493977 -0.882465 0.842602 -3.759036 0.711660 -1.998132 -1.065216 -6.657714 2.708565 -3.291754 1.936379 -6.788954 -1.045768 -3.316949 2.512825 -3.377860 -0.690929 -4.549362 -2.115008 -2.743426 0.600244 -3.666504 1.550136 -0.925021 3.604072 -0.631061 2.536448 -2.869172 -2.234975 -3.719719 2.129858 
3099143094018405711.mp3 :-218.169344 72.714095 -0.890538 23.420595 1.094610 -1.071721 1.986040 -0.573705 -8.837809 1.775515 -8.126617 2.575034 0.270155 -2.936321 -9.934325 3.499223 -5.591978 -2.038160 -7.001654 2.527023 -1.884026 0.109208 -5.420698 -1.836076 -6.421158 2.554012 -1.932712 1.206510 1.727163 -1.207349 -9.767050 4.004977 -1.456050 0.529923 -2.951054 -0.465244 -3.908704 2.178406 -4.968927 -3.245130 
3097143823961376732.mp3 :-160.601153 113.113381 -6.911912 37.666150 -7.750620 9.892084 -12.353645 7.045751 -17.867851 0.857286 -9.467571 -6.916848 -6.448505 -3.368782 -1.673148 -1.052907 -7.162773 2.557872 -5.855933 -1.992902 -8.122699 -1.767847 -3.879950 -0.973079 -6.027294 -2.756309 -7.628293 -6.114885 -5.148542 1.340990 -0.908603 0.133006 -1.763280 2.467728 -2.379668 0.728701 -2.741897 0.660300 -1.621401 -2.016213 
3079224668823297001.mp3 :-125.493525 100.528106 19.869106 23.150448 6.602018 5.074220 -4.564228 3.371186 -9.004578 5.412852 -9.515152 0.149417 -7.730462 0.011022 -3.124076 -3.342373 -8.013774 -0.856640 -4.496061 0.991589 -4.626271 1.473650 -4.252404 1.006413 -5.818198 -1.289986 -2.177796 0.277864 -2.464794 1.773685 -6.928361 -0.425704 -2.028456 -0.798639 -4.466653 -0.835272 -6.640070 -1.669664 -3.775933 -0.818038 
3076987142536902925.mp3 :-175.805450 92.250329 24.964939 32.062389 5.428868 14.106747 1.701269 -0.097387 -4.903295 4.483895 -10.084889 -0.796020 -8.751268 1.101207 -7.196600 -0.170296 -4.442159 4.832516 1.002618 6.007490 0.094963 1.226544 -5.172734 -3.589421 -4.806727 0.480023 -4.835638 0.754654 -0.509800 4.535229 -5.433070 -5.195041 -4.209453 1.175403 -0.340074 2.027128 -0.506676 1.108486 -4.228723 -0.635968 
3066660399335406684.mp3 :-87.333850 104.582571 11.530312 22.733580 0.251517 15.309942 -2.714216 3.387421 -7.450850 7.814313 -2.705187 7.586197 -3.388647 2.639870 -2.744839 1.409813 -5.451656 2.412444 -6.245349 2.963068 -1.581316 5.516375 0.026249 5.406344 -4.677828 3.309828 -2.563963 2.152388 0.309439 5.057673 -3.521051 3.333199 -0.818816 4.127055 0.050337 3.190642 -3.422228 0.845493 -3.543265 1.483824 
3066097170068544622.mp3 :-227.380648 94.949985 23.947764 32.756270 12.820292 5.980735 8.429675 -3.354924 -3.107205 2.301876 -12.513326 -0.375056 -6.519499 -3.446726 -6.850053 -5.838970 -7.271975 0.738430 -5.397580 4.490119 -1.962733 -1.959903 -6.203647 0.293118 -2.426815 4.324373 -4.664472 2.140942 -1.580970 3.729991 -2.547089 -3.004419 -8.782386 -1.954199 -3.632124 3.337273 -1.746561 1.037944 -2.938410 0.417821 
3077902448826502206.mp3 :-186.157773 101.407525 24.502218 26.853980 5.037766 4.357434 -0.065551 0.292074 -9.642629 5.332524 -6.497829 1.760146 -2.679154 -3.684832 -5.094676 -0.384356 -6.517303 0.890915 -5.236025 -1.193481 -7.604567 0.373560 -5.175681 1.721779 -5.193086 -1.947265 -2.685687 -1.151131 0.622320 3.418435 -7.159925 0.355823 -3.916737 1.938799 -4.388691 -0.714170 -3.620889 -3.252533 -6.096521 -4.760216 
3085345404989597490.mp3 :-97.864257 110.560881 9.701272 21.790244 5.275084 5.324620 -3.880310 6.462240 -9.821433 -0.648756 -3.353290 0.385320 -4.592486 -3.764840 -5.506195 0.243352 -9.434538 0.219442 -3.462608 -3.302983 -6.303065 1.556272 -3.675650 0.324122 -3.986430 -1.209666 -5.268553 -1.048034 -6.288527 -4.331103 -6.453441 4.547334 2.471736 3.596822 -1.536509 -0.323450 -5.070348 0.199958 -2.733505 0.186930 
3097190366343406942.mp3 :-167.414889 105.891531 -1.223977 20.287928 8.756228 12.415358 3.566019 7.504223 -3.043096 8.351309 2.561746 6.291036 0.972550 4.420644 -1.967054 1.181443 -4.523847 0.184635 -3.192037 1.924252 2.519295 1.774371 -1.523386 2.392208 -1.284487 3.052635 2.213548 2.399677 -1.525390 -0.790165 -3.476706 1.013217 -0.978524 -0.607679 -3.022223 -1.226580 -2.989179 -1.355230 -1.894163 3.217108 
3065602934200872509.mp3 :-61.170323 66.501746 23.142924 18.267331 7.603874 1.232983 4.170165 -0.984907 -6.809830 5.538524 -16.335876 2.697078 -8.993134 1.023008 -4.630076 1.921984 -4.139660 6.002117 -5.814299 3.198673 -5.160631 3.491908 -1.335911 4.612134 -3.608521 2.725216 -7.614210 1.209597 -5.974591 -0.722386 -2.583711 3.931682 -2.616639 1.321855 -4.949610 -1.066514 -4.712517 -1.652428 -2.661726 -1.347946 
3091505643546061912.mp3 :-202.473319 76.107823 -46.668200 30.000095 -8.787586 -11.395100 -12.994682 -21.954039 -18.939075 -3.484483 -21.284719 -6.282733 -20.299206 -7.052545 -2.889313 -1.806562 0.445604 11.001396 8.034637 6.129072 -6.514730 -3.367205 -1.527136 6.698799 4.989714 9.458402 -0.733888 3.821606 -4.150781 -4.350590 -1.976957 8.285725 3.256332 6.693238 -1.252291 4.940642 2.681013 3.335765 -4.599466 0.675675 
3107710397910314474.mp3 :-343.050970 109.482045 28.803394 24.639840 8.330045 9.436063 9.542338 -7.210269 5.349901 2.313492 -11.718609 -0.883626 -9.449094 -1.777896 -3.020019 -0.888176 -2.283853 3.642302 -5.443242 -0.978842 -6.579695 -2.116302 -4.248371 -1.835447 -0.295018 2.033861 1.744557 4.352771 -0.851999 1.470715 -1.814950 2.123180 1.582526 1.408446 -2.459428 -3.222155 -3.219538 0.176437 -0.759155 1.324672 
3080692691051733799.mp3 :-206.716312 42.055336 22.222964 44.722563 11.316701 16.829494 1.381839 11.861917 -6.157680 4.777552 -2.553307 3.584635 -4.612804 4.275278 -4.433945 -0.736532 -4.015698 2.886852 -6.278063 0.527774 -3.196060 3.612496 -6.127864 2.647889 -4.101252 -1.727057 -6.476026 -1.157679 -1.839473 1.353353 -8.332336 -0.181591 0.788868 4.832075 0.128093 1.293409 -5.368810 0.474469 -3.406968 -0.382371 
3067635405666969456.mp3 :-87.970261 88.622390 15.596259 15.523721 -1.001736 -1.389948 -0.800172 -7.270680 -6.171863 3.326154 -11.772708 1.251346 -9.737635 1.020985 -1.877767 4.038315 -0.774571 6.348896 -2.995828 2.701993 -7.392885 -2.609377 -5.590019 0.696179 -3.561424 1.793295 -3.373195 2.733092 -3.862582 -1.927841 -5.320944 0.674401 -2.731410 -0.653680 -4.865183 -1.046206 -5.883541 -2.528240 -4.553363 2.376176 
3100499926171238504.mp3 :-229.969737 126.467547 19.602301 31.035398 16.627030 0.294754 2.701414 7.402929 -15.749631 5.027226 -6.539700 -5.275962 -2.930002 -3.723900 -7.865929 -4.229350 -7.327341 -3.670375 -0.795871 -3.398455 -4.694373 -0.949292 -7.286289 -3.994314 -4.046523 -4.404453 -5.597775 2.621676 -1.585441 0.122794 -4.526373 -4.757950 -2.485839 1.645559 -1.090363 0.720586 -3.071067 -0.752029 -5.095535 -1.480898 
3067885251723436715.mp3 :-124.823015 85.552700 19.202401 30.654462 12.901824 12.755685 1.947387 15.240266 -7.392358 9.838101 0.178718 3.200134 0.125269 2.718516 -6.752995 0.355567 -6.552073 -0.544479 -3.505253 -0.297820 -1.731030 3.116792 -3.796753 1.168651 -4.878868 -2.486401 -8.360779 -0.635628 -4.390835 3.751026 -1.214588 1.482975 -5.185861 -0.067153 -4.501761 0.883390 -3.707823 -0.178515 -3.530970 -0.795371 
3125002889152391081.mp3 :-100.758281 63.364682 34.878313 23.312031 3.714048 16.856407 5.332881 8.613360 -0.762517 6.045576 -3.237210 2.166700 -0.851290 5.186644 0.129955 5.483074 0.228290 2.492169 -1.734721 5.439022 -1.753731 1.791790 -3.488628 0.698613 -4.195132 3.203896 -2.500903 2.309774 -0.516123 4.099973 -2.916442 0.126998 -5.685401 0.513189 -2.605919 1.094140 -3.274833 1.881219 -3.230289 0.942862 
3122590131862824983.mp3 :-84.967314 78.002026 -6.010941 16.480289 8.017010 13.803761 23.859941 1.208311 1.431618 7.733289 -5.351676 6.159490 -7.850141 -5.779124 0.791979 1.458900 0.643986 3.815912 -9.407537 -4.756452 -4.679067 1.797002 1.166009 -0.576686 -6.262720 -0.956338 -10.608096 -1.668651 -8.148015 2.604865 1.968349 -0.404777 -7.435398 -0.114681 -3.432043 -1.511580 -4.823636 -2.443831 -1.959902 -1.933074 
