1187468087000164158.mp3 :-93.562457 80.677415 0.632388 26.188521 10.197238 5.849488 -2.009263 -3.824725 -13.136295 10.781291 -1.935085 -0.818561 -5.851100 -0.974641 -4.305383 -2.080179 -8.444865 -3.585814 -4.067720 -0.461497 -2.876315 0.808453 -4.665620 -0.118766 -9.213584 -6.199740 -3.378373 1.874460 -0.034379 0.624458 -5.170857 0.028485 -2.040584 3.955394 -2.775658 1.166648 -3.854781 0.896855 -6.678073 -0.522603 
1189912806120840446.mp3 :-70.822969 105.866167 17.791146 28.341037 -0.355646 7.310332 -0.474594 7.539880 -14.274776 9.629966 -3.072141 -4.939957 0.392254 0.488151 -5.314876 3.619343 -3.278167 -0.633984 -3.990444 -3.596250 -4.083298 -0.691034 -8.369105 1.611641 -5.819433 -1.218143 -1.039731 -0.579877 -0.766986 5.368759 -3.694437 0.689491 -0.817694 -0.258964 -3.176336 1.777956 -5.746213 -0.754240 -4.677806 -0.052999 
1140658275862399836.mp3 :-155.555922 82.109017 -0.189665 21.476480 -2.456521 1.088701 10.438494 -7.402989 -5.195573 -2.279371 -11.736869 -5.082951 -9.050343 -3.156172 -5.187500 -2.729723 -7.334151 1.174230 -2.337451 3.838085 -5.615970 1.122883 -1.770427 1.711134 0.512119 7.251735 -5.203003 -0.713769 -5.513229 0.918757 -0.624286 3.115818 -5.525982 -1.800913 -3.535645 1.981794 -2.963117 1.628370 -1.556851 -0.838681 
1147257927161800534.mp3 :-116.936331 89.626578 3.899795 30.028361 1.506973 14.015639 -1.284254 4.956979 -4.209422 4.036559 1.094549 5.132018 -1.963253 2.863793 -3.994020 2.349160 -5.051065 3.072440 -5.715443 -0.769434 -4.517474 -2.191273 -1.896309 3.210951 -3.889759 2.565733 -2.031738 -2.052005 -7.544556 -0.975239 -1.850814 4.074101 -1.945015 0.774721 -4.224908 1.824476 -3.580580 0.861680 -2.913227 -0.431692 
1118208876666000626.mp3 :-164.022337 81.056794 8.511854 -0.476023 -3.281119 -8.296633 0.567304 -10.586318 -11.168734 -6.730188 -11.340307 -6.219050 -9.413485 -7.891116 -6.767436 -3.359198 -9.106479 -1.430349 -7.145489 1.336843 1.863237 9.767206 8.057373 8.510998 -3.330897 2.649997 -4.492182 2.510857 -2.355938 5.053871 3.088198 8.007601 0.588150 -0.705871 -5.313620 -3.071557 -6.196469 -0.095277 1.340961 3.153939 
1161815794789675529.mp3 :-150.295499 114.506153 4.176082 26.474723 4.204917 -1.406272 4.696621 3.383596 -14.351319 2.093700 -2.727555 -2.813236 -0.159984 1.776956 -6.457922 -0.663009 -4.880040 -1.472111 -3.085634 -0.346777 -2.143819 2.028897 -4.822372 -1.012117 -4.048174 -0.200973 -4.979712 0.107998 -1.689191 5.907568 1.566631 -0.104943 -5.239054 -1.842739 -2.829900 0.884011 -1.420650 0.266302 -0.526270 0.689982 
1164505808440610129.mp3 :-87.113279 83.867528 4.210624 32.064339 3.352288 24.826010 -7.715029 10.908334 1.124931 -0.663019 0.982065 1.086024 -3.296895 2.464764 -2.507139 2.877992 -1.543089 4.862405 -2.780601 2.047886 -1.271728 2.859547 -3.569676 0.464440 -4.721582 -4.387797 -7.230309 2.782287 -3.575869 -3.135362 -6.939410 -1.395570 -0.538057 3.495310 -5.837546 -0.582730 -7.489002 -5.385160 -3.159673 2.823125 
113797324491293413.mp3 :-88.580033 95.007284 2.425912 29.823178 16.059697 13.946578 -8.426477 7.183348 -14.291694 9.692546 -2.403420 -5.407729 2.886837 -3.026477 -6.010247 4.076228 -1.120667 -6.475097 -3.161279 -2.114229 -8.770073 0.911377 -2.798133 -2.426880 -4.963594 1.385189 -8.178484 1.568349 -5.382884 4.552557 1.800069 0.322488 -7.011011 -1.971330 -7.043559 -1.663537 -3.903701 1.861517 -3.116393 -1.711949 
1129462598542084877.mp3 :-93.070512 81.864424 20.502058 34.429485 10.276064 14.424227 0.471081 8.406112 -6.121761 2.984578 -0.155966 -0.068009 1.071836 5.552649 -1.521866 0.933900 -0.476530 1.009795 -4.070031 -0.460059 -5.849252 0.355839 -3.923775 3.190818 -3.839431 3.586130 -3.907803 0.232041 -1.916433 0.974926 -2.414222 -2.003341 -3.210101 4.530729 1.618249 2.453000 0.998179 1.196783 -3.372159 -3.054084 
1119305732719747794.mp3 :-161.430848 104.288979 17.172357 18.734732 7.257450 17.662971 2.520089 8.624303 -5.001010 3.920165 0.216886 3.312826 -1.276001 -0.984725 0.459238 4.316628 -3.520040 1.939017 -1.810165 2.966039 -0.152747 5.209426 -2.662821 -0.018928 -5.098025 0.656827 -2.328503 4.979576 1.614841 3.138853 0.190597 5.599638 0.481951 -0.408685 -4.985921 -1.858998 -6.065728 -0.763300 -2.759623 4.151453 
114733665527657842.mp3 :-97.156756 82.013465 16.650460 25.772489 11.469236 7.174971 1.542266 4.209840 -5.308712 6.644818 -7.367418 2.257027 -5.968582 4.649851 -4.875802 0.815097 -1.945032 9.801083 -5.270115 -2.798494 -9.051913 -5.915132 -0.579243 5.424292 1.921751 7.560704 -0.776867 -1.399942 -6.966599 -0.850284 2.633982 2.848411 -4.586319 0.534756 -1.579737 5.071938 0.974587 2.471209 -1.738919 -0.354907 
1193349550964183831.mp3 :-201.554427 106.476311 -4.354132 21.169281 0.935884 -0.382821 -3.103824 7.492657 -4.021369 8.248101 -0.537637 2.379227 -4.615919 -0.846402 -3.294119 -0.564797 -8.496406 -1.515149 -3.770789 0.744295 0.292542 1.060853 -4.844850 1.185930 -4.023072 -0.348933 -2.943719 0.539487 -0.321888 2.434924 -3.615248 -2.419378 -3.363863 -0.160247 -2.295996 0.690014 -2.584615 -1.618587 -3.063578 1.036262 
1112867572139589506.mp3 :-117.821236 66.223144 8.503319 14.856480 1.785767 9.270089 2.584484 1.170645 -8.642545 6.743414 -4.512612 4.649296 -2.375807 3.188941 -1.460416 3.671211 -2.223272 1.193849 -4.250206 4.374985 4.208486 2.687544 -6.078194 -2.074503 -4.444256 4.286360 -4.014910 7.971682 -3.737280 -2.502313 0.386672 4.787868 -2.489535 -4.158118 -7.055076 -3.662159 -3.805295 -0.102395 2.698116 8.315283 
1192295361091042932.mp3 :-36.823132 61.840381 11.544751 32.888785 16.664084 8.323647 -2.696682 4.784431 -11.105123 4.556746 -7.322763 -1.810678 -2.056394 -2.640166 -3.167146 -4.942672 -6.314538 -0.868319 -6.755510 -4.625357 -7.615627 -5.225852 -8.731237 -4.830692 -7.012831 -0.278426 -4.684641 3.013644 -4.155531 1.329475 -5.327232 -0.258165 -2.914716 0.277318 -6.670389 -3.278462 -8.797981 -3.379324 -3.539455 1.093062 
1124872881667916727.mp3 :-290.217246 59.314061 -27.712724 21.051744 -10.112895 -1.557560 -11.226112 -2.243280 -11.161808 -0.519614 -9.163208 -2.458006 -2.304081 1.177844 -4.897898 0.173201 -0.374532 1.841482 -2.825582 -3.683197 -1.072906 2.753628 2.830131 -0.505219 -1.120741 3.689552 -1.433803 1.151131 2.495652 4.242666 1.001566 5.246522 1.852595 1.638715 -2.882240 1.738573 -2.716417 0.737186 -0.002948 4.231983 
1190110549352064552.mp3 :-303.786905 94.960307 2.175881 17.746816 12.909355 0.439926 9.795681 0.212823 -3.122176 10.130822 -6.845132 2.729031 -5.772387 -3.467000 -5.543572 5.065179 -0.733721 6.775478 -1.580750 0.422910 -5.722914 -0.115929 -0.043583 0.704994 -7.400604 -1.879330 -10.814032 0.427375 -1.361061 5.957129 -3.139610 0.601190 -5.033441 1.156772 -0.424149 0.948871 -2.009126 -4.203146 -8.142815 -4.921592 
1174966101768018859.mp3 :-10.581033 70.734661 9.204621 11.793870 9.548827 5.851966 -0.899003 4.400464 -10.240325 4.826952 -1.850986 -0.728026 -0.832717 -1.428967 -5.232998 0.064366 -7.093986 -1.666883 -6.643129 0.706731 -3.715325 0.508375 -6.872202 2.011350 -6.240419 0.517386 -3.416743 4.552969 -2.759311 -1.042045 -7.620536 1.261458 -2.103664 2.289410 -5.354715 0.182290 -4.363939 -1.782126 -5.466206 1.445660 
1127904338076726175.mp3 :-126.559442 75.257217 -6.580369 41.633515 -5.082667 3.316885 5.394839 13.901556 -8.189945 9.941558 -4.940971 -0.909882 -2.883584 -0.941492 -5.838265 0.149583 -7.629335 0.380618 1.456408 5.742655 -1.394857 -3.635296 -6.565530 1.760361 1.306524 6.707478 3.728907 1.708435 -2.290297 5.780859 -4.855094 -6.806194 -10.708665 -1.622891 -1.177233 4.255546 1.162759 3.687404 -0.644853 2.643684 
11303040830199742.mp3 :-87.155557 90.230278 6.999579 48.072159 4.914932 5.761697 -0.755709 11.471058 -6.920399 5.801189 -6.134574 1.770725 -0.869801 -1.988566 -2.754993 0.956267 -3.993580 -0.936980 -3.103423 -1.845008 -4.118928 2.535019 -4.259453 3.080384 -4.257422 0.281673 -5.486678 0.352946 -6.709208 1.452100 0.455856 2.846980 -2.032419 2.068431 -3.224499 0.977666 -2.589443 1.064516 -0.467939 2.684668 
112969379245005134.mp3 :-82.494217 78.161953 15.651802 31.270217 15.213136 14.884512 -0.671826 11.791167 -5.504794 9.240932 -2.111296 4.631807 -0.592217 2.610096 -1.764696 2.418524 -0.191533 4.448896 -1.578846 3.649394 -0.728013 0.522574 0.065176 5.688993 -2.393016 4.594722 -2.859358 2.429632 -1.596385 2.320742 -1.281152 1.313276 -2.926540 -1.241788 -4.135763 0.975131 -3.944305 1.567166 -3.601679 0.130607 
1177491106210016222.mp3 :-76.213757 78.996038 13.275915 32.393606 12.909125 9.499392 -0.079445 8.264437 -9.703894 5.937768 -0.712002 -2.062125 -1.311230 3.820996 -3.974454 0.662388 -1.845079 -2.866903 -4.673354 1.258413 0.422308 0.312342 -6.314344 -0.384715 -3.582118 1.889602 -4.974241 5.070554 -2.764222 6.817575 -2.358880 -1.250339 -5.630452 0.805947 -2.521707 1.958793 -0.500462 2.354935 0.613217 1.774925 
1188505738707138249.mp3 :-89.515371 45.806083 0.764711 37.218454 4.632514 9.505848 2.691908 1.464467 -2.877097 0.666868 -7.494511 -2.163863 -6.249997 1.480549 -3.148074 4.674368 -1.850872 5.386984 -4.373483 5.284806 -1.345975 2.772864 -4.730594 -0.586236 -5.071030 -0.162083 -1.180276 4.138291 -2.147487 -0.504283 -4.766672 3.654867 0.565187 0.701698 -4.012368 -0.128803 -5.100181 -0.847647 -2.276452 4.503758 
11736088960937563.mp3 :-100.876103 51.479719 7.709591 16.365136 -0.378633 10.551989 0.380594 11.283369 0.440554 10.298424 0.339592 4.034189 -2.744441 3.604759 -1.061683 4.399039 -1.070799 3.325290 -2.974904 3.555497 -1.704239 2.611141 -3.492341 2.436795 -1.312416 4.316077 -0.216053 2.915814 -2.181434 2.955624 -1.135013 2.144440 -3.338182 1.351436 -2.900167 1.945149 -1.350476 1.866237 -2.427688 0.567161 
1124191763036381732.mp3 :-24.635177 73.571984 6.985600 35.362355 8.535016 8.739401 6.451387 14.587667 -6.060678 12.527586 -0.168839 0.765892 0.401703 2.078237 -0.130534 4.549015 -1.303366 6.425243 -3.927712 2.721217 -2.187729 0.955636 -5.720012 0.889476 -7.599242 -0.871858 -3.449216 2.255228 0.601925 4.843766 -3.643749 0.078492 -0.241407 3.914795 -1.115943 1.894104 -3.814631 1.600605 -4.502008 1.446935 
1124644574127255066.mp3 :-87.681902 73.681489 6.180322 23.459988 -0.646639 12.724436 3.527576 2.082675 1.207882 4.030839 -5.574796 2.536333 -3.533543 2.761389 -3.461641 1.558379 -4.865123 2.641176 -4.142004 2.098545 -4.277435 -2.343930 -8.813418 0.434995 -2.888535 3.481855 -2.498673 1.684912 -5.482135 -1.157822 -3.628696 -0.035929 -5.795164 0.116756 -3.866176 1.302232 -2.957619 4.237173 -0.003888 0.349101 
1148717098656966364.mp3 :-122.153877 109.162316 11.236399 33.163956 16.754703 5.725289 0.304271 4.159331 -8.845551 -1.234764 -1.623917 3.490588 -3.288352 -2.083439 -6.797515 1.533501 -4.158021 4.368368 -6.657635 0.507044 -2.733078 -3.986397 -6.577769 -2.466303 -6.004374 -2.010887 -3.494167 1.353228 -2.444180 5.076439 -5.392888 -6.778037 -6.551878 2.129124 -1.076896 3.477161 -3.021260 -1.644387 -4.848867 -0.629236 
1176801869423854083.mp3 :-63.112943 73.337199 -3.017299 45.902276 17.397418 3.989119 9.359699 14.332673 -14.701971 7.995812 -0.149121 3.718884 0.547216 1.763182 -10.523355 3.709644 -7.836938 3.187476 2.126287 -1.935360 -3.976059 1.681583 -3.593335 0.355049 -0.003726 2.190817 -1.560891 4.464165 -0.745185 -1.506904 -8.787043 -2.800062 -3.997310 5.560142 0.989157 4.019322 -2.045832 2.820312 -2.986630 -0.644699 
1166174394239686920.mp3 :-58.449820 80.267446 13.366395 22.574200 8.312470 8.183123 -3.393380 11.427192 -6.805048 0.509070 1.117482 1.489555 -0.199986 2.746907 -4.927691 2.098481 -3.447349 -0.768787 -3.559576 1.288844 -3.971112 3.410476 -4.275190 0.968940 -2.975565 3.211478 -4.280614 2.259253 -1.597690 7.652175 3.731446 3.596585 -4.246267 -1.153197 -2.837734 0.790250 -0.101644 2.992590 -2.498485 2.679794 
114582826464098302.mp3 :-208.279975 114.172912 8.595258 8.594373 4.139020 -4.344552 -10.669912 -2.552073 -12.503506 -6.047335 -17.725124 -8.648376 -13.436157 -4.233404 -11.933081 -1.941300 -7.338581 -2.083538 -2.697914 1.978379 0.426789 5.153624 -1.420233 -1.280973 -2.694506 -2.245059 -4.646563 -1.047562 -1.423235 0.121889 -5.284577 -2.503436 -4.670426 0.150165 -2.257994 -0.709783 -4.221479 -0.457562 -1.645905 -1.302918 
1150112721433376240.mp3 :-104.583481 95.904240 -23.839782 5.866638 -4.273294 -6.880776 -3.239254 -2.009908 -13.164910 -1.656683 -7.339827 -8.140281 -10.102145 -0.652497 -1.624795 0.603507 -15.849616 -0.389474 -1.993351 0.546460 -3.497579 -1.523127 -11.903251 -2.847822 -7.396476 0.153063 -0.373338 4.221056 -1.765055 2.152547 -0.478830 3.297003 -0.369721 5.469694 -2.947253 -1.218052 0.847185 1.747146 3.686042 5.821753 
1124708025956643325.mp3 :-87.907948 59.325362 19.582465 12.575594 0.122766 4.451980 4.136296 6.433551 -2.162132 4.974005 -6.375429 -1.501372 -8.481727 -0.601384 -3.955878 3.137602 -4.903351 0.417661 -7.113841 -2.813140 -5.203181 5.519870 0.590716 4.859887 -6.912361 1.453682 -4.254600 0.835000 -4.127420 3.067508 -1.187245 5.189933 0.971969 3.052487 -2.675872 -2.592490 -6.628525 -1.654510 -4.092800 -0.114846 
1161949850704129474.mp3 :-167.066646 110.088167 13.658744 23.118136 7.628506 -4.465760 2.607165 -11.003744 -3.805605 -4.362937 -12.901238 -0.206270 -13.606785 0.114627 -5.556955 -0.314848 -8.823070 -1.028411 -3.669449 5.505150 -6.431063 -1.895297 -6.042877 -0.613287 -2.268226 1.589980 -2.527086 5.509253 0.855376 -2.148199 -6.429503 1.037351 -0.709199 2.276347 -4.216673 1.847177 -2.784470 2.263251 0.297582 3.720131 
1142280437133507488.mp3 :-207.830896 74.272762 9.290011 14.518210 1.675244 9.236893 -1.310541 -0.140685 0.301654 8.341487 1.890903 9.143013 -2.342171 4.386111 -2.673277 4.111255 -4.530389 2.625998 0.965347 5.605992 -3.190691 -1.880858 -4.343013 3.429389 -2.672657 1.972862 -1.482418 3.000360 -1.932227 2.690261 -10.911514 -3.070056 0.066180 2.469485 -3.608647 2.222237 -7.105492 0.549884 -3.534141 -3.197728 
1189711167467121384.mp3 :-175.812533 104.082701 15.917217 23.940676 -0.397846 7.866115 4.116215 -8.459634 6.808507 -11.921987 -4.863518 -8.448740 -6.349655 -1.632547 -8.289350 3.192926 1.130338 1.955525 -4.980974 1.404421 -6.020844 2.677844 1.068401 5.185889 0.294700 3.891041 -9.512404 -4.023058 -9.800601 0.989299 3.724872 3.805694 -4.050805 -0.652092 -5.860116 -1.151028 -6.213881 0.572630 -5.316983 -4.117681 
1154397111986035501.mp3 :-171.102445 93.535204 11.847184 26.857540 -0.526045 8.997179 0.344030 -3.566440 -5.975380 -3.515233 -4.949430 -1.947822 -7.784640 -3.601413 -6.108282 -1.236810 -8.428961 -1.073806 -2.416354 5.042127 -2.335922 -3.592132 -7.102875 -0.606956 -2.019054 2.370866 -4.385786 1.718686 -2.419606 4.284872 -5.333134 -5.385551 -8.013799 -1.344858 -3.094621 -0.334741 -3.047792 -0.798772 -4.866785 -1.627481 
111345613627330156.mp3 :-347.723373 141.707473 -0.223257 -7.722739 1.115981 -14.863126 -16.240349 -11.901796 -13.799615 -15.335577 -10.665932 -5.532345 -3.476192 -2.680236 -3.347991 -3.377612 -1.731962 -1.536761 -3.511252 -4.224638 -1.120130 2.873083 2.783385 1.240424 1.502948 -1.136908 -4.435466 -2.184924 -0.281207 -1.893663 0.545708 4.547284 0.951499 -4.049088 -4.166368 -5.266415 -7.059345 -5.472865 -2.073876 1.075301 
1148977151647603584.mp3 :-58.731098 99.569247 9.844422 13.780330 -8.746093 -2.897295 -6.519536 -5.353832 -27.097927 4.052383 -8.728530 -6.378763 -8.755766 -6.766338 -8.846437 -2.717351 -9.361544 -2.205420 -5.079411 0.464363 -2.466800 1.069349 -6.758081 -0.465618 -5.268133 -0.934411 -3.042645 -0.485621 -6.215894 -2.269171 -3.530879 1.258666 -1.406516 -0.062243 -5.621563 -0.223429 -3.506489 -2.284721 -6.984060 0.054907 
1196014475524312629.mp3 :-109.453357 96.226988 -7.935518 34.993552 -8.168191 15.154756 -7.215377 -0.068317 -2.674252 -6.932436 -3.155782 3.920132 1.832172 0.918634 -2.665670 2.071869 -1.432290 1.215616 -8.706364 -2.355891 -5.446925 2.297992 -2.920089 -0.292754 -6.609922 2.196827 -4.620139 -0.206194 -2.227500 6.905347 2.406729 -1.327296 -8.590490 -3.780092 -4.198026 -3.629621 -2.112130 1.541569 -2.585736 -3.156674 
116989172051152681.mp3 :-231.860529 117.476757 17.951756 28.932734 3.975583 -6.061107 -4.116022 -12.262557 -8.755314 -7.247037 -13.884959 -3.953030 -12.142494 -0.914627 -6.723667 -0.401057 -6.343759 1.188311 0.706610 3.494276 -4.820039 -3.559323 -4.324889 1.084076 0.241269 2.756171 -6.679584 1.481542 1.715150 0.035482 -10.138790 -4.431337 -3.086949 4.514394 -0.793007 1.896470 -2.077885 2.380011 -1.928330 -0.427338 
1196412091101379628.mp3 :-217.506192 99.052967 -2.425711 12.647794 5.844008 10.265888 1.123718 6.006474 -2.644085 0.260786 -3.543103 -2.672091 -1.646932 1.599567 2.480942 3.898747 2.812753 -3.349683 -10.373423 -1.154003 -5.327332 5.195758 1.803351 -1.146090 -7.088134 -1.282971 -3.017671 2.421597 1.381860 1.646548 -1.948482 6.300671 0.755084 2.377841 -4.804979 -1.112044 -4.827864 -7.178144 -7.058530 2.338705 
1192922201339226925.mp3 :-143.385465 100.799676 10.305359 18.820446 -3.415478 -1.514465 -1.129598 -1.168077 -20.187184 1.948871 -12.926282 -9.468398 -6.256538 -4.899184 -9.946016 -5.131441 -11.205831 -4.756702 -9.769669 -2.591608 -6.962318 -5.752962 -7.546160 -2.318959 -7.877799 -2.346669 -2.652669 0.966706 -3.239257 -0.841581 -5.428390 2.478264 -0.723172 1.884989 -5.086255 -3.718613 -6.018624 0.421251 -2.679372 1.217103 
1167145544104184088.mp3 :-198.657905 120.738476 15.295078 20.938500 9.744702 11.640494 -4.847947 5.157472 -9.636482 -5.672399 -3.489171 -4.673906 -4.368977 -6.856194 -2.472427 -1.445005 -10.333678 -1.782570 -5.168119 -2.821882 -7.364376 -2.608875 -9.620517 -3.938789 -7.731875 -2.574335 -6.361624 1.526582 -2.273769 0.916610 -2.865805 0.937413 0.129126 0.574476 -4.111321 -1.271314 -4.766819 -0.126801 -4.251751 -0.987118 
1119192574824540700.mp3 :-127.124868 114.742757 7.060112 8.346879 2.742720 -1.463621 -4.056471 -1.253732 -10.811799 4.539458 -13.574663 -0.091463 -10.937546 -0.141144 -9.353249 -2.335196 -7.461270 -0.220810 -5.744507 -0.278582 -5.296259 -1.229042 0.140405 1.335860 -6.018533 -2.180295 -10.338500 -0.769348 -2.308148 1.675433 -5.742076 -0.613300 -3.723383 1.807943 -2.080430 -0.477673 -6.869356 -4.610168 -7.691603 -2.997024 
1147240417378576506.mp3 :-108.151785 72.710918 20.392419 31.194931 12.704847 9.223197 1.275930 5.171404 -3.735798 4.797188 -2.677185 3.036590 -4.583859 3.080936 -2.287442 2.433243 -1.827074 1.340535 -4.020544 4.464672 -1.971092 -0.265539 -3.713356 1.117878 -3.305409 2.856707 -0.635963 2.207158 -0.953043 4.127830 -0.511772 -0.886845 -7.247095 -1.428499 -5.056686 -1.581743 -3.606209 2.871110 0.503569 -0.215481 
1141906061199389119.mp3 :-204.577008 102.555966 -7.320593 17.334174 -6.570108 -6.862592 -12.437666 -3.626454 -14.867835 -0.822600 0.097687 -6.522305 -0.303604 -1.414820 -8.698357 0.641600 -5.810723 -5.820670 -4.851115 -5.304766 -4.502536 1.959365 -1.923626 3.485215 -4.216716 -3.867078 -9.000742 -5.352928 -4.099320 0.313135 1.545161 4.207285 -3.539237 -2.308674 -1.482286 -1.531184 -4.534804 -1.997854 -2.429925 -2.821449 
1147802343173518181.mp3 :-106.331479 101.426210 10.635078 26.300722 3.627942 1.325136 3.960231 4.342211 -3.936573 4.205496 2.481619 2.931354 2.428432 -0.709485 1.117928 -0.131402 -4.378212 2.115808 -1.499323 4.800328 -2.611014 4.869946 -2.607350 1.554059 -2.588305 1.394302 -4.671550 -0.763332 -6.558871 0.124102 1.419698 4.012484 -1.643690 0.960328 -2.695726 1.643452 -1.054016 2.145674 -1.543506 2.324323 
1133727771987255552.mp3 :-133.371703 61.516412 14.190345 30.871432 7.660360 5.713084 1.726193 11.905346 -5.960764 9.219776 2.284402 3.791451 -2.041663 6.565378 -4.118284 3.289431 -3.537025 -0.980146 -6.543911 -0.926538 -1.608236 1.754684 -5.788939 -1.681752 -7.021903 -2.756169 -5.885352 3.256905 -0.819817 1.034614 -6.576897 -2.034932 -2.413056 3.640319 -3.247299 1.436640 -3.649472 -2.059642 -5.324733 1.522773 
118674269265094771.mp3 :-235.049769 118.589932 2.853941 21.781126 6.199855 4.234958 -0.325241 -0.179288 -8.355876 -3.205770 -6.953109 -8.145750 -9.286675 -4.943886 -6.738044 -4.070887 -8.735358 -5.919654 -6.025606 -3.812318 -7.854112 -0.983800 -0.631590 2.447053 -1.309712 3.416202 -3.757782 -0.003520 -2.424320 -3.360545 -11.143496 -3.391878 -0.643831 1.378454 1.790082 0.188657 -3.646122 2.534585 -4.585922 -3.346518 
1168607776489783652.mp3 :-52.879092 68.107407 5.745815 15.043544 1.911575 9.874462 -6.661187 0.474039 -7.720820 0.716459 -7.412909 -0.665469 -5.531538 1.224019 -4.512717 -0.464962 -7.290360 2.357514 -4.168010 -0.762067 -4.365662 1.775517 -3.777808 1.933584 -3.786364 1.491086 -4.069840 1.143149 -3.282533 3.588101 0.332063 2.503127 -3.244110 1.731214 -0.793577 2.758500 -1.550756 0.655867 -4.256868 0.237488 
1131361572667622137.mp3 :-181.616467 111.314056 31.071967 25.804892 3.913685 5.804294 0.182497 8.277363 -14.580771 4.811965 -9.421517 -8.191321 -2.766944 -6.445420 -4.590076 -0.492680 -5.148405 1.104601 -5.859581 0.236468 -0.986709 -1.317788 -3.999171 -1.315893 -6.677880 -2.421057 -4.235043 0.735899 -1.572721 4.521123 -5.836273 0.408830 -4.632981 1.000711 -1.741115 -1.710022 -1.533207 -1.877459 -3.927876 -3.640771 
