8384917915761514048.mp3 :-265.098487 71.613442 8.106392 -0.211381 7.487411 -8.565506 8.554093 2.741689 -4.081792 0.927508 -16.838383 -3.194684 -7.815758 0.823367 -5.878651 -3.447682 -6.443686 -0.476957 -7.250273 5.345226 0.985748 5.972309 -1.952886 2.411574 -5.686822 4.536973 -2.038259 7.652815 -3.051763 -2.626391 -4.066286 6.843878 -0.893901 0.940253 -4.723670 -2.543413 -5.777574 -1.082613 -1.013418 4.267128 
83444805869444351.mp3 :-46.277618 69.493809 9.178013 15.300902 2.143246 13.425615 -1.133483 2.724477 -5.885613 4.912736 -2.700600 1.504704 -3.818189 3.179531 -4.688566 -0.104304 -5.480765 -0.490503 -5.888258 1.226928 -1.971569 2.553134 -4.241090 2.309455 -3.149341 4.249164 -0.134477 3.518604 -1.430426 4.504961 -0.163204 0.858469 -4.605298 1.021091 -2.380346 1.947586 -1.418041 1.248683 -2.530369 2.467424 
8348510697878988073.mp3 :-148.216183 103.858389 3.055266 16.308641 11.788394 4.182794 7.144988 -0.970356 -5.847042 6.202366 0.174011 -0.931340 -4.115225 -4.124489 -3.336053 -0.774226 -3.924416 -3.628226 -6.798539 0.569955 -1.399377 1.882367 -0.430050 -0.513467 -7.869678 1.000631 -4.992205 0.183642 -6.432047 -1.208322 1.048437 1.539826 -5.855003 -5.193028 -6.303431 -1.865051 -1.952928 2.635755 -1.206931 1.210508 
8388295950884612531.mp3 :-110.585536 99.096221 -10.849770 21.617723 -8.719707 12.926837 -12.208320 -5.311813 -7.482185 -4.848520 -5.568631 -3.551354 -6.104838 -1.209107 1.120117 0.828224 -1.104237 -1.890912 -4.025987 -0.619764 -3.480334 1.366132 -3.614318 0.364601 -5.031385 0.295829 -5.371123 -1.063581 -4.415761 -0.636546 3.325285 4.561147 -2.527563 -0.551142 -7.054474 -4.185750 -5.987738 -1.859682 -3.024423 -0.232864 
8403755113156508722.mp3 :-198.129120 96.062161 13.019663 24.939651 3.534338 -0.878446 7.707654 -3.375023 -4.285542 6.731906 -11.989751 -0.402958 -3.204735 0.034366 -3.110474 -0.530253 -2.932280 7.469987 -3.865509 3.669950 -8.338407 -0.784770 -0.290085 0.379821 -4.233142 0.060781 -8.414398 -3.150055 -10.006816 -0.994714 -0.820909 1.428321 -7.123066 -1.804963 -4.888368 0.312033 -2.601405 2.606192 -3.288241 -3.446433 
8373776095519672358.mp3 :-66.277353 86.881684 3.020025 25.395197 -5.457507 16.065018 -3.437463 1.610453 -6.832915 -0.225337 -3.125678 -1.455204 -6.579924 -1.796896 -5.546265 -0.471460 -4.511362 -0.666715 -3.511045 -0.942401 -5.661252 0.179947 -1.259069 2.105739 -4.159252 -0.088127 -3.944341 -2.678744 -6.447966 1.829505 1.524857 1.586889 -2.683258 1.122900 -4.063627 0.483633 -3.719501 0.786137 -4.206360 -2.027522 
8409137326965040038.mp3 :-118.737318 97.291366 9.615997 32.986545 8.239302 2.508048 5.798675 -0.175878 0.518626 5.954094 -5.578130 -0.517227 -5.495070 -1.627752 -3.743480 2.589864 -2.595179 2.277445 -3.581855 3.253692 -0.851344 6.156021 -0.234099 0.646775 -6.742303 -0.382336 -5.364518 3.262714 -1.124059 -1.404766 -4.188432 -0.158161 -4.238250 -0.075863 -3.060467 1.857286 -3.579359 -0.416896 -3.543917 1.566272 
8377998714621931669.mp3 :-69.076293 113.044564 -10.797917 22.348895 -1.597777 -2.582538 -2.108029 8.329912 -14.254593 0.093789 -2.452016 -8.381076 -0.951864 0.286010 -9.201149 2.070044 -9.306874 0.002078 -1.327260 -2.783847 -5.815297 4.457125 -3.984168 0.295116 -3.007358 4.158006 -4.097316 3.636385 -5.394490 0.572599 -1.131944 1.530893 -2.137492 -2.046151 -7.262296 0.306961 -1.768210 2.321489 -2.284909 0.829570 
83400840903775552.mp3 :-86.129211 62.967648 -15.500513 32.825418 -1.088803 9.221550 -2.913372 -1.101184 -9.731269 2.562227 -2.854522 1.629638 -1.354235 -0.582973 -5.245840 -1.045786 -7.597037 4.853665 -5.344785 6.128605 1.054644 -3.702980 -7.362284 0.870164 -3.425311 4.848683 2.565925 2.009855 -3.336458 0.027864 -2.571384 2.206872 -4.928015 -2.732115 -2.406589 2.879190 -1.945457 3.758434 1.706023 5.304412 
8343958002409187207.mp3 :-82.798412 59.464958 13.842028 26.059062 -6.271714 9.172662 1.851853 2.579520 -5.178568 2.513489 -7.431984 3.916256 -3.049930 3.071299 -6.411740 -3.541733 -7.253584 4.115658 2.804180 3.572991 -7.727651 -1.341402 -4.478000 3.458620 -0.739958 1.685290 -3.938913 1.318560 -5.348674 1.006728 -8.788654 -4.839812 -3.808785 4.226476 1.045684 3.664165 -1.453928 0.284784 -3.913507 0.049459 
8353588946402448995.mp3 :-62.609021 84.521060 12.873483 32.938960 -2.967789 6.690960 -1.522375 4.528619 -5.945757 -0.072002 0.454475 -2.714806 -0.955917 5.112688 -6.670867 1.575970 -6.352274 -2.530939 -7.838494 -2.159974 -6.347574 -3.657922 -3.600146 0.235184 -6.299076 2.525521 -5.870382 -0.128726 -3.360518 0.856916 -5.078089 -1.626731 -2.441999 2.937625 0.094380 1.874357 -3.467497 -0.230110 -4.191789 -0.171090 
8370609739015492230.mp3 :-154.781022 115.883315 4.226669 18.257142 8.702488 1.608686 -0.562051 8.478281 -14.801749 1.487130 -6.253402 -5.894649 -4.052320 -5.157774 -12.981242 1.263990 -7.838435 -0.773212 -1.298126 -3.436099 -6.740915 0.235440 -3.205240 -0.829733 -3.642282 -1.971819 -7.899335 -1.215159 -3.716168 -5.660947 -7.743561 -4.876774 -1.875840 4.498847 -0.576966 1.965806 -6.833972 -2.596840 -3.786941 2.428012 
8384597175567352009.mp3 :-143.181654 113.748790 31.814012 13.428465 -6.574485 4.622934 -4.874492 5.256596 -16.432813 1.984146 -6.644045 -5.003037 -7.109656 -2.361932 -3.247984 -3.007888 -6.382972 -1.675396 -8.071224 -0.888737 1.392653 3.753927 -2.054782 0.714769 -11.467500 -3.072589 -3.262345 3.091673 -0.016957 0.582573 -7.905519 -4.446584 -3.342407 -1.497470 -6.668400 -4.196834 -8.221843 -3.881261 -5.115280 -1.387817 
8395067694670685269.mp3 :-154.872587 109.505370 31.818501 31.517430 0.495823 5.404757 0.209927 6.599694 -11.308199 4.749786 -4.143801 -3.037864 -3.356923 2.008565 -7.359012 0.810286 -3.870644 -3.470260 -2.100523 1.105143 -4.951113 0.560657 -7.092121 -0.704974 -2.885026 1.706862 -2.872344 1.411202 -0.983601 1.231250 -0.459415 3.642687 -2.324113 -1.872546 -5.686989 -1.208275 -2.376039 1.953556 -0.537552 2.052803 
83971308322436310.mp3 :-115.144101 114.210220 -5.812406 21.815666 -3.358309 -2.762154 -10.361966 0.454239 -16.733567 0.225255 -5.835628 -9.261022 -8.233182 -5.137036 -8.402430 -3.273020 -8.835591 -5.613501 -5.977550 -1.937923 -7.666900 -2.636528 -4.779552 0.536253 -6.085363 -4.951704 -10.309654 -4.355948 -7.431747 1.502583 2.893599 4.321144 -2.720981 0.135340 -5.275654 -1.230262 -3.033094 -0.102057 -4.350506 -2.719183 
8374282542458522876.mp3 :-154.384724 104.717811 15.056465 31.687516 10.659327 7.465765 5.009153 6.549345 -5.861919 6.232574 -4.594828 3.688497 -2.537654 -0.284652 -4.335614 0.358704 -6.857938 -1.003798 -6.407772 -3.630542 -7.986892 2.316648 -4.323794 0.850178 -6.750364 -2.379109 -6.672597 -2.748178 -4.444705 3.445735 3.688896 4.672675 -1.463202 0.701783 -5.157380 -0.801786 -4.152914 -0.060705 -2.001152 -0.912808 
8391038875539058552.mp3 :-118.862696 113.783737 7.749547 36.081584 7.863394 10.009696 -0.780784 5.943722 -3.657674 3.727288 -3.823470 2.109684 -0.523136 2.076396 -2.682206 1.495582 -4.859472 -1.833883 -3.394947 -1.369156 -5.224353 3.935846 -1.878350 -0.291455 -1.764121 1.201975 -3.372255 -0.171201 -3.698266 3.949432 1.712574 0.243448 -4.624888 -0.677766 -2.938634 -0.638370 -1.201081 2.117117 -0.124476 0.334883 
834262889200679708.mp3 :-112.068727 86.704950 -13.770287 6.990420 -18.938197 -8.443026 7.314588 -16.613811 -16.849122 9.819668 -17.648477 4.811111 -8.912526 -5.580349 -7.220398 -8.685261 -12.110923 1.278949 1.654140 6.455782 -8.382902 -7.755627 -9.256800 0.315067 -1.371448 3.313205 -6.108231 0.812664 -2.303824 -4.573471 -12.209738 -6.778199 -6.979858 2.580782 -3.890463 0.667144 -3.184891 0.374358 -3.923303 -0.873924 
8379278500741567029.mp3 :-175.262474 110.440891 23.188918 7.256400 5.216193 1.016139 0.526585 -4.291837 -11.563605 -0.988341 -8.629107 -1.208394 -6.088337 0.115124 -6.231167 -2.500129 -8.388195 -0.723267 -4.767361 -0.467747 -4.493612 -1.390827 -4.905626 3.112334 2.591667 3.784555 -0.940167 0.959395 -3.850884 1.587187 -3.884713 -3.281104 -8.967867 -3.103550 -1.522119 3.529474 1.738239 0.774097 -6.487622 -0.958112 
8391062544896620748.mp3 :-149.187694 86.293058 24.874722 37.196481 -11.919129 -9.532480 2.071592 3.969025 -10.066134 -6.221635 -5.540957 -8.891428 0.879908 -3.846250 -2.799344 -2.972186 -5.553181 -2.098777 -7.351508 -3.272965 -5.783495 2.956544 -5.746912 2.271321 -9.414901 1.195554 -6.256745 7.366895 -2.690683 9.101665 -3.508829 6.922994 -3.232070 3.281425 -4.307273 -2.350129 -4.517381 -3.687264 -3.891472 -2.230508 
8355938044489264105.mp3 :-201.925748 84.006580 28.700092 30.391924 6.413912 5.623648 -1.218317 0.039943 -5.683387 6.140813 -6.945471 0.145018 -4.577704 -0.860006 -4.938939 0.323003 -4.732278 2.803735 -5.042577 -1.670832 -8.565841 0.184658 -1.585726 2.721145 -3.389598 -0.729374 -4.974341 -0.467861 -4.654699 4.781803 3.347024 3.446381 -1.550938 1.178418 -2.741330 -0.260791 -2.156396 1.368875 -4.105983 -1.264566 
8404635796934813871.mp3 :-143.489744 104.171985 8.726489 28.222866 -6.805708 2.243868 -0.892619 -5.007965 -7.670302 5.628989 -3.491925 1.671046 -0.591744 -1.444767 0.127573 1.979078 0.468989 5.007844 -1.491807 2.202108 -2.693260 5.704628 2.301612 1.263461 -3.135055 -1.874412 -7.746325 -1.212638 -4.574414 1.597049 1.960059 3.094066 -2.434140 0.770849 -1.115303 1.142958 -1.643818 -1.728837 -2.481004 0.675359 
8342666580766927803.mp3 :-127.433514 67.651733 -20.085873 22.571313 -6.678460 0.697234 0.609791 -6.461443 -7.396567 2.629513 -11.982785 2.995708 -10.226572 -2.620216 -7.207267 1.405484 -1.376604 6.707500 -0.060265 4.867887 -5.688367 -3.314007 -2.779735 2.158657 1.439662 1.995283 -6.394746 -0.000389 -5.482039 0.900212 -6.107841 -2.981288 -4.562355 3.462089 -1.113435 3.478140 -2.839217 1.588491 -1.261771 -1.482510 
8368978898575171038.mp3 :-106.380586 94.307386 8.117729 23.563945 3.865411 11.642831 2.735776 3.559290 2.233928 1.466528 -2.266590 0.751194 -5.543744 1.752794 -0.833792 3.625984 -5.775780 1.791259 -5.413543 3.802417 -2.058628 -2.909450 -9.354055 -2.255309 -3.274783 2.902289 -2.286592 -1.067404 -3.689860 0.979208 -5.487695 -2.657430 -6.365376 -2.839838 -3.227577 0.275951 -5.208014 1.821912 -1.936597 -0.628639 
8400712889573982087.mp3 :-91.001348 84.818544 23.861475 25.858354 1.921969 5.846472 2.030356 3.640101 -5.854360 5.657134 -8.163928 -0.951783 -7.718501 -3.144377 -4.851282 0.142905 -7.322196 3.761516 -5.638490 -1.488788 -8.688178 -4.318775 -8.284209 1.068725 -1.972467 4.099919 -3.411030 -1.542347 -7.508733 -0.986981 -3.209835 1.664929 -4.769968 -2.038571 -4.838193 2.046138 -1.980232 4.919337 -1.765392 0.134356 
8389742101881375463.mp3 :-125.965803 106.616064 14.658159 27.895318 10.512167 -0.840722 1.954214 10.330315 -12.759369 0.598842 -11.106989 -3.465542 -5.316538 2.297540 -5.655993 -0.488615 -6.975047 -2.894853 -6.857862 -0.365415 -2.918435 2.415411 -2.048513 0.681731 -2.158206 0.140760 -4.278117 -0.848732 -5.551117 5.709295 0.308257 0.310858 -4.304316 -0.685689 -3.418391 0.237933 -1.518254 2.656224 -4.129229 -3.755055 
8353745861054610998.mp3 :-183.061140 123.639729 -21.468631 32.678493 -4.135592 14.448709 0.977121 6.414043 -3.897973 4.493650 -2.990304 1.004822 0.891592 4.239697 -0.671386 3.577478 0.827876 6.198956 2.177842 3.042197 -5.623441 -3.324363 -3.020801 1.812544 -0.719997 0.467502 -4.481637 -1.289091 1.412598 4.227919 -5.453655 -3.419221 -0.554394 3.936469 2.016119 3.298429 -0.887500 -1.934081 -5.465494 0.436536 
8379315917333932468.mp3 :-87.541154 78.821573 10.360615 24.798060 3.949930 9.599134 1.749443 7.269990 -5.375391 4.820345 -3.270203 1.466555 -2.194829 -0.484717 -3.971806 -1.020200 -6.499605 1.742536 -4.029519 1.843709 -3.445055 -3.982802 -5.321439 3.471336 -1.762710 3.461316 -0.869833 0.506697 -4.906958 0.049569 -1.948919 2.455484 -2.167525 0.976015 -1.702357 2.826602 0.026840 4.118177 -1.151225 1.583437 
8339573394770541951.mp3 :-146.182669 73.184858 15.031039 27.176514 1.655665 11.048977 0.775526 5.159108 -3.751628 -1.446268 -6.456304 1.536105 -8.698886 1.720596 -2.950119 4.081206 -3.983439 2.322930 -5.015612 -2.346305 1.109402 3.914918 -1.319463 0.901121 -4.605240 1.493058 -8.269519 1.272558 -3.758344 6.743876 -2.279171 0.124218 -2.810169 1.693551 -0.913315 1.674688 -3.050805 1.534067 -2.248769 0.389902 
8399340060490889444.mp3 :-24.663740 73.328436 -2.117792 22.336272 0.239348 4.690902 -3.363776 7.485428 -3.823245 2.566816 -4.348671 6.358306 0.520406 2.463614 -4.697890 3.407666 -7.077526 -0.096585 -6.216164 4.399245 -0.918993 0.583750 -4.662960 1.527037 -2.342206 3.479201 0.424435 5.991686 -0.742048 3.095598 -3.467558 0.958904 -2.808885 1.164898 -3.493287 1.444850 -2.498270 2.341617 -0.730524 1.895328 
8366154033355816090.mp3 :-108.027388 60.354036 19.643072 34.653663 8.449298 17.201634 4.262278 1.033438 -4.913724 1.866907 -5.058235 -0.423460 -7.609668 -2.915130 -5.802629 -2.719574 -6.454006 2.976306 -1.368973 8.701848 -1.023886 4.069774 -3.242151 0.463576 -3.479546 5.000013 -2.427713 3.415900 -4.859337 -0.047048 -4.196436 3.264354 -0.685105 3.904975 -0.893425 3.676897 -2.233937 1.709304 0.014005 6.740960 
8403806083031372638.mp3 :-66.246663 75.330360 4.273190 43.514940 7.395140 17.305381 2.047521 5.088215 9.197085 1.396491 1.825745 -1.023752 -0.806192 2.738448 -4.085579 4.355181 -5.181353 0.290965 -3.301427 6.295921 2.985433 2.879208 -4.768628 -1.994056 -3.468217 2.446951 -0.597394 2.987842 -7.687665 -5.343417 -4.277315 3.277403 -3.267347 -2.316717 -6.051725 -0.672220 -4.433800 2.480595 1.748476 5.110916 
8355304250114650419.mp3 :-327.358028 102.568525 22.770412 23.895835 -8.598509 2.434844 -2.279994 1.484054 -8.132045 0.203312 -0.964862 -6.889848 -6.854300 -4.077315 -5.006894 -5.105040 -5.106167 -2.335966 -5.281963 -2.736136 0.841623 -1.022427 -3.466766 2.114444 2.813312 5.235702 1.375043 2.295433 -1.861167 -0.477380 -0.653550 3.169135 1.050619 0.151615 -1.300488 -0.765860 -2.445742 -3.416060 -1.816433 1.194350 
8361750556135429418.mp3 :-167.500911 68.093213 16.756144 21.656546 15.054139 6.018881 0.312349 11.289740 -8.307930 7.817649 -7.387020 1.541700 -1.028008 1.245470 -5.039184 0.282196 -2.170283 4.912506 -5.371391 4.273061 -2.395458 -1.430363 -5.764653 0.027851 -2.921725 2.628320 0.444137 -0.544049 -2.138388 0.593581 -2.580463 0.151986 -4.249555 2.025104 -4.181472 0.619028 0.006695 5.179585 -3.846730 -1.652099 
8378225734130647946.mp3 :-97.555262 82.651879 15.750901 22.490006 0.686388 9.249056 -4.541218 1.085210 -6.748481 0.199938 -5.401562 -5.081404 -5.899792 -2.424486 -6.099800 3.238316 -8.193353 0.491499 -1.601319 -1.439764 -8.019477 2.078422 -2.221234 5.281355 0.886746 2.262561 -3.083572 3.689843 -2.552673 -2.090137 -7.461191 -1.430941 -2.038303 3.942734 0.304121 3.308604 -1.864426 0.158008 -3.075776 3.861814 
8403928032136775158.mp3 :-94.875973 93.845474 1.926673 37.837790 4.852175 3.435746 2.604493 12.490330 -11.563549 11.049524 -4.979093 0.742754 1.181857 1.123001 -5.475153 2.627710 -3.693105 2.009253 0.324600 -4.607666 -7.478891 1.378837 -3.683402 1.477179 0.378951 0.673703 -6.802870 0.333724 -6.505497 3.577489 0.920234 -1.676084 -2.856992 3.882370 -0.682823 2.211679 -0.697511 2.146152 -3.467242 -1.910985 
8375479865891039416.mp3 :-391.272072 189.895441 14.378378 -19.549173 3.775607 -2.990803 -9.364051 -3.799486 -5.328883 -10.699895 -9.765910 -3.253454 5.800308 10.260830 3.202787 -7.771249 -10.840387 -6.350330 -1.714030 -1.640451 -6.236682 -9.651492 -5.352519 1.372581 -1.077838 -8.823934 -7.197853 1.626231 1.660919 -4.962448 -4.198064 -1.585160 -4.725586 -2.730160 3.841382 -0.313610 -7.730831 -3.525829 1.525116 0.324660 
8375861561029318958.mp3 :-155.146247 116.176355 4.559238 25.529799 2.270467 -7.402741 7.947946 12.733057 -14.695984 -0.477685 -1.904762 -2.728972 -6.396483 4.415547 -8.093130 -0.581071 -4.082469 -0.133085 1.165918 2.383873 -3.243667 1.839153 -6.548702 -0.144256 -1.785011 -1.542347 -2.135476 5.420016 1.289768 0.774359 -4.599965 -2.060395 -3.290807 -0.658746 -2.764630 0.254821 -4.257022 1.020392 -3.372522 1.944065 
8362560714639516555.mp3 :-154.684496 97.963243 0.013214 36.407928 4.993586 3.639431 -5.893078 7.156737 -10.121247 2.293384 0.370043 -4.941187 -4.918525 -1.976174 -5.333478 -1.268132 -6.504025 -0.981132 -4.077092 0.348848 -3.513547 1.485227 -9.141298 -2.845007 -6.911165 -0.891921 -2.822504 3.798868 -1.647543 -1.237286 -4.408945 -0.141693 -3.782195 1.437414 -4.606205 -1.723706 -4.294702 0.717140 -5.246209 0.228226 
8367990219728631326.mp3 :-258.124375 103.778890 -11.468475 23.334235 0.863848 -14.856338 4.769913 5.046014 -21.158259 5.195438 -5.741512 -2.586116 -6.221579 1.620425 -16.803007 -2.913196 -7.576813 -9.045439 -7.225466 -1.792021 -7.997158 0.305663 -4.711118 -3.196109 -4.332458 3.147372 -4.546855 1.207421 -4.633934 -5.061538 -1.572395 0.780797 -5.924864 -3.214967 -6.935026 -1.112733 -3.774029 1.007997 -0.785577 1.252257 
8346110486593546698.mp3 :-138.178353 86.109702 1.451813 36.424571 6.226687 8.768017 -2.394103 11.347875 -2.006774 2.663331 -3.148664 -2.122648 -1.567887 -1.410730 -8.132043 4.651222 -1.715101 0.274938 -7.880503 1.625095 -3.064847 -3.240255 -8.628350 -0.718281 -3.527469 3.220443 -1.145504 6.648566 -4.145899 -0.870301 -3.112573 1.385033 -1.459217 0.354057 -5.954086 -0.553871 -2.048100 -1.049682 -1.123973 4.427884 
8377649047214666129.mp3 :-76.098426 83.503022 19.250549 27.354969 4.360378 10.872748 -0.771362 6.277026 -8.546659 1.247720 -3.832389 -0.020626 -3.631204 3.393280 -2.358223 -0.128007 -4.258327 -0.467729 -7.096135 -3.089302 -1.267417 2.305674 -0.600458 4.278105 -0.768348 2.394221 1.449592 3.153534 0.081358 3.559266 -1.674403 5.988978 0.410514 2.672403 -5.359336 0.591787 -4.145765 0.314497 -1.856524 3.081625 
8392104541794694443.mp3 :-92.738009 79.530268 29.132525 28.865206 -0.366777 14.601071 3.220111 3.816079 4.132851 5.390012 -4.332124 4.752935 -5.631666 3.804201 -1.982735 3.801928 -0.924819 5.029341 1.712834 4.425887 -3.020639 4.681163 -3.009976 4.353082 -1.033315 1.441593 -2.283070 2.462310 -2.105443 0.552986 -5.786905 -2.160710 -3.898673 1.183984 -3.043035 2.345162 -3.223128 -0.588353 -3.930840 0.230125 
8408337484312573615.mp3 :-133.490052 96.780914 17.361765 23.325487 5.662309 10.351764 11.226470 7.582911 -3.691155 9.819140 -0.221946 0.733319 1.903648 5.183492 -2.264095 4.563672 -4.408154 -1.731387 -4.609588 2.139149 -1.170381 3.400772 -2.044431 0.581596 -7.952696 -2.639520 -5.532925 0.756307 -6.623770 -2.073636 -1.434155 5.443806 -1.647817 -3.832764 -8.819912 -4.605661 -7.414638 -5.037774 -4.227342 2.590882 
8346823629528367742.mp3 :-96.484067 91.658531 29.146727 29.772380 2.951307 20.379933 -2.698244 3.775480 -3.410980 7.014404 -3.894517 3.819966 -2.206024 1.997060 -2.926744 1.783062 -3.517101 6.884953 0.239112 5.175010 -0.594138 2.432935 -3.846451 5.287102 -0.710288 2.498539 0.127680 0.582830 -0.066624 4.771772 -3.588528 1.633694 -1.986269 2.467856 0.994830 4.073687 1.131422 2.458819 -4.136757 0.345223 
8392513119054191600.mp3 :-55.163049 84.224950 13.961182 35.988114 10.105965 8.608174 7.928828 2.755298 -3.109528 6.929277 -9.077316 4.644099 -11.165903 -0.196256 -6.463448 -0.369274 -2.230500 4.867151 -8.141674 2.358712 -9.427186 -0.790342 -1.631723 7.247738 1.760818 2.564000 -6.754011 0.244486 -4.084655 4.078771 -1.135682 0.778487 -3.372656 2.863453 -0.308322 1.918677 -4.265748 2.696701 -4.625653 -3.539944 
8341974761791224722.mp3 :-145.088664 104.751060 18.548313 23.394390 4.898249 7.249183 -2.724080 6.517711 -5.994787 0.856608 -0.243913 2.100075 -0.501803 0.667179 -3.125837 2.408780 -7.539244 1.549945 -7.787938 -3.488487 -3.273398 -2.139061 -1.190260 5.389767 -3.561047 -2.005248 -4.802473 -0.946208 -3.401453 3.606329 -2.850645 -0.277160 -2.854064 2.885602 -1.782149 1.036321 -4.191572 -1.158509 -7.311682 -6.247696 
8360075848026148942.mp3 :-124.206122 104.042592 4.749412 32.355579 4.271629 10.150667 0.152469 9.532702 -12.716063 -2.315030 0.716244 -1.572927 -2.209262 2.094292 -4.425030 0.435317 -1.597925 0.716226 -5.110744 -1.059564 -8.367488 -0.141687 -5.285113 1.850354 -5.953965 2.173102 -2.803677 1.187275 -4.157336 2.147212 -1.317806 3.584979 -3.147035 -1.713817 -5.351565 0.231597 -4.774648 1.244895 -1.478070 1.641175 
837011639287300809.mp3 :-123.378661 117.428676 20.919122 24.630703 8.286925 9.230880 -0.002449 2.738555 -6.243861 -0.167499 -3.629438 0.795078 -4.116432 0.507882 -2.015258 2.920728 -5.612531 3.240318 -2.875161 0.136824 -1.247738 3.078970 -1.058449 3.956807 1.570324 1.489885 -4.957897 0.567939 -5.402856 -2.591941 -5.035426 5.419622 1.341213 4.302105 -1.752912 1.899493 -3.414360 0.465756 -2.722346 0.082834 
8355268125712782009.mp3 :-101.649560 85.988850 1.859895 33.785329 -0.180690 9.605794 -5.823241 8.040626 -9.707499 3.293238 -4.132651 -3.384578 -2.348198 2.333506 -1.129850 2.228543 -4.227929 -1.679066 -3.656212 -3.807077 -6.678319 0.855237 -5.291953 2.449249 -1.851098 2.269031 -6.327858 0.164183 -4.468412 0.027865 -1.833662 0.199901 -5.269199 -0.440935 -3.455218 -0.360631 -2.524931 0.910938 -3.108006 -0.142324 
