6387058208035906427.mp3 :-57.368015 81.140452 10.134508 27.086831 6.467205 10.799886 2.081642 6.829936 -5.973907 4.907561 -4.055927 1.678954 -3.304921 2.805762 -4.426114 0.978828 -3.912488 0.192919 -2.850551 1.487420 -1.628028 2.281921 -1.799713 3.182664 -2.372705 -0.057140 -3.681619 -1.390515 -5.838269 1.415504 -1.758838 1.658900 -3.849533 0.776184 -2.115080 1.842479 -3.082810 1.049018 -2.813814 0.668937 
6392544738385968091.mp3 :-154.011152 81.249599 21.257156 14.597708 13.469776 16.272035 -0.111587 8.331583 1.396262 8.080474 0.469105 8.590076 -2.981920 1.425321 -3.831382 -2.717414 -5.096943 0.715167 -3.427824 5.801188 2.254984 0.380400 -4.505230 0.499393 -4.287417 2.722325 1.539089 5.090050 -1.662354 -1.918245 -5.559842 4.327894 -3.054501 0.525661 -5.109460 -2.466121 -5.467087 -0.614707 -0.531967 6.530371 
6405565373557896216.mp3 :-192.226659 121.671898 -9.119472 20.936516 3.318828 -2.199969 -5.475915 8.094392 -19.403123 1.420221 -10.710672 -6.559919 -4.602922 -3.196816 -7.137554 -1.390358 -12.555510 -5.409710 -10.956859 -4.459320 -6.967028 -5.364155 -12.078127 -5.638598 -2.772071 -2.615498 -0.897834 5.390245 -1.917103 -0.275774 -2.708470 -1.107728 -3.976608 -2.864108 -6.969486 -4.292503 -5.259683 -1.757159 -3.030098 0.871689 
6402344697944243035.mp3 :-206.703147 166.087375 -14.202649 7.475166 5.699921 -5.053300 -9.347813 -9.497013 -12.433891 -8.301977 -6.274406 -6.751828 -13.474298 -9.423306 -7.169519 -4.016711 -3.923552 -1.636371 -2.239653 -1.815104 -3.370120 -1.110070 -3.206987 -2.368303 -3.575551 -2.893549 -4.507575 -2.390584 -5.441702 -2.494311 2.161333 1.705721 -2.813282 -3.570967 -3.475852 -2.337369 -3.465505 -0.736483 -5.513171 -6.272144 
6369476108949223614.mp3 :-111.991811 98.995326 28.398839 27.617224 12.179840 -0.840467 -1.887007 -5.651626 -13.650090 2.267034 -14.971509 -5.475470 -9.157384 1.139350 -6.514833 2.091166 -5.921277 2.279436 -3.061287 3.851122 2.210589 6.235059 0.607820 -1.308975 -5.420727 1.531386 -2.158212 2.423890 -4.045684 -0.603901 -3.111620 3.922251 -1.261667 1.105590 -4.097164 -0.300101 -2.272540 -0.439445 -2.528788 1.379792 
6434032153762862700.mp3 :-154.959651 75.060446 18.417800 22.458575 12.001561 13.222291 0.974605 4.449062 -4.511085 1.371371 -7.094730 -1.331819 -4.313631 1.620959 -3.860440 4.925294 -1.093992 1.341548 -3.655580 1.878440 -3.525018 -4.536667 -4.901814 3.545854 -1.315551 1.739654 -3.495336 -2.095357 -7.016958 5.008874 -1.414926 -3.283831 -6.212281 1.126890 -0.327887 4.822919 0.392577 3.161454 -1.954934 -2.676586 
6429107920367046812.mp3 :-61.787757 72.873855 5.351576 33.932998 10.384338 5.824984 7.816301 16.241185 -11.562536 10.553446 -7.286336 -0.130325 -2.223096 -0.602349 -2.820735 2.905406 -3.691189 1.317208 -4.434649 2.395798 -3.251001 -2.200516 -6.149183 4.125778 -2.537289 3.154092 1.343860 4.770423 -2.539536 0.404177 -3.829573 2.299719 -1.886736 2.032882 -3.110410 1.548466 -1.605051 4.151814 1.147200 3.418268 
642866498170850471.mp3 :-32.515057 65.562463 0.511480 18.035194 7.372616 12.090329 9.915565 9.547485 8.809799 8.953034 4.092140 6.945393 -1.018199 6.604374 -1.821998 9.085355 2.556277 12.922686 2.215061 4.643831 -6.708655 -0.013221 -2.534099 2.269137 -0.326590 1.801638 -4.396933 0.067093 -2.435042 3.608307 -4.446625 -0.661798 -2.503447 4.992477 -0.530784 4.597051 -0.568839 2.588429 -4.194930 -0.922661 
6373372928648897696.mp3 :-252.122635 113.459661 -2.265561 23.392494 0.172240 -5.672497 -1.998495 -8.559522 -14.617729 -3.666479 -12.491537 -7.617419 -10.551841 -10.472062 -10.825834 -9.288760 -8.485555 -2.965337 0.068150 0.980050 -5.499204 -8.387951 -11.380911 -2.501311 -6.057455 1.447168 -6.175828 -3.398540 -6.433581 -0.032807 -6.102529 -7.505446 -4.888184 1.682683 0.276131 -1.107859 -0.563289 1.222740 -1.062668 -4.420363 
6395306383021322142.mp3 :-161.616717 116.099909 31.697395 7.821637 1.957167 -6.909925 -7.622168 -3.897584 -13.512409 -1.393542 -8.487286 -9.756397 -6.709846 -2.734576 -7.329012 -4.597685 -4.552659 -3.347234 -10.009751 -9.365056 -7.482412 -0.936656 -4.013074 -0.052721 -6.173038 -2.416735 -7.076489 -2.414523 -7.408983 -0.424752 0.067767 7.164330 -1.457434 1.392094 -6.184096 -4.114158 -6.165563 -1.361272 -2.268633 -1.397666 
641784537600365063.mp3 :-72.201443 72.107877 29.865854 28.097460 6.320258 10.225531 -3.951794 4.497316 -5.007279 3.674471 -3.480124 2.363329 -4.182519 0.092864 -6.194396 -1.127557 -5.953236 -1.488136 -7.278657 -1.354831 -5.080841 -2.159256 -7.170831 1.129312 -6.745992 2.017361 -4.194580 0.223380 -5.548348 2.938884 -3.977523 -1.326446 -8.001781 -1.263410 -4.085849 -0.137570 -4.005735 1.404708 -6.043938 1.803900 
6358688090531757377.mp3 :-70.334072 83.232436 5.213519 32.784289 -3.164298 2.720470 -3.364837 7.496706 -17.306090 10.173702 -6.340166 3.684306 0.169487 2.560358 -4.016136 0.049335 -4.142208 -2.868461 -6.077811 -1.590280 -0.493978 0.656987 -4.859741 -1.435937 -1.712685 1.813146 -2.869448 4.314923 -0.713871 3.935418 -3.458597 -3.169721 -1.390131 2.103018 -1.220180 -0.046804 -2.026975 0.635206 -2.560172 -0.612998 
6378169636635854722.mp3 :-67.888838 100.756491 0.086359 20.574724 -6.300862 3.387821 -5.391367 -1.161591 0.171622 0.147836 -2.833539 -1.774419 -3.408158 -6.236930 -6.679756 3.685958 0.014401 3.497674 -2.292347 0.264973 -4.339811 4.719063 -1.816841 4.175740 -5.191505 -1.681080 -9.963963 -4.255125 -6.016733 1.137871 -2.176404 -1.054906 -4.103308 0.814920 -1.449883 0.940853 -3.110986 -0.091899 -7.316482 -2.606839 
6388407971194885600.mp3 :-121.459867 107.036746 16.087830 27.794821 1.777804 6.108101 5.605912 3.908944 -5.628048 2.877699 -7.401210 -1.321861 -8.325289 0.156921 -3.465872 -0.029300 -7.421451 2.199138 -2.849356 3.722844 -2.025430 3.213213 -1.443505 -3.278509 -3.681059 1.177365 -2.724855 2.039379 -3.180144 0.361715 0.266861 0.302659 -3.923183 -2.193400 -6.979744 -0.889952 -4.095987 0.848357 -3.708942 -2.202542 
6429341393865753872.mp3 :-89.722838 85.990739 10.811194 27.936261 3.301196 2.430066 3.420190 1.745190 -4.356427 7.146353 -8.338152 1.635338 -2.437494 2.595529 -3.801580 2.872681 0.083865 5.943536 -0.322990 2.418764 -5.235809 3.170558 -1.221546 3.085484 -2.757617 3.625915 -5.182479 -0.669150 -5.030604 2.962669 -1.361983 -1.041317 -4.556539 2.682857 -1.263939 3.403196 -1.226378 1.241629 -4.053881 -1.640386 
6379098862759888505.mp3 :-169.674520 79.406014 -3.699003 20.610036 -10.249002 -5.727861 -1.773773 -10.385042 -4.352446 -10.657806 -11.558168 -6.606590 -13.011181 1.888801 -5.571351 -0.301745 -12.632283 1.328463 -1.103022 2.927935 -1.224742 5.563484 -2.710036 -2.586437 -4.634532 2.049814 -3.407314 -0.311869 -8.441208 -0.413828 -4.028237 -0.769094 -4.258910 1.024234 -2.670181 -2.530333 -5.185752 2.481104 -0.045562 -1.450138 
639349784517121836.mp3 :-187.814967 100.606915 9.865835 33.363947 -3.372936 10.635976 6.956415 -10.300441 -6.397436 5.623725 -17.410158 -0.827203 -5.914749 -2.695388 -6.897194 -1.976276 -5.031996 3.951178 0.573426 3.744937 -7.819865 -3.202859 -4.302243 0.226841 0.336978 4.689174 -7.585499 -0.841745 -5.642417 1.299555 -0.206361 -3.847738 -8.473685 0.920543 -0.315778 3.033041 -0.841932 3.188592 -4.849280 -3.540618 
6365458168817621408.mp3 :-78.195399 117.646955 -22.158607 25.125597 -16.765323 -4.863088 -12.642262 1.080093 -30.252819 9.516490 -17.791924 -3.223138 -13.957520 -3.980718 -12.087259 -1.356606 -11.937589 -0.043536 -11.456582 1.374524 -8.518407 0.728435 -7.701627 4.620249 -5.674710 1.727326 0.728723 -0.658046 -2.959659 -0.696362 -0.090607 0.463194 0.605895 -2.394819 -2.983712 -3.280786 -1.127081 -4.706563 -0.311528 -3.689521 
6427770297313014689.mp3 :-52.345373 85.158176 15.865442 21.028592 8.896982 10.246018 -3.516424 7.437221 -13.445460 1.601090 -2.108793 -4.782556 -5.200293 -2.309495 -4.232835 0.050469 -3.596900 0.017198 -1.842840 0.502484 -2.600727 2.932512 -5.831864 1.308648 -4.461451 0.793178 -6.140040 0.519606 -1.322723 7.983534 3.048939 0.469737 -5.547527 0.246149 -1.303056 2.233670 -2.560105 1.735323 -3.631317 -1.835678 
6424405221114977972.mp3 :-120.507307 72.262664 10.429945 16.601229 -4.753312 5.769427 -3.319880 6.779016 -2.479729 3.692857 -3.814118 1.922001 -2.032757 3.096183 -1.840450 2.507215 -3.630909 3.085754 -3.840215 0.574319 -2.080694 4.496972 -0.546307 1.813991 -7.069439 -1.870681 -3.843125 1.281297 0.699437 6.843416 1.705565 2.248717 -2.891229 -2.879960 -5.909437 -0.907374 -1.861322 2.345824 -2.100839 0.444511 
640967787011248665.mp3 :-67.134786 81.285531 4.803862 36.695381 2.534786 2.819888 -2.675359 12.279821 -8.830429 2.696490 0.265611 -3.965726 -4.493114 -1.118247 -0.183610 1.207378 -7.587970 -0.644956 -4.961781 0.062925 -5.363365 -1.900860 -4.966819 2.964735 -3.425427 3.620567 0.806486 2.156702 -2.383078 1.319625 -7.647497 -1.082721 -2.823067 1.054925 -2.890236 1.610179 -3.214922 1.696047 -3.046293 0.132190 
6376992703325866434.mp3 :-80.396079 88.228923 1.164549 27.169487 2.869521 7.114700 10.793552 -2.196353 7.808378 -1.268375 -6.914352 1.675108 -2.719090 7.716432 -1.874684 6.616581 2.542714 3.820121 -2.806906 6.655273 -4.793241 4.205198 -2.929250 2.793821 -1.867246 5.219766 -1.779242 3.988770 -5.720399 0.313419 -2.206759 3.692710 -3.998147 -2.957197 -6.030737 -0.099814 -5.037323 1.469389 -0.805214 1.655609 
6398602112698432879.mp3 :-223.573215 74.389447 11.407209 33.299581 -0.517213 5.809009 7.723024 -2.222007 -2.993146 3.076649 -15.398624 0.496742 -8.479248 0.765472 -4.969271 -0.185904 -6.290659 1.711709 -3.761690 4.604923 -3.016614 0.914172 -3.141490 -0.132640 -2.874140 3.240174 -1.336586 5.735204 -0.099744 1.397624 -2.962939 1.142616 -0.736845 4.425815 -2.102154 1.289103 -4.173243 0.002993 -4.585314 -0.386259 
6416751631551692571.mp3 :-49.590746 70.436827 -3.499556 24.111710 5.103100 10.507919 3.751773 4.372779 3.598202 5.004924 -2.501604 1.649424 -3.463087 0.737572 -3.843172 2.158200 -0.676801 5.505211 0.373399 4.219564 -4.724096 -0.670924 -6.952563 2.748029 -1.230788 4.059049 -3.104241 -0.945818 -7.357736 1.811567 -1.298641 1.671098 -4.676671 -0.093124 -1.349861 4.595629 0.686314 4.186582 -1.383566 1.369760 
6382277124103479009.mp3 :-47.579483 70.077187 17.683374 35.809869 2.870006 10.684261 5.821521 16.789155 -6.437519 11.715730 -0.387758 0.850550 4.227586 -0.121368 1.710820 8.334188 -8.088628 4.420889 -1.541584 -1.899417 -6.357641 4.919254 -3.805895 1.620195 -4.154624 1.335361 -6.668992 2.244060 -3.849958 7.094402 -0.036729 -1.061907 -4.843469 -1.095243 -2.136223 2.043158 -2.704015 0.070398 -5.427971 -2.974055 
6431384414908734121.mp3 :-93.180829 95.655537 -11.581191 20.579913 5.436664 -4.744955 -3.618212 4.318798 -9.542026 8.654287 -9.219527 -1.097653 0.790305 -3.296394 -2.260710 1.968711 -8.929719 2.303944 -7.209699 -2.110430 1.589456 1.430205 -5.009381 0.493594 -6.416809 -4.697118 -4.275480 1.345320 -1.410013 6.785936 -0.737508 1.097806 -3.426349 0.213249 -3.077592 -0.478952 -2.640636 0.637870 -2.102805 -0.660371 
6409244719761959313.mp3 :-94.055575 73.938585 3.867213 20.292763 -9.441773 3.323258 -9.714212 0.445384 -16.132945 2.701741 -7.451950 -2.501430 -1.352813 -0.982681 -6.763495 1.570165 -2.764642 1.772280 -6.057232 -0.959860 -3.400971 3.330194 -5.444903 1.618968 -5.320141 -1.786677 -6.042532 -3.422308 -7.355834 3.770677 -1.380712 5.041961 -1.283476 0.749317 -3.323819 1.292308 -3.466162 -0.499577 -5.139266 -0.676697 
6418331286500741147.mp3 :-130.127904 107.476973 13.899220 20.089367 7.121852 -6.957370 0.201003 11.438621 -17.724598 4.187338 -12.602123 -6.836753 -9.437118 -5.739801 -10.938188 -4.302394 -8.563295 -2.630942 -5.117514 -3.261264 -9.217783 -6.503025 -5.493438 1.267937 -0.755158 0.037197 -7.682498 -3.340797 -6.572247 4.137996 -3.178742 -3.695157 -6.674965 0.817237 0.226587 4.009328 -1.043282 0.028837 -6.913580 -2.209629 
6435570352794934313.mp3 :-213.650933 97.907763 8.085265 30.972355 8.413764 13.100897 -2.067242 7.086851 -7.944413 1.886791 -8.023663 2.366647 -2.661741 4.624207 2.089757 4.468126 -0.459108 -0.612329 -3.685295 2.330449 -2.935870 -0.467387 -2.295331 5.161294 3.490141 5.157226 -0.637017 5.472227 2.443719 4.541245 -5.169558 0.081622 -1.170549 5.263327 -0.618632 2.077407 -3.825205 -2.066426 -5.577986 -2.686462 
6372859086792297624.mp3 :-39.009568 63.923416 0.433525 20.796959 -5.209847 9.278941 -3.698465 0.895358 0.198066 2.734250 -5.288419 2.020202 -6.312967 0.453649 -0.703715 5.053491 -3.013283 1.010282 -8.011617 -0.645525 -1.575508 9.363026 -3.893734 -2.707627 -8.160963 -0.349809 -3.003213 -0.804043 -0.391888 8.250958 0.719720 -0.551882 -3.710976 2.497877 -3.698394 -0.733181 -3.480991 2.238567 -5.520912 -1.804142 
6361393988037642306.mp3 :-46.662329 84.953297 13.766791 20.642191 12.039397 10.293874 1.295873 7.716804 -3.746472 6.091700 -0.866473 2.623794 -4.593989 0.921331 -3.883043 0.306418 -4.889372 0.715368 -4.408667 1.974722 -2.689651 -0.738547 -4.930084 1.977459 -3.940633 0.746547 -2.199743 1.311929 -4.425097 2.905866 -0.848565 1.280079 -3.930636 0.611660 -2.260847 3.095517 -1.384932 2.080535 -2.361497 0.355428 
6400381728387790429.mp3 :-173.015689 124.194981 -16.555306 7.984631 -3.216418 -5.547726 -13.746671 3.036653 -18.526926 -7.503837 -5.276538 -5.971031 -7.587223 -9.669318 -13.238359 -7.231176 -8.643350 -8.140630 -12.910020 -11.125726 -6.138873 -6.276540 -11.745636 -4.423966 -8.842469 -5.235464 -5.897754 0.498723 -2.024893 -3.772901 -3.043538 1.082596 -5.760713 -3.784342 -7.550383 -5.418829 -5.659371 -0.752502 -2.164006 3.974444 
6429341071857032098.mp3 :-151.620264 114.965182 0.393617 42.875946 12.297044 10.599218 7.471680 4.211481 3.842728 7.466005 -2.182084 2.965837 1.298503 3.816981 -0.730040 3.337567 -1.101187 4.990316 -2.999986 1.254377 -4.927939 0.427769 1.547408 4.882002 1.776523 3.916014 -3.540781 0.574549 -2.841046 4.470557 2.041921 0.970640 -5.333538 1.056770 -0.502325 1.278901 -2.704440 -0.618174 -3.122314 -3.046964 
6380017648111358238.mp3 :-188.710208 77.950576 10.235648 32.832953 2.888054 8.831816 3.142176 0.442212 -3.090786 6.033791 -7.781371 1.842997 -4.452595 2.727532 -3.260015 -0.470899 -5.558125 3.693870 -2.761600 5.981758 -5.143905 0.741007 -1.197647 0.901429 -2.988629 3.646653 -5.969005 -0.822219 -5.302177 2.466806 -1.865596 0.997487 -4.080648 0.890532 -3.167749 2.717072 -2.320664 0.572086 -2.951801 -0.130658 
6412198016314415022.mp3 :-144.907476 133.400414 -13.832776 17.373465 7.180351 -2.027495 -4.295472 0.796214 -19.894390 -1.838321 -5.018802 -6.013409 -1.430023 -2.168855 -6.651536 -6.040724 -2.871064 -0.894495 0.197780 0.578575 -4.096506 -2.835297 -5.973395 -3.871914 -4.715590 -2.418413 -9.951610 -3.880402 -3.353809 4.137937 2.267226 1.901170 -4.329770 -2.113191 -2.784852 1.118232 -2.110236 0.910608 -0.979488 0.508800 
6372332448984694039.mp3 :-207.616640 79.112518 48.915595 9.755927 -2.636081 15.015947 -0.695262 1.726277 -4.532560 7.821467 -9.045828 0.979691 -6.995557 -0.316697 -6.040558 -1.086439 -6.465537 -1.787887 -8.249100 -2.572047 -3.710825 2.258746 -6.606228 -2.683200 -8.262603 -2.217818 -7.575118 -1.829802 -1.689030 1.850737 -4.782626 -2.503584 -8.647051 -3.389820 -4.938865 -2.783009 -5.835253 -1.858203 -3.914685 0.668150 
6409047676448211821.mp3 :-106.764446 94.464597 26.806721 23.484363 1.489519 3.474996 1.678516 -0.625237 -12.869234 0.417832 -10.276015 -3.791562 -9.099998 -4.288142 -8.637718 -3.998899 -10.515664 -2.948798 -8.891805 -5.372961 -6.587486 -0.509041 -6.502293 0.492281 -4.528142 -0.618395 -5.710054 1.185029 -5.315137 -0.590385 -6.167629 2.637013 -0.197630 3.584028 -1.725316 -1.082215 -3.883346 -1.167152 -4.619842 0.170579 
6360504084206893483.mp3 :-116.198400 106.844229 -17.113181 10.630729 -1.886322 4.663870 1.841082 -6.391793 -6.392425 0.456123 -11.234790 2.205379 -7.184058 6.150389 3.856744 5.044235 -0.517224 4.946102 3.476226 12.024745 0.163406 -0.451915 -12.287276 -10.066233 -3.630480 2.576116 -3.776940 1.527115 -0.290320 1.557987 -7.743258 -6.742716 -8.386000 -5.001460 -6.939842 -1.816436 -3.775612 -1.680020 -3.472794 2.559434 
6397284825463033593.mp3 :-138.777637 106.947028 22.472554 18.789536 7.240883 3.134095 0.487867 7.483391 -8.218336 8.303475 -6.250473 -2.110713 0.217524 -3.974310 -6.227639 0.757518 -3.314604 1.973294 -0.782250 9.875350 3.111850 1.174836 -6.213292 -1.528234 -6.748161 4.595728 -1.794912 6.163002 0.120954 1.570391 -4.422899 -4.338449 -5.844831 -1.782242 -1.194429 1.363833 -3.551162 1.683842 1.610908 5.065117 
6426663523522492786.mp3 :-204.427052 107.279237 -24.697012 -3.182407 1.455847 -12.738331 -0.154582 -0.583943 -10.915758 3.431896 -7.496405 1.542486 -4.755518 7.518354 -6.167521 3.753341 -2.789915 2.686610 -1.996832 -0.176870 -4.941617 -0.904373 -1.397787 3.611570 -2.803102 2.801532 -5.861974 3.553767 1.383663 2.912457 -3.100167 -0.646715 1.607707 5.205440 0.698737 2.592374 -3.425274 -1.020332 -4.237522 0.725421 
6399343849279763367.mp3 :-208.873809 105.661192 -21.776223 23.999868 -16.235625 -7.919733 -4.480727 -7.691619 -11.355805 2.959315 -11.572056 -5.907976 -6.798675 -6.579042 -2.730445 -1.023771 -1.138390 -0.923482 -0.708817 1.683275 1.928903 3.888937 -1.246924 5.021709 4.755317 6.122273 1.976880 0.199088 -0.322730 0.377103 -1.340218 -0.769260 -3.418333 -1.353376 -1.507300 3.467453 3.836671 7.066387 3.876994 -2.017678 
6440098671354369770.mp3 :-154.126365 96.330138 5.588286 31.287952 8.619948 6.346769 -0.467214 9.634095 -6.474187 1.660055 -1.219926 4.452802 -1.824159 0.498242 -0.591015 4.692941 -2.801218 -0.098220 -6.495168 0.593134 -4.076261 1.894888 -5.573938 -3.830931 -6.165967 -0.320904 -4.621638 1.700113 2.886730 2.690791 -4.449172 2.486413 -0.723378 0.967794 -4.744738 0.093159 -4.084935 -1.064631 -4.703247 1.289446 
6396171735926644389.mp3 :-83.086705 85.919229 9.999920 19.304550 7.289565 3.481165 -0.841515 2.010879 -7.892044 -0.531499 -9.829608 -0.702500 -8.629335 1.248212 -7.729883 1.828618 -7.045590 -2.458056 -5.672358 -1.130331 -8.834279 -2.981768 -4.766392 0.551137 -3.298491 0.147550 -2.412545 -1.270171 -4.331140 2.520735 0.134134 0.763788 -3.092284 1.914402 0.152640 2.367852 -1.365534 1.380395 -3.925665 -1.802798 
6425345758120724203.mp3 :-158.888733 104.320146 7.144922 18.972270 4.320432 2.384591 -6.788329 -1.373981 -12.880562 -4.937849 -10.585904 2.191763 -3.836771 2.326198 -4.814051 -3.169069 -4.660591 1.051911 -4.005144 2.682110 -5.690741 -0.417228 -4.000211 6.871085 1.769912 3.950654 -1.767928 1.878249 -1.733037 -1.383350 -7.900177 1.934989 0.211623 5.893347 -0.571756 2.004908 -2.088080 -0.635684 -1.595448 2.705696 
6392132552132963308.mp3 :-127.360594 73.082910 0.748012 35.659690 -0.465543 2.964491 14.243332 -3.041725 2.857239 3.488753 -9.292707 2.781395 -7.367075 0.381683 -7.471204 0.186739 -5.074764 4.613080 -2.727090 7.372293 -2.586858 7.155446 2.874721 3.676663 -3.410174 1.484600 -6.589887 0.160978 -7.390603 -1.859335 -1.878749 5.091975 -2.331972 0.505691 -4.501304 -0.039007 -3.761513 2.257091 -3.986467 0.079650 
636977981226057835.mp3 :-162.545150 112.589417 13.625913 16.524421 9.538359 0.290116 2.291442 0.716989 -1.573740 3.395848 -9.674077 -6.750043 -6.499856 -1.893902 -7.629876 -2.056005 -4.705889 2.330547 -1.531708 -0.218452 -10.621864 -6.146226 -5.568893 1.337027 -2.587209 3.983749 -3.943317 0.258488 -4.405248 -2.061277 -0.897113 3.285977 -1.656330 0.452685 -2.850633 1.535373 -0.492606 2.828272 0.259369 2.459619 
6388003676300188314.mp3 :-80.081555 77.930344 28.861762 34.039395 8.746631 8.617349 -3.921276 10.313332 -7.357352 0.815691 -7.907612 -1.195349 -2.103543 -1.417531 -4.388716 3.814875 -3.925204 0.939176 -8.159158 -2.968724 -2.210489 4.887745 -4.229147 -0.155575 -5.007347 -4.621689 -6.860323 0.556851 -2.436977 4.698739 -3.940022 0.507478 -2.128727 1.537192 -1.975997 -0.672554 -6.206616 -1.811594 -8.921714 -3.258593 
6374669500169882091.mp3 :-63.522325 72.537935 17.525468 31.390880 3.212709 12.638997 1.242587 4.624915 -2.631551 3.952468 -4.467176 2.302202 -4.730476 2.847575 -3.857822 0.630670 -5.970541 2.589679 -6.609035 -2.137026 -4.473339 2.287172 -5.902106 -1.772359 -7.656627 -2.046912 -5.226565 0.917878 -5.105547 1.618315 -0.820256 1.140318 -1.739652 -0.020737 -3.641033 -0.228161 -4.446959 -0.083406 -2.309235 0.081202 
6441474015821862003.mp3 :-112.390835 97.199093 -19.551986 37.645802 0.090380 5.840157 9.041354 3.748811 -12.473619 11.208915 -0.406819 -0.766884 0.814000 0.405766 -10.643545 0.709747 -6.940002 -0.857586 1.182856 -1.322283 -4.109792 2.813621 -9.406214 -2.637158 -4.314360 0.113200 -1.096956 6.791117 -0.372910 -4.038334 -4.315614 2.987199 -1.999468 -0.896968 -7.086803 -3.921514 -5.340969 -0.963524 0.093456 7.265712 
6443213139971833857.mp3 :-191.949309 81.754856 -16.059985 31.305748 -9.545548 -2.535513 -11.247422 -2.478016 -13.496107 2.924630 -8.026193 2.198947 -4.542661 -2.133257 -6.221608 -1.051233 -10.163906 -2.055299 -7.509245 5.995153 -6.396389 0.443588 -9.522216 2.722930 -0.376217 3.217113 4.092796 4.755768 -1.266891 7.489819 0.731541 -6.567186 -7.535230 2.739170 1.168386 6.288170 2.201720 4.947877 0.635931 1.292044 
