8322882515781722448.mp3 :-272.179741 131.573788 5.480099 18.337401 7.014495 5.286801 -0.088483 -1.093468 -8.907740 -3.081208 -9.655428 -3.994050 -5.568130 -0.791263 -8.095142 -6.270545 -9.471349 -4.144345 -8.883695 -4.038793 -7.592453 -4.719021 -7.442802 -1.905333 -2.031210 -0.808068 -5.303040 -0.374552 -9.630673 -8.374461 -4.074195 1.779301 -4.737863 -6.081511 -9.409201 -4.820153 -6.104971 1.451311 3.631726 -0.265245 
828565629836948877.mp3 :-110.792441 94.311439 7.933811 17.689375 5.515076 3.412701 2.570190 -0.088148 -4.894166 4.572262 -14.629852 2.136377 -13.642242 -0.293689 -8.573934 -2.086374 -4.432962 2.830269 -1.134367 4.796411 -6.427061 -2.061693 -1.964165 3.005634 -2.964979 3.172048 -8.122240 0.391158 -4.179663 -0.823352 -8.414425 -2.488683 -1.620920 3.112196 -0.717038 3.025734 -2.204395 -0.522833 -4.893607 1.253661 
8306391011704997738.mp3 :-129.302990 112.690240 -6.271219 32.134681 16.327424 8.244351 4.911678 3.328178 -2.764452 5.562378 -10.312328 2.297941 -4.288813 1.090971 -1.787258 -2.195017 -6.133819 -4.272622 -6.548506 1.342833 2.238213 4.525910 -4.092503 -2.897503 -5.378777 2.457318 -3.051585 8.787569 1.670554 7.047464 -3.206935 1.068040 -5.409426 -1.097721 -3.897957 -1.494638 -2.208241 1.803628 -0.958989 -1.898124 
8305512510925861135.mp3 :-89.643740 109.929105 16.421866 23.557630 4.674270 -1.451118 -1.905455 4.838135 -14.759343 2.184449 -8.514764 -6.183132 -7.532209 -3.073008 -7.782875 -1.098744 -6.735908 0.332758 -3.304602 1.218399 -6.543697 2.981239 -2.422136 0.009321 -1.796237 0.064475 -7.249055 -2.464626 -6.322488 3.941178 1.813496 4.543389 -2.976133 -1.052646 -4.596188 0.752390 -4.401734 -1.203044 -4.215771 0.113304 
8299069258556140218.mp3 :-123.570259 87.283220 23.554447 26.085047 2.477464 9.596963 -7.457001 7.398721 -5.409989 4.195615 -1.841612 -0.066212 -3.805644 -1.980538 -1.685447 -0.211531 -7.364065 5.032369 -9.474988 -1.885971 -6.966885 -3.235847 -3.773074 1.868676 -4.593494 -2.680599 -5.302469 0.518085 -2.839873 -1.587570 -7.243057 1.452463 2.701650 5.570666 -0.303001 1.978481 -7.237887 -6.464230 -4.964652 -1.285676 
8313806170316380272.mp3 :-116.981379 61.641608 -0.827419 36.569782 4.299592 7.719187 2.284948 9.158847 -1.227069 4.723017 -2.164142 -1.577935 -8.005339 0.939149 -1.711111 6.731955 -1.957773 2.283413 -8.159711 -2.773144 -8.392766 2.707108 -2.872355 0.139101 -6.193456 -1.068904 -3.525675 0.967542 -8.268476 -5.033958 -4.736690 3.836525 2.881006 0.141036 -8.020513 -5.163641 -9.122881 -3.623006 -3.488719 1.203327 
8327220386811415601.mp3 :-94.764133 84.286911 17.887206 24.535548 7.224125 11.389618 1.311872 10.247721 -4.627491 6.085630 -0.131851 4.825221 -1.371691 -1.069788 -1.386462 3.910278 -5.319676 0.710336 -5.030692 -3.157991 -6.017497 1.810647 -3.883960 1.241369 -5.971405 0.148434 -6.745668 -1.344638 -6.740052 -4.211380 -4.943288 5.920887 0.267353 0.668088 -2.261118 -0.344910 -4.943311 0.833129 -4.237693 -0.687863 
8285019177959546998.mp3 :-205.434643 152.680507 -0.480969 6.896205 13.364145 -7.814212 -10.048343 0.716922 -17.724583 -6.728490 -3.812870 -14.189896 -5.194815 -3.612479 -4.986097 -2.938333 -5.041263 -5.564383 -10.032622 -7.566785 -6.347789 -3.627964 -6.628745 -4.447136 -8.496598 -3.037122 -5.637994 -0.870495 -1.436491 0.032225 -0.838189 -1.179547 -2.634250 0.686129 -1.769522 -0.799706 -2.100013 -0.173529 -4.502749 -4.661302 
8306562893372603167.mp3 :-92.161209 95.998927 -3.890329 41.673038 11.735250 -0.206585 3.938905 14.470571 -12.017121 4.256832 -0.554504 -3.681687 1.161401 3.319427 -5.638149 4.878506 -3.869864 1.253809 -0.769300 0.642204 -3.844297 4.565593 -4.217363 -0.680544 -4.363660 -0.920760 -6.200342 3.552558 0.802610 1.646147 -3.542137 -1.865633 -1.540449 3.138181 -2.857737 1.725935 -4.811159 0.121472 -3.619495 0.311564 
8320042219365101315.mp3 :-191.634503 89.908605 2.487993 32.993779 14.848662 15.399457 6.764509 9.603012 -0.702789 13.290785 -3.829802 9.351764 -2.913268 4.071108 -2.520926 2.961642 -1.062221 4.170537 -0.159952 3.889118 -0.664497 3.672073 1.304034 6.240493 1.789754 5.064557 -1.517901 1.956455 -1.446262 -0.849972 -7.654737 -1.832394 -1.800493 4.931359 -0.037975 0.551706 -2.974802 -0.896821 -2.053911 0.945767 
8303635756078310172.mp3 :-111.303181 59.955399 -1.079575 45.066108 19.299051 17.211701 10.937274 19.576295 -3.067708 10.179820 0.242666 7.165694 -1.203318 3.217590 -0.322581 0.335991 -6.041044 1.376557 -6.058808 -3.248943 -6.897597 -1.712964 -9.220511 -1.471225 -4.963702 -1.208887 -2.173388 1.531166 -5.320359 -1.707824 -5.499179 1.225138 -4.397121 1.082222 -3.957003 2.729921 -2.000931 1.601398 -1.476855 1.275356 
832127250700116529.mp3 :-337.735124 106.944287 3.110418 -5.985133 -12.568834 -11.640312 -9.160591 -7.810406 -18.586262 -4.918969 -12.776895 -9.394076 -7.261861 -8.383500 -8.004272 -3.242384 -3.428752 3.833744 -3.940822 -1.358964 -6.226040 -5.399764 -0.245104 2.643133 1.130924 1.775620 -2.461800 0.480248 0.901780 1.584476 -3.623131 -1.964682 -0.570607 4.587142 2.973992 2.919003 -1.003404 -2.246871 -5.459380 -4.437045 
8315852431493223546.mp3 :-109.735763 86.013259 -20.801571 11.335586 1.735543 3.523664 -1.183983 0.817869 -3.383776 -1.675375 -5.021451 -1.775280 -1.617559 6.223081 -2.389613 4.121236 1.530172 3.697843 -2.437978 2.561162 -5.728091 4.225505 -3.431950 0.348261 -2.030406 0.725498 -4.261305 3.792833 0.411030 4.170979 -4.533999 -2.845652 -2.582746 2.344750 -2.948187 -0.998104 -5.300045 -4.793914 -8.736224 -2.067290 
832324858110443992.mp3 :-91.891453 66.372017 -4.702617 42.618027 6.282020 5.292857 0.355459 8.007568 -13.962678 8.575692 -10.969131 -4.377118 -2.089913 -5.828856 -9.883743 1.504032 -11.678262 -2.243579 -7.463575 -5.430184 -8.878051 1.004100 -10.673337 0.878171 -5.732976 -4.074205 -5.882391 -3.693148 -11.847220 -0.859835 -4.658319 1.614558 -2.655903 -1.190689 -5.868319 -0.528369 -6.784934 -2.728858 -5.713733 -1.015791 
8319893587076178301.mp3 :-102.441482 84.455588 0.861277 26.885267 4.043399 4.119209 1.603727 -2.708331 -3.523919 1.424769 -11.558179 -2.593216 -5.398589 0.889293 -0.345331 3.855288 -0.635811 2.926071 -1.709165 3.014994 -1.015905 5.309623 -3.570590 -1.577571 -7.226983 0.830746 -3.065526 2.025885 -1.593112 1.399244 0.159096 2.468968 -4.254008 -2.221363 -6.079411 0.744226 -3.207233 1.842018 -0.730771 2.538925 
8295675659238874534.mp3 :-99.403300 70.708676 18.173205 31.635664 12.684592 20.329964 -0.124702 8.970841 -0.250021 4.368019 -1.884238 1.719086 -2.277674 3.405472 -0.869418 6.464461 1.048741 6.515001 -2.012128 -1.396647 -7.302667 -1.051847 -2.123248 3.839637 -4.946958 -0.209225 -5.807164 -0.373172 -3.518598 3.390861 -4.456748 -3.398991 -3.763437 3.391500 -0.433537 0.677776 -4.560418 -1.719487 -9.391061 -1.272865 
8281209676254441669.mp3 :-92.901655 96.308344 3.306860 31.033011 7.356377 1.441312 -1.822546 5.166810 -11.064021 0.614638 -6.083622 -2.452156 -4.744927 0.979847 -3.132549 3.412705 -1.603776 -2.594558 -4.012342 -4.951681 -8.115693 -1.285233 -0.309658 2.646423 -0.020980 2.632780 -6.432320 -1.641377 -5.016611 -0.339753 -3.846720 -0.133239 -3.810513 3.798846 2.104151 3.901509 -1.983611 2.161422 -4.472414 -2.901955 
8288785465568867545.mp3 :-133.399461 127.568281 4.110719 32.162357 3.887026 1.011287 7.492387 -1.280995 -6.362280 7.156995 -7.382358 1.847530 -2.752023 -0.826848 -3.863010 -0.351141 -9.088905 0.537397 -4.392564 3.721827 -0.733929 -6.782380 -11.094153 -4.616496 -2.960854 3.991963 1.712526 2.435159 -5.939911 -5.378441 -7.074508 -0.406019 -6.675840 -5.247126 -5.613145 -2.410755 -1.956312 3.850147 2.760730 4.781679 
8307713714398348622.mp3 :-117.511779 94.238658 37.137727 21.237568 13.442854 -0.656014 -0.363962 13.005453 -13.864060 5.673158 -1.665472 -2.081317 -4.850788 0.970181 -8.098648 -0.190694 -3.710526 1.290766 -2.969463 2.776712 -2.627606 5.748789 1.686877 3.961553 -1.970766 1.706415 -5.964655 -1.824628 -5.545852 1.304247 1.396805 3.260321 -2.003682 -0.387059 -5.331965 0.499069 -3.846544 -0.611144 -4.697092 0.388419 
8334706181841716987.mp3 :-74.338758 78.281682 2.710919 14.706839 -0.507527 1.855550 -2.639124 -0.272296 -10.668176 4.902440 -3.774056 2.012071 -4.011023 0.443792 -4.266467 2.730585 0.481281 3.870412 0.065806 4.960786 -5.164631 3.438952 -2.378927 1.492054 -2.893364 2.935677 -2.845404 -0.012985 -8.226001 -3.151852 -0.105976 4.552504 -4.550685 -3.520032 -3.853100 1.217717 -3.873670 1.061884 1.687215 4.547861 
8274912183700055753.mp3 :-163.571783 85.114665 40.068141 24.134806 5.373094 15.040019 0.453734 6.703078 -17.945621 1.825875 -6.161616 -4.604969 -3.502800 -5.238107 -2.115994 -5.804869 -7.328186 -4.575467 -5.496624 -5.584257 -6.710294 -4.600120 -4.880285 0.870654 -6.305453 -4.915046 -9.831482 -6.035410 -9.839877 0.919989 -1.914431 -1.264149 -5.944815 0.524320 -3.874268 0.425689 -3.878331 -1.745516 -5.382583 -1.238845 
8324316197272143918.mp3 :-96.576937 83.130848 20.189525 34.126356 12.034432 9.322381 8.671749 10.971772 -10.791615 8.107361 -2.707054 -0.117934 -0.412778 -0.615860 -4.035717 0.334815 -4.638653 0.008781 -4.728577 2.552982 -1.720921 0.565991 -7.066600 -0.472130 -4.762704 -1.941722 -4.190333 4.056998 0.732487 1.464656 -5.353213 1.003519 -1.803613 2.685509 -3.243079 -0.506282 -4.080973 0.795970 -4.049634 -1.339218 
8284356617695378222.mp3 :-165.918874 118.600175 5.860207 15.200244 13.882334 1.314273 -1.732608 0.616778 -8.585670 -4.297326 -8.750780 -0.382887 -5.583688 0.769471 -0.810234 -1.244577 -4.671368 0.660124 -2.727786 0.918560 -5.369793 -0.959739 -1.525314 5.312960 0.756232 2.673854 -4.274147 -0.737375 -2.209765 1.799594 -0.096228 -0.610497 -6.128296 0.155129 -3.656811 -1.148654 -3.634761 -1.447126 -8.213136 -5.589339 
8297528146940804540.mp3 :-6.252969 68.641469 -0.898030 14.376079 -1.390981 15.050105 -0.712408 5.144356 -2.801290 3.092268 -3.865296 4.309152 -3.931025 1.249046 -2.705572 5.199777 -0.698035 1.478667 -3.741499 4.184496 -3.413657 2.096829 -0.495587 3.893643 -2.698280 3.129961 -1.613331 2.313954 -1.252840 1.993404 -2.703275 4.563342 -1.300973 1.259761 -2.189571 -0.288543 -4.293562 0.356728 -2.475022 1.222114 
8326977317279733595.mp3 :-69.588525 85.779993 22.336664 23.278671 6.241061 5.775642 -4.571120 6.730840 -12.493083 2.738327 -3.773473 0.866782 -1.522263 4.242978 -4.649523 0.588792 -3.592688 -1.168846 -5.411640 -0.135390 -0.831529 -0.045515 -6.153327 0.674862 -1.882756 2.555635 -1.809442 2.736448 -2.954738 2.935822 -0.217351 2.648804 -5.231926 -2.048461 -7.616808 -0.024198 -4.348143 2.839463 -2.436779 1.188602 
8295983935840547862.mp3 :-196.977681 95.900943 -3.575551 22.766408 2.376739 4.791797 -5.421968 5.999356 -9.120948 1.833331 -0.397821 -1.505538 -3.326919 1.357530 -4.612338 6.893011 -3.306686 0.118253 -3.594048 -1.681858 -3.967092 1.488049 -5.374403 -3.621319 -5.356058 -2.199219 -5.821360 1.169276 -4.548482 -1.994892 -0.672546 2.753979 -1.614800 2.901007 -2.747919 -1.565418 -4.755707 0.317225 -2.237188 1.133120 
8334172268798058817.mp3 :-157.433153 127.758165 11.720187 23.639499 1.540676 1.511649 -8.905121 -3.433267 -10.259840 -4.897445 -12.161089 -5.268937 -9.625438 -3.920282 -4.776022 3.822011 -1.833579 1.875091 -6.693995 -0.609480 -3.961594 6.503867 0.590593 1.664129 -6.624138 -2.953407 -4.692405 -3.667136 -8.755507 2.166171 6.136085 7.482312 -3.917981 -1.217097 -3.039614 1.069197 -1.197374 0.166515 -4.132705 -1.163613 
8323098270286557839.mp3 :-224.474392 175.093515 -22.664802 14.659447 6.116097 -7.424411 -4.490183 -1.156330 -7.742122 -7.217571 -9.471828 -12.264265 -12.473711 -9.797965 -6.831911 -5.453262 -6.313240 -3.835478 -4.908072 -1.516253 -3.639495 -6.669490 -7.815267 -5.653390 -6.196321 -4.307230 -5.134144 -0.667740 -2.011054 -9.576231 -5.736997 2.232205 0.318480 -1.341147 -1.658263 -2.902656 -2.686048 0.784864 3.755062 3.581851 
8330245731290931436.mp3 :-38.409007 67.396262 3.902823 18.716270 -4.347700 4.578642 -0.661861 0.176849 -12.318859 3.454267 -8.147736 0.849482 -7.014384 1.294541 -6.678358 -2.332736 -10.393741 1.034827 -7.651466 0.344081 -11.246547 -6.928034 -7.141343 -0.986396 -4.575566 1.225597 -9.334649 -1.874118 -2.012441 0.622132 -9.490886 -6.808781 -6.643076 2.945191 -0.950844 1.416136 -4.394035 -2.531936 -7.343793 -1.691592 
8323751727444135752.mp3 :-38.669743 87.475907 5.901095 17.277361 3.854349 10.459735 -2.404333 -0.246942 -4.370720 2.145359 -2.521596 0.838780 -4.872250 2.509340 -4.991796 2.960759 -7.446144 -0.766704 -4.910091 -1.053658 -3.712950 -0.379178 -6.859502 -0.074997 -5.636859 1.810570 -1.332177 3.849062 -1.865311 0.809344 -4.122610 2.424195 -2.220878 0.638647 -3.882023 0.969987 -4.737912 -0.052668 -1.569367 2.844046 
8339241322037858435.mp3 :-154.527492 98.821413 -11.457264 19.493079 -1.194889 -1.001606 -1.560155 -7.935205 -13.327836 -2.906581 -10.582900 -5.465892 -9.042122 -3.182006 -3.899874 -4.171332 -4.679106 0.217558 -4.579947 1.781047 -6.848862 0.467039 1.723162 6.021848 -4.074218 4.011170 -7.200111 -5.637069 -8.880003 2.303934 3.848236 2.253102 -3.587959 -0.948673 -1.376322 2.869932 -1.028221 1.747583 -1.197895 -4.155215 
833720445839996648.mp3 :-173.800518 106.678847 19.929164 32.758916 8.205458 12.320367 0.417021 7.309684 -6.039158 -3.602151 -2.440860 0.081865 -3.950890 -4.344467 -5.693010 -1.517945 -12.310913 -0.698642 -3.922807 -3.575425 -6.753644 -1.205865 -8.814607 -2.549861 -6.345591 -1.211938 -7.031615 1.138068 -3.691770 1.600664 -5.559039 -5.482508 -9.140074 -2.746963 -2.592481 3.598945 -1.044635 1.198994 -4.655286 0.394777 
8287015932542761401.mp3 :-38.074274 70.830013 14.605450 17.245564 4.938584 16.554066 -2.831769 5.036354 -5.149596 5.037249 0.147525 2.600748 -4.860748 1.700763 -4.033597 3.043085 -4.456476 0.727937 -3.485614 1.446022 -2.426374 0.588735 -4.823525 -0.356088 -5.612982 0.686401 -2.876349 2.732848 -0.093848 3.681985 -2.023672 0.682893 -2.404673 2.433372 -0.775755 1.550202 -5.192105 0.611777 -2.646719 0.663502 
8329089007990416005.mp3 :-195.941457 76.339520 14.407361 30.956219 3.661172 -0.704515 -2.443313 0.320541 -9.249941 3.254645 -8.253288 -2.003148 -6.939023 -4.986357 -6.760141 0.139604 -2.719149 5.723092 0.333257 5.607005 -4.141352 -1.730974 -6.121078 0.720238 -2.046197 2.766068 -2.938700 -1.021321 -5.762059 1.730101 -6.018132 -1.977516 -5.356226 -0.532164 -1.058429 1.893676 -0.749447 3.134024 -4.137063 -4.039974 
8335254274856640474.mp3 :-86.691261 81.688917 9.956312 27.332115 9.828324 8.128892 -0.183441 9.012637 -4.918932 7.418490 2.406208 3.843152 2.249617 0.510905 -3.909133 2.663927 -4.641460 0.207853 -1.790912 2.080179 0.864053 7.787554 -2.700760 4.239269 -0.454278 1.662140 -5.380527 1.482513 -5.388946 1.283247 0.622182 4.357314 -2.082161 -0.362475 -2.791058 0.986604 -1.580229 1.634561 -1.961558 3.028154 
8287736372854276284.mp3 :-231.466226 118.483329 41.990827 23.326400 12.064626 2.029858 -0.209904 -6.484778 -12.468905 -3.302138 -15.778461 -4.642232 -10.157558 -4.841853 -8.718947 -7.978912 -12.344569 -3.275595 -3.628247 2.776843 -0.034317 1.987002 -6.058374 -4.143254 -6.383064 0.153482 1.806852 9.379073 6.836767 4.322249 -5.422700 -1.355884 -1.482836 -0.049318 -4.341839 -6.081338 -7.751985 -4.573490 -6.122453 -0.579840 
8303442066591456428.mp3 :-457.010623 135.013479 38.287585 8.307456 -6.000373 -4.878376 -5.375308 -7.370116 -6.938586 -4.773533 -2.228381 -2.432161 -4.741885 -6.959697 -7.365094 -6.105849 -5.317740 -3.234561 -3.321885 -2.830487 -1.481594 -0.649007 1.605533 4.928332 5.213523 3.400275 1.206059 0.473007 1.672299 2.433963 -2.927686 -5.701908 -0.026109 4.279029 1.944418 -0.158590 -0.462123 -1.006278 -2.227731 -3.442252 
8310078668545851871.mp3 :-105.788699 87.688320 21.746549 31.667231 3.612653 4.219339 3.893794 -0.228482 -4.279233 0.160922 -9.031254 -3.875862 -2.761959 -3.187287 -4.658175 -1.189285 -2.242997 3.773640 -2.127210 3.521360 -4.906364 1.558702 1.316526 3.071856 -2.808821 0.379839 -5.654911 -1.397683 -3.834238 -2.660204 -1.843193 4.519156 -2.888999 -0.336754 -4.774594 -0.255857 -4.480740 -1.768806 -3.634876 0.372753 
8338819982283754976.mp3 :-103.964759 102.770691 17.459479 30.213557 9.358838 13.526970 0.303603 9.251255 -7.070555 11.360861 -6.397577 2.168403 -2.193868 0.379879 -3.853506 1.993554 -4.497202 2.576864 -3.613136 1.489808 -3.681353 -0.747793 -1.724196 4.518111 -1.816231 3.368280 -1.288050 0.826697 -3.056408 0.247021 -1.323020 3.632364 -1.740758 -0.694395 -3.987317 -0.622309 -2.891797 1.527567 -3.491864 -0.048510 
832225390680935929.mp3 :-93.822035 89.947013 27.466332 43.096983 3.912586 6.068195 14.154090 -1.632585 -3.598827 7.881331 -8.566286 4.658780 -1.596521 1.529397 0.063544 2.720833 -0.534985 2.143036 -4.593923 -0.879873 -4.097433 8.855190 4.670154 5.324551 -5.806612 -2.586261 -10.786851 -1.544668 -6.410519 -0.849106 -1.297972 1.476141 -3.350297 1.452387 -2.730983 0.094790 -4.246709 -3.042717 -7.376353 -0.936521 
8292788752343033735.mp3 :-155.882379 109.682600 11.210085 34.828759 5.261690 3.783810 -3.727697 5.824678 -12.548186 5.129270 -6.417117 -0.993801 -2.993732 -2.084085 -11.951319 -2.620207 -11.615791 -5.470764 -11.442977 -8.042273 -8.005279 -1.315004 -7.875388 -3.016234 -6.487688 -5.112436 -7.376942 -0.724770 -4.498262 2.677383 -0.100918 -1.189451 -5.094554 -2.197574 -6.061342 -0.725519 -5.295464 -2.166239 -4.930656 -1.608214 
8316770893475853493.mp3 :-107.111347 72.966829 2.681383 26.468785 2.709069 11.474312 0.922631 3.381982 -3.346025 4.638323 -5.542978 -3.335934 -7.303325 0.459604 -6.844758 2.731338 -0.899581 4.717462 -4.017612 -0.742064 -8.592207 -5.384143 -1.743387 2.963341 -2.188882 2.824930 -7.757488 -3.662073 -3.687302 1.512335 -2.835013 -2.500095 -7.020219 0.317189 -0.338227 2.491977 -0.015331 1.105238 -5.078436 -5.667865 
8339499920863146948.mp3 :-125.828472 96.403010 43.803427 10.281271 7.010225 -0.109079 -5.105815 -1.019550 -15.132276 0.040316 -7.334192 -5.144075 -3.345441 -0.817363 -6.761178 -1.995011 -9.732985 -3.560359 -7.057043 0.435283 -0.417265 -1.418707 -6.082120 0.363565 -2.447933 2.797902 -1.659704 1.456369 -4.462885 1.439850 -2.297850 1.764882 -6.847078 -3.144304 -6.812519 -0.507034 -2.550423 3.790670 -0.063346 0.389785 
830143739390583270.mp3 :-143.033738 101.283528 17.446182 32.843500 6.718667 3.153802 4.709072 5.919498 -10.870197 8.839156 -7.145950 3.162682 -2.304769 -1.324836 -2.911052 6.957843 -5.131914 4.200846 0.333414 -6.015275 -2.848458 2.288856 -0.827130 2.296526 -3.100825 -0.108080 -2.557461 -0.165022 -7.039080 4.892033 1.195570 -1.177332 -2.852804 -1.037911 -4.197303 0.373212 -4.377852 1.776159 -2.058399 -2.878772 
8299149882239197862.mp3 :-175.498868 79.915140 2.268364 5.506486 -6.427205 -5.083633 5.440479 -16.079895 -10.372349 3.251060 -13.450367 -4.244636 -12.049523 -3.521259 -5.783053 -4.393035 -8.417475 -5.226167 -7.720939 0.266986 0.845078 6.210576 2.024251 0.171810 -5.019280 0.798570 -6.077969 4.075554 -4.990664 -3.395807 -7.833100 -3.283441 -5.795570 -3.038665 -9.130087 -5.585993 -8.697346 -4.586936 -7.092379 2.255361 
8283486444587282865.mp3 :-117.356546 85.889966 34.442063 32.412275 15.334019 13.169219 4.751395 8.591496 -5.819257 -2.608310 -5.634696 0.839897 -2.886640 1.287334 -6.114744 -1.773587 -2.702080 -2.834635 -6.457097 2.495290 -2.977124 4.807991 2.384267 5.111133 -1.418630 3.631889 -4.622144 1.306975 -0.485084 3.795203 -0.484042 1.599044 -2.852335 0.892745 -2.167412 0.292091 -3.369326 0.699680 -1.411648 0.960009 
8336247687302600612.mp3 :-89.714764 89.513035 26.477330 22.129912 10.382130 5.132323 -1.410899 3.630675 -6.040767 3.835687 -5.109352 -0.147201 -3.431224 1.373333 -5.749813 -0.694104 -7.613126 0.544416 -6.838361 -1.864048 -4.678729 -0.013821 -4.765425 0.573068 -3.431897 1.164446 -5.210076 0.096170 -4.599072 2.293081 -1.925250 0.945273 -4.075545 0.595442 -3.461419 1.379662 -3.091426 0.290394 -3.830603 0.376751 
8312997159746073026.mp3 :-144.767354 80.101215 26.623594 31.673048 1.106301 3.461117 3.747736 3.293097 -12.054990 -0.327260 -10.481356 0.859892 -8.008833 3.671469 -5.025334 2.158694 -3.455996 3.163767 -5.560270 1.759930 -2.665894 4.936987 2.368087 0.707997 -3.721795 1.094384 -3.644583 3.156101 -1.589210 -0.065894 0.245242 5.024588 -2.387819 -0.104778 -5.238855 -5.080057 -7.941586 -5.346586 -2.638318 1.252734 
8307018308728909973.mp3 :-76.302518 101.718852 -4.129946 48.289638 20.727877 14.546301 8.017214 1.454689 -3.265494 10.760133 -6.704475 0.631970 2.073836 -0.080119 -5.923185 -4.872438 -5.354745 3.224142 -5.640245 -3.416194 -5.093622 -2.265943 -8.313268 1.839150 0.267389 0.626026 -1.180308 4.375207 -4.359471 -3.544460 -10.192012 -3.374862 -0.397175 4.590299 2.332428 5.390342 -2.074039 0.869561 -5.210681 -1.868909 
8279726956022333846.mp3 :-120.831741 116.564057 4.684547 23.799915 10.636776 -5.320986 7.617130 4.326128 -9.640702 6.627850 -6.658959 3.156529 -1.264662 -3.647106 1.591960 4.281418 -8.627717 2.211006 -8.703845 0.269798 -3.408985 4.005995 -1.274127 -1.940192 -6.091495 -2.085885 -1.729452 5.120931 -2.191417 -3.745578 -4.159271 3.745466 2.916562 2.011984 -4.264014 -4.051582 -7.583159 -1.175025 -5.253254 0.096278 
