1330107469494866315.mp3 :-131.283724 107.229708 9.200786 18.653516 7.258063 0.900248 -1.560216 1.265570 -11.621564 1.610812 -12.716870 -1.625417 -8.560761 -3.927518 -8.060370 -2.680113 -4.710083 2.130852 -3.249805 2.071425 -1.262064 3.585804 -1.411579 3.251013 -2.864677 2.330502 -4.019394 -1.335052 -3.780433 -0.790776 -0.565067 5.784462 0.437114 -0.119392 -3.712906 0.158638 -2.286487 0.289230 -3.001616 -0.897652 
1336918174563965959.mp3 :-130.356197 91.988503 13.196408 22.154586 2.364568 8.032660 2.035853 8.281038 -2.487653 5.741724 -0.874856 -2.445998 -4.053983 0.240031 -4.072352 -0.374267 -5.302438 0.629798 -9.222941 -1.935424 -0.028917 2.025879 -5.637562 -1.338793 -5.337521 -2.203914 -4.081613 3.647549 -0.642678 0.116611 -5.721288 -0.556843 -2.083329 2.064860 -3.275144 -1.898653 -5.339596 -0.573267 -2.425347 -0.738104 
1336209623109683300.mp3 :-74.030581 94.708169 4.763520 22.077381 3.474406 2.997285 -0.269012 3.099001 -2.486294 3.856128 -8.493734 1.346071 -8.074313 4.101986 -5.079408 1.832730 -2.239760 3.499198 -5.122116 -1.133989 -9.078536 -6.246238 -7.478858 2.779574 -2.485775 2.564633 -8.655464 -1.302472 -3.223295 0.213714 -6.259406 -3.604924 -5.363352 2.705846 -0.261988 0.728379 -4.182336 -1.405579 -4.573430 -1.101306 
1337771284844479791.mp3 :-102.026799 93.987833 -4.287118 19.572128 -4.173099 3.173405 4.047725 -0.350018 -7.471698 -3.326467 -15.815913 -3.921677 -0.894358 4.274294 -1.449247 2.424846 -5.769013 2.720482 -1.772314 4.336108 6.092798 2.465950 -7.208681 -4.603201 -4.861923 5.191787 -0.247319 6.806430 1.758461 -0.323139 -4.984922 -2.740474 -6.313008 -1.789678 -6.479481 -2.560312 -3.708159 0.090560 0.162109 5.696643 
1287137016331889112.mp3 :-40.608954 86.566821 20.849400 28.754432 2.326852 9.383835 3.128944 6.292185 -7.169899 6.465791 1.475793 4.081734 -3.540014 2.007229 -7.008928 1.849979 -3.885800 -1.830470 -1.234961 -1.427837 -6.781312 -0.281127 -2.784308 0.698678 -1.060744 -0.828972 -3.797080 2.603195 -2.642648 2.063668 -3.258961 0.571901 -0.710563 6.637083 1.196087 3.148793 -4.259319 -0.414569 -4.581684 1.125987 
1338940743771137135.mp3 :-55.678085 94.328025 -3.160644 14.907451 -0.590268 10.168082 -1.211398 2.192833 -8.786221 5.906914 0.215218 -0.047903 -1.358249 1.985695 -4.712018 2.468522 -5.078722 0.359085 -2.395220 4.158296 -3.323501 5.989815 -2.247486 1.154831 -3.549592 1.341194 -2.991678 2.966807 1.843984 2.837725 -3.684904 1.882758 -2.430850 4.477730 -1.875146 1.199517 -3.303503 -0.742518 -5.637708 1.548550 
1304474823681347627.mp3 :-265.034840 125.243310 -1.681299 -3.406417 -4.574337 -8.996434 -0.051908 -11.144457 -11.450927 -5.689852 -14.101242 0.205093 -2.554314 0.508904 -7.256662 0.264269 -3.075919 2.295956 -4.630769 -8.539354 -7.069123 -1.907776 0.302955 -0.804509 -8.192575 -2.427055 -6.084791 -6.458070 -6.840501 -6.484678 -1.581530 4.664062 -0.563182 -1.356177 -7.556434 -4.597736 -5.278125 -2.067462 -4.760608 -2.612851 
1313963348476984246.mp3 :-134.956666 115.079686 7.207918 29.687489 -1.214402 6.930599 5.280239 -6.630428 5.871888 -5.369883 -6.118938 -3.782122 -2.064442 0.514564 -5.205130 0.976990 -3.362218 -0.401817 -2.326503 2.378802 -1.512775 2.748448 -4.058406 -2.663294 -1.509649 4.489028 -0.004529 6.383464 0.094193 2.282723 -5.952281 -7.187155 -7.914559 0.367876 -2.465455 0.667741 -2.526340 0.273159 -3.490161 -1.162996 
1287236042175109465.mp3 :-201.242629 113.738138 -3.473095 14.447332 -0.313739 -9.398292 0.601614 -5.419090 -15.758650 4.101812 -12.229638 0.317676 -4.538471 -6.423426 -5.617834 -1.642249 -3.797917 -3.452665 -10.060447 -6.298815 -4.589560 2.743716 1.632919 3.667750 -3.387102 -0.186107 -3.404968 0.623573 -1.067660 -1.480261 -3.481015 2.285277 -2.202885 -3.959670 -6.170403 -3.830325 -6.205498 -1.674123 -4.280794 0.162587 
1276611253557265397.mp3 :-263.158824 124.641971 23.680590 25.673880 12.724098 7.357426 -6.153674 -1.458942 -23.745421 -2.033795 -13.245766 -11.855621 -13.998619 -9.098600 -10.907441 -8.464951 -5.633801 -4.400500 -7.233900 -2.504907 0.698184 -2.275614 1.196802 -4.017001 -6.111985 -1.714046 -8.064352 -9.782862 -9.427465 -5.434917 -1.646769 5.699140 -1.442690 -4.969329 -8.833615 -0.733679 -1.566594 -4.496725 -7.328888 0.951464 
129365503107948589.mp3 :-133.956515 61.989355 34.373707 29.829071 4.561086 8.701154 -3.658373 0.158384 -5.600759 6.455780 -7.085039 0.264144 -12.183852 0.978805 -5.578888 -1.677879 -3.614159 -1.710186 -5.256995 2.979421 -2.300605 5.347584 -4.604568 -1.565609 -4.503744 -1.946734 -5.670547 2.009556 0.814727 8.545213 -1.999488 -4.828060 -7.198484 1.325682 -1.337218 1.537816 -5.244735 0.388536 -2.946493 -0.969021 
131834269142588543.mp3 :-348.781423 185.451588 36.913589 -6.301411 8.217352 5.150842 -4.478350 -4.752201 -5.189041 -8.320299 -7.143999 -0.174182 8.420984 10.959140 1.464931 -11.077579 -12.418142 -5.061583 -0.565842 -2.011326 -6.093378 -8.161439 -4.840383 -1.994342 -8.111324 -15.196352 -10.817422 -2.741980 -2.989093 -4.784124 -0.990241 -0.735676 -5.715821 -3.666421 2.674566 1.394196 -2.426486 -2.295176 -2.955537 -3.663541 
1291491388354245122.mp3 :-24.471533 105.411896 -11.216773 23.838269 -6.945675 0.222271 1.627763 7.167112 -13.200351 1.780610 3.126036 6.275812 -6.245001 6.468454 -7.803616 -0.880308 -3.156957 3.992490 -2.667950 3.882420 -1.727669 3.902119 -3.806280 3.145428 -4.327049 3.199496 -1.058044 1.749748 -2.810756 0.035182 -0.107368 4.005860 -2.303883 -1.456184 -4.053909 -0.268251 -2.723203 2.882418 -1.609789 0.780785 
1313084857267599766.mp3 :-221.393017 103.950397 6.802205 14.393111 7.902570 -2.368596 -2.154472 -0.631283 -8.931232 -0.006043 -12.548342 -0.736095 -10.639365 -2.127812 -5.180268 -3.018336 -6.961794 -1.305057 -5.776753 -1.729153 -4.730653 -4.106730 -5.807390 -0.873355 -5.844951 0.414987 -5.681397 2.179172 -2.285627 -4.670069 -1.877639 0.500685 -3.780531 -4.233864 -7.126616 -5.492659 -7.785498 -5.011434 -4.689165 1.671968 
1310050216026553228.mp3 :-47.527206 63.393993 14.840744 28.431899 4.848347 14.221012 1.839598 1.728597 -2.467355 9.787763 -3.056118 4.738997 -5.779507 -0.185119 -2.757124 5.451375 -0.548055 7.153418 2.634491 8.383635 1.528599 7.124137 -2.431198 2.560946 -3.126725 0.233954 -4.221483 3.710363 -1.283732 2.504322 -5.150578 -3.598031 -3.282179 2.083478 -2.663242 1.445968 -3.643150 -0.087723 -3.629301 -1.456754 
1324832632952041582.mp3 :-331.862335 104.947649 12.175602 13.698693 1.655589 -2.352890 -5.718541 -3.503636 -15.146854 -12.376895 -13.255744 -13.384772 -12.315542 -8.197828 -6.244666 -4.351727 -4.217369 -1.770779 -2.924923 -7.049722 -6.968301 -2.904981 -3.429260 0.963808 0.791499 -1.012630 -4.294202 -2.816861 -3.138469 2.908878 -0.837132 -0.739390 -0.890264 3.115412 2.546386 1.402212 -1.154265 -2.831393 -5.505290 -2.569199 
1310479037705883187.mp3 :-119.924090 72.204041 21.273397 22.140656 3.410385 1.030707 6.639347 3.536413 -6.754987 6.863031 -11.805819 4.999859 -6.063358 4.626944 1.803423 3.740840 -4.607366 1.727158 -10.651880 -0.893775 -3.915279 -0.659179 -6.152026 -1.642588 -5.390829 1.783609 -2.326880 2.960164 -3.553081 -1.532097 -2.967234 1.789138 -2.569734 -1.051586 -6.177668 -2.229473 -8.887591 -4.408072 -1.775951 2.920463 
1301308337449969909.mp3 :-139.725915 88.415366 8.473028 23.450188 6.858624 7.001394 8.600582 7.659709 5.508279 7.751234 -3.705742 4.964055 -3.502833 4.009031 -0.820189 5.033978 0.102883 4.616677 0.320779 4.302009 0.132942 4.619077 -1.114972 2.293490 -3.080263 -0.120550 -2.298457 4.144439 -2.448172 -0.714518 -2.924638 5.836033 -0.461601 1.271358 -4.505834 0.447736 -3.369871 0.930190 -2.743406 2.850972 
1331715266789303517.mp3 :-57.332561 69.731817 0.896499 16.470812 -1.203173 9.908442 -5.411435 7.155348 -6.989903 2.447896 -0.991130 0.741405 -2.298692 -0.623455 -3.207569 -0.096033 -4.685840 2.023033 -5.201953 3.410173 -2.231618 2.583556 -5.718325 0.786860 -3.013734 2.136265 -1.774090 1.881537 -2.991673 2.099260 -1.321023 4.555431 -1.953130 1.915755 -3.049882 2.166778 -2.251282 2.701814 -1.741977 0.555440 
1287790596375366159.mp3 :-26.227703 82.328058 14.543728 17.105475 0.435296 18.017629 -1.979000 1.161833 -3.014692 3.361587 -5.871115 2.462213 -3.952260 2.236014 -2.898103 2.766810 -1.147638 3.833610 -4.011597 1.002761 -3.743584 1.544864 -0.784493 3.746337 -1.162768 3.785328 -2.253890 0.514022 -2.082320 3.810101 -1.042790 0.619782 -4.814366 1.372906 -0.912550 3.192311 -1.150467 1.405777 -4.439424 -0.798139 
1326443826820194166.mp3 :-6.658427 71.028676 2.634920 15.005591 4.295227 9.808317 -1.810189 5.516184 -1.808714 10.611245 0.078946 3.420991 -2.195489 1.302988 -1.907761 2.250902 -2.835415 2.293854 -2.240595 3.105763 -1.411250 0.895582 -4.783648 2.246901 -2.390641 3.717355 -1.795057 2.829833 -3.085534 3.154571 -0.227310 1.146076 -2.917264 1.230827 -1.287259 3.469156 0.279211 5.153339 1.085193 0.864288 
1297202919792072140.mp3 :-202.274797 100.716113 9.151696 31.694672 -7.688985 10.092033 2.304593 -5.872575 -5.731233 -4.902256 -12.562105 -0.772645 -7.004502 -1.802561 -5.699657 1.538478 -4.086657 1.782831 -8.175882 -0.503323 -3.069726 1.284816 -4.044646 -4.731086 -5.715605 0.770051 -5.756470 6.555834 1.749132 2.821866 0.159522 -0.474218 -3.456148 0.535419 -3.551844 1.286217 -3.065208 -0.280052 -1.719893 0.253063 
1329062811600622558.mp3 :-184.777425 84.789178 1.417455 4.767532 -8.853043 -4.869293 -4.762733 -9.947115 -12.799420 -5.814158 -11.691631 -10.140558 -13.580419 -8.949499 -2.932984 2.490627 3.100194 7.834530 -2.244766 -4.711967 -7.632648 3.569682 2.559480 3.954446 -4.246129 -3.037702 -9.018449 -0.550797 -3.731659 3.501245 0.143700 2.684123 2.492536 6.336330 2.306255 4.596928 -1.471160 -2.918074 -6.076405 -1.389130 
1340484576461588633.mp3 :-104.266435 92.007845 20.002863 23.115782 4.385112 8.289503 12.841619 -2.453334 -4.731076 0.704351 -6.687765 -4.738160 -6.700660 -5.285277 -6.499929 0.126187 -8.063933 2.921327 -1.945944 4.732680 -5.374805 -5.271430 -6.955653 1.213811 -1.167428 5.745664 -8.768911 -2.403036 -3.799227 1.226600 -1.600170 -4.527702 -5.142916 -2.770367 -0.090093 5.099347 1.870858 4.960330 -4.608970 -4.164441 
1330097726689593977.mp3 :-77.636203 80.693180 -0.197810 10.688802 -6.262177 2.877263 -7.313448 0.412160 0.005946 -0.470320 -5.954875 -3.601455 -4.906127 -2.187109 -0.767183 6.037374 1.457683 2.386038 -7.127363 -0.189887 -4.139591 2.477211 -7.887040 -4.369722 -8.054654 -1.982086 -4.042445 1.911490 -0.038216 0.948141 -7.157129 -0.583929 -0.527495 1.533617 -5.932025 -2.666991 -6.823567 -5.776196 -6.721209 4.886387 
1334627907938557996.mp3 :-150.970585 122.710599 21.931621 25.478366 10.868631 12.632901 0.618684 6.512549 -5.516217 4.793122 -6.754006 -2.180386 -3.293029 -0.236234 -5.002420 -0.564254 -0.929688 2.848767 -3.272275 0.050929 -3.682663 1.662892 1.019536 3.571082 -2.396889 2.293260 -2.467132 1.813880 -3.188509 1.177534 0.518056 4.904409 0.358854 -0.508194 -4.514841 -1.802942 -5.862586 -1.398093 -3.906996 -0.423183 
1273504699587592953.mp3 :-195.333347 138.658839 7.427781 24.972456 9.980462 5.534993 -2.094009 -0.707999 -7.432708 -0.932002 -11.054954 -2.892515 -10.127472 -2.054593 -9.384411 -4.075723 -6.498389 -2.701497 -3.220264 3.220603 -5.169163 -1.513729 -4.711472 -1.149434 -1.494120 0.222739 -7.461283 0.051428 -3.540960 -1.730167 -0.977582 0.245026 -1.805023 -0.623716 -7.618220 -4.105686 -1.928724 -0.405707 -7.469569 -4.022380 
1300857927157308357.mp3 :-78.671253 74.877028 19.319470 23.983458 4.763678 5.977230 8.393783 -0.525099 -6.970607 12.737422 -8.382578 4.053227 -4.107671 1.809718 -6.216802 0.225500 -7.178300 2.180114 -6.203385 1.884095 -3.019748 0.582284 -7.024452 2.651370 -4.969065 2.856878 -1.060703 2.398014 -4.351267 -2.529645 -7.401263 -0.657845 -3.182956 0.912159 -2.738568 0.195779 -3.600139 0.779216 -3.764045 1.769810 
1290179705635896334.mp3 :-76.693686 75.820770 4.487307 28.078289 -9.448655 17.220341 -6.441201 6.461236 -3.054826 3.078102 -3.283882 0.728969 -7.212654 -0.314045 -4.653592 1.780985 -3.271832 1.515400 -3.722528 1.852890 -2.396079 -2.068021 -5.504156 -1.710523 -2.285002 2.041181 -0.932563 5.647953 -5.969369 -2.029134 -1.472098 4.206364 -3.183457 -2.962503 -6.122549 -0.987389 -3.893604 2.897104 2.161626 3.780789 
1334145713688740970.mp3 :-223.153880 86.823705 10.924775 27.314634 1.205149 8.193736 0.394909 -0.095617 -9.852917 6.413460 -7.811250 1.360966 -4.941701 1.210732 0.316084 0.983662 -0.262421 2.473237 -6.861080 -3.650894 -5.675544 1.301501 -2.923416 4.287360 -4.443289 -0.551410 -6.705512 -4.500672 -3.460374 4.932948 0.157453 -0.366725 -6.193880 2.574406 0.267808 1.904029 -1.676328 -1.400000 -5.813402 -6.024307 
1273243864683450183.mp3 :-204.562116 76.206753 14.227017 32.989808 19.700614 4.731936 19.031327 1.950776 -8.497551 2.488923 -7.061798 6.527718 -3.919670 0.979577 -11.493245 -8.246164 -10.612269 -1.569985 -4.740556 3.381224 -5.035588 1.167228 -3.027743 0.812442 -3.566640 2.375441 -5.660341 1.735824 -1.104091 -2.112111 -8.850167 2.803258 -1.615655 1.586447 -4.013152 -0.094092 -4.024358 3.273440 -1.807912 1.404374 
1320798307103710191.mp3 :-41.626311 84.427089 15.798409 18.462052 11.020853 15.480311 -0.754140 8.616771 -6.124426 3.812642 -0.522856 4.145688 -2.679638 2.785492 -1.989601 3.420903 -4.647905 2.325696 -3.828364 1.209214 -2.715837 1.323689 -3.826016 4.064066 -0.118009 4.476842 -0.593668 2.662436 -0.792275 5.153238 -1.655406 1.507236 -2.377173 2.480540 -0.261229 3.649303 -2.107585 1.250522 -4.757277 -0.803734 
126679312599543983.mp3 :-14.680226 51.939683 12.449711 17.067596 4.808508 11.831589 6.723596 8.627806 -1.572826 7.615624 -2.549247 9.125477 1.199545 6.299380 -2.849729 1.845337 -3.112621 4.227423 -0.887705 4.569310 -1.660051 4.356944 -0.949716 5.327590 -0.947898 2.045319 -2.175872 3.923272 -2.524376 2.519750 -4.265496 -0.594046 -2.595235 2.291301 -2.125341 2.446398 -2.730663 0.021956 -2.946143 1.609427 
1279273107903371015.mp3 :-166.284677 126.523926 -15.628636 6.966246 -14.665089 -7.040575 -3.198108 -4.257580 -7.165377 4.056874 -5.085018 0.700451 -12.119615 -0.056680 -9.994890 0.666018 -7.741587 0.444690 -3.502796 3.605159 -0.085662 3.332558 -0.878303 2.799013 -0.833432 3.574373 -2.344916 0.548452 -2.933223 -0.246624 -4.512110 -1.402657 -3.448812 -0.541284 -1.955414 0.105906 -2.389626 0.456247 -1.284801 -0.600816 
1281419533207312044.mp3 :-174.726533 98.539893 14.786763 25.819675 8.099084 1.538238 -2.251215 -4.656637 -10.361424 -3.080935 -19.420023 -8.064888 -10.248573 -2.539810 -9.547893 -3.360766 -3.087354 -0.947996 -2.857343 -3.758478 -5.887836 -0.837174 -1.609273 2.001422 -0.016842 5.747916 -0.796276 1.204406 -3.874720 -2.399742 -2.472681 2.378390 -0.309746 -1.249772 -4.316758 2.312150 0.688505 4.338630 -3.918897 -0.227856 
127408895710349919.mp3 :-79.713773 72.843358 -7.587177 15.540358 14.761369 5.431938 19.595623 5.153048 0.852464 13.666787 -4.332623 5.228138 -7.034911 0.187812 -3.419559 1.917049 -2.738756 6.507190 -4.005188 0.117057 -6.711303 -0.915573 -3.276869 -2.736494 -6.207739 1.556298 -5.946284 4.011953 -2.886849 -2.928701 -6.990426 1.524698 -3.015100 0.578491 -4.963791 -2.016544 -6.662441 -3.801962 -4.637471 1.587144 
1279953030837209477.mp3 :-137.391965 84.214099 20.855191 30.374857 6.274752 11.373943 3.238420 3.690810 -4.520383 6.284270 -2.402240 1.173606 -4.061824 3.498400 -3.755644 2.309213 -3.605706 5.125238 -4.386456 -3.738267 -4.607067 -0.638733 -2.410697 4.311377 -3.912582 1.718910 -3.218406 -1.173403 -8.374672 0.270355 0.383860 6.291479 -1.624399 1.573095 -3.273211 3.362943 -2.990808 0.035889 -3.394037 1.724573 
1301527308754677541.mp3 :-173.009863 104.437556 36.596510 29.245555 11.667995 13.099652 3.580106 -0.196283 3.913338 2.980787 -2.328841 1.555361 -2.143960 4.295401 -3.297373 5.673303 -2.429120 2.997490 -1.266602 1.355630 -2.089156 4.695147 -2.435071 3.177873 -1.437671 1.176829 -1.187671 4.969577 1.257852 4.667205 -6.099015 -1.879264 -2.315507 2.008671 -2.254367 1.159526 -2.418182 -0.915292 -4.084834 -0.318072 
1269560971370974473.mp3 :-156.830260 72.606129 19.144580 30.378657 3.682174 4.490446 -1.104031 5.003212 -7.314728 4.679123 -5.210863 5.648943 -1.451303 2.727861 -3.322478 2.464161 -5.629698 1.302259 -5.284833 1.299786 -7.034100 -2.450419 -5.057236 2.506420 -3.946569 1.301622 -4.797894 -1.151545 -5.443049 3.899103 -0.902349 0.758969 -3.129885 3.752139 0.289140 3.760204 -3.172820 -0.368000 -3.914816 -3.628248 
1286570352738699325.mp3 :-102.168986 114.542048 9.323205 32.175006 12.504715 8.745596 1.371974 8.289991 -6.120762 0.670987 -3.560406 3.776098 -5.380125 -1.588397 -2.884603 -0.971502 -1.791463 1.922974 -3.077351 2.337354 -0.245436 2.473687 -2.918308 2.736353 -5.103444 -0.205437 -4.371826 -2.255864 -1.216438 6.530823 -0.853579 -1.488129 -7.658048 -2.445755 -5.569832 0.675392 -3.204761 1.553861 -3.285170 -4.356221 
1301712676599936024.mp3 :-120.421110 111.128002 17.237335 17.287087 3.865087 2.417965 -5.251611 5.266906 -5.388131 -0.336306 -3.743008 -4.040044 -5.334310 3.121273 -2.821260 3.667825 -0.260704 4.507532 -1.636441 1.153584 -8.354726 -3.113326 2.033182 7.515988 2.371938 2.184568 -3.134827 -3.734686 -1.436417 6.906890 -1.822571 -4.296946 -3.891285 5.605443 3.032150 5.820120 1.603760 0.933210 -9.278209 -3.020619 
1314289124822088916.mp3 :-129.587231 98.223505 9.065199 16.893896 1.364900 5.432648 5.135789 0.470631 -10.047060 4.453987 -11.182470 -1.758512 -8.653719 -4.055036 -4.817587 -2.391012 -5.708431 0.953249 -4.601814 5.274984 -3.228217 0.180515 -3.593504 0.301861 -4.818538 3.243582 -5.316901 -0.748672 -6.879055 -1.147516 -0.666780 3.089819 -0.806294 -1.406468 -5.094460 -0.440817 -3.778359 0.359471 -2.673821 -1.076767 
132582765485671401.mp3 :-261.978321 113.588065 12.929390 12.410881 -2.530672 -6.053284 -5.167898 -6.211930 -7.037685 8.197773 -7.504799 2.238740 -6.185258 -7.226709 -8.212703 -1.627385 -5.815767 1.874602 -6.937323 -5.309881 -0.118890 5.193709 -2.478716 -1.394693 -6.563431 0.449173 -4.319279 3.502343 -1.518680 3.164843 4.519096 4.554752 -0.823509 -2.210384 -5.245422 -6.078053 -4.569819 -2.687495 -1.599294 0.921803 
1286997678351783859.mp3 :-92.514056 105.650637 8.209152 17.666840 7.721531 -0.816398 -2.386492 1.034175 -11.378568 4.191194 -3.697604 -1.510775 -5.967437 -0.381115 -7.727174 -2.325285 -7.340566 -0.682195 -5.138890 -1.970684 -2.729550 0.945164 -2.184266 3.625654 -1.907834 1.917928 -5.093327 -0.473054 -3.273048 0.713713 -9.091908 -2.680547 -3.556324 2.794358 -1.361276 2.333278 -3.272202 -0.340110 -1.330951 1.710285 
1302449464332903235.mp3 :-56.137110 60.611188 19.166528 40.284504 10.751151 9.383237 -0.206893 9.348149 -0.189328 6.722225 0.498992 1.846948 0.271295 3.126672 -5.641226 4.102220 -5.594596 0.287992 -5.974098 -1.728583 -6.513893 -0.888901 -9.182729 -2.211094 -6.401219 -0.272097 -5.377340 2.258689 -1.994135 2.172043 -4.159500 -1.342066 -5.792929 0.008242 -3.877154 1.017253 -2.877915 1.710369 -2.557457 2.246802 
1343990330226940581.mp3 :-37.856921 85.040287 3.177364 17.224176 -5.028065 11.646320 -4.785802 4.042463 -5.259437 5.061877 -0.959241 7.287336 2.932930 7.046027 -2.150802 4.239164 -5.521381 2.210394 -3.680764 2.235740 -2.079574 3.267393 -2.409916 3.304224 -0.882364 3.137224 -0.171141 4.606957 -2.091860 3.147495 -4.056106 -0.050209 -2.012431 3.130082 -3.200697 0.943824 -3.208141 0.975146 -0.816561 0.734751 
1277611040374918617.mp3 :-187.884338 97.556013 15.969210 33.275514 10.446598 8.726869 5.203485 11.596273 -4.517450 1.197380 -0.305331 -3.935297 2.659814 0.098434 -4.736429 2.977724 -3.036236 3.032736 -2.738411 -4.245069 -8.555390 3.408035 -3.272823 1.748924 -5.341236 1.226371 -5.059526 1.985389 -1.488863 3.000098 2.178322 4.140512 -0.564234 -1.422160 -4.435535 -1.262971 -6.623993 -4.098967 -5.355326 3.736392 
1306205522750651759.mp3 :-145.874655 125.946416 -3.791289 21.425025 17.268773 13.963501 -5.835279 5.552139 -1.712011 9.416938 0.053879 0.584577 -3.729254 1.129511 -8.627184 -2.374028 -10.180229 0.990272 1.189936 6.988002 4.434377 10.944011 4.149180 4.082944 -1.900448 0.331358 -0.334363 0.261526 -3.649406 0.105986 3.322548 7.052425 1.086909 -1.167265 -4.619759 -1.835472 -2.094811 0.318041 0.091741 3.437646 
1299382233568786041.mp3 :-68.031577 65.002202 19.079179 25.297917 8.419737 12.583368 4.851087 3.724305 1.830904 0.995640 -3.673328 4.495474 -2.109254 3.791640 -2.116859 2.596265 -2.469104 2.700377 -6.870785 2.719000 1.064251 3.431754 -6.806715 -2.310828 -3.924246 3.055082 -3.641985 2.326698 0.940675 5.311155 -0.933770 -2.461274 -6.885914 -1.035788 -5.119952 2.039560 -3.581485 -0.374084 -1.643201 3.991662 
1291160240776569864.mp3 :-109.045430 74.339371 8.704631 23.006878 8.663831 4.982028 4.185726 9.402320 -9.418448 8.945865 3.023252 3.405932 -1.916395 4.897905 -5.875942 3.339915 -5.480859 -1.169669 -5.104407 -4.012086 -6.691011 1.432401 -2.362025 4.196761 -1.223873 2.048071 -3.379636 0.244568 -7.652730 -4.761416 -5.510136 4.130397 1.071557 6.044212 -2.289710 -0.147904 -4.574793 -1.092063 -3.305520 0.931407 
