3766171166514034439.mp3 :-96.951444 83.727679 5.238626 35.075874 17.580237 7.434417 6.722085 15.481177 -3.264019 1.641692 3.695030 -5.461225 -2.939020 5.474179 -2.651873 3.484183 -3.982213 -1.474188 -5.133763 -2.173510 -6.667216 1.241466 -6.576769 -2.857213 -6.455869 -0.252642 -3.507999 0.276229 -0.081386 -0.760283 -5.612747 4.034217 -1.943878 0.852801 -4.608107 -1.940013 -7.398787 -2.045265 -4.628533 -2.356508 
3748005430869403086.mp3 :-143.954268 84.380950 35.213125 20.999018 11.721769 9.061395 10.357631 -0.277517 -3.055743 4.664103 -8.623537 1.557016 -5.427927 4.835194 0.197826 3.558170 0.557821 4.354738 -5.520454 -2.484386 -1.826585 6.716107 4.025809 4.183780 -1.950439 1.984557 -4.009820 3.439958 2.730358 5.135997 -5.157812 0.140238 -0.228017 5.121049 -1.824623 -0.234025 -4.176621 -0.787007 -7.263211 0.881615 
3796485099021521715.mp3 :-52.004068 95.525921 12.401094 23.524207 5.519607 4.661741 0.343939 0.013275 -8.928889 5.625661 -3.017124 2.291963 -2.765983 2.679935 -1.230157 0.886905 -3.939035 3.676491 -4.509118 0.469629 -3.534101 1.830159 -1.785976 3.931634 -1.849979 3.067465 -2.641771 1.707914 -4.285904 -0.368653 -1.288857 5.925819 0.685145 1.812974 -3.375745 0.644580 -1.969862 1.853604 -1.740558 1.416609 
3750192352918627620.mp3 :-164.263093 118.727476 36.104449 25.772552 4.946388 5.643904 5.355729 0.046362 -9.420526 3.190777 -8.803294 -0.228986 -5.544517 -2.483237 -10.428126 -2.943610 -4.845323 3.007037 0.034877 5.177521 0.670051 3.212324 -1.365608 2.194419 -1.852661 6.086469 1.497607 2.928815 -4.161948 -3.530137 -10.975268 -1.910814 -1.609897 1.027485 -2.215652 1.273509 -1.014918 2.364591 -1.741396 0.683384 
3787589857475191201.mp3 :-37.790604 75.653323 0.935829 16.642716 0.945389 15.387682 -5.077772 5.141942 -3.753702 3.130458 -0.792965 2.291506 -2.104877 0.287549 -3.067437 3.177216 -4.205749 3.761058 -6.724559 -0.358957 -3.429749 0.686080 -3.533581 2.261227 -2.805550 2.062478 -1.637270 2.108887 -1.897589 3.238923 -0.448450 2.872074 -2.104538 2.024563 0.018617 4.723470 -0.530009 3.056341 -4.239942 0.820687 
3793670957913414980.mp3 :-86.247221 90.651196 27.618673 19.038003 5.684416 6.122406 7.480289 1.093658 -4.251965 1.371897 -5.923389 -1.448978 -8.744992 -1.574928 -6.199340 0.030647 -7.209045 2.126933 -4.683400 2.471832 -6.526610 -2.180882 -2.333228 5.331897 -0.228886 5.097343 -4.247605 0.266260 -2.647011 5.831651 -3.621150 -3.808316 -3.830009 1.739850 -0.675164 4.655092 -0.669436 0.885935 -6.348090 -3.847446 
3797254210740485145.mp3 :-16.789539 73.276876 15.605091 15.820715 -0.417847 2.426561 -1.967781 4.204169 -9.512395 5.517215 -2.313562 -0.604017 -2.903913 -0.195688 -4.379348 0.445565 -4.423488 0.756763 -4.996400 0.935521 -2.782595 0.987635 -8.689354 0.178880 -4.575331 -4.252734 -1.923328 1.210097 -2.234459 3.610891 -6.395087 -0.045159 -2.281088 3.352664 -4.080986 -0.027614 -4.451630 -0.863912 -5.546179 1.070396 
3755877406554266285.mp3 :-81.195595 76.539154 9.211873 19.502135 3.688491 14.105961 0.654056 2.137402 3.464693 7.057513 -1.631617 3.865925 1.995549 5.559989 0.642210 7.076009 -3.172539 4.061463 -1.250939 6.193018 0.114540 0.544178 -5.320932 -1.895231 -4.383096 1.451361 -2.748130 3.438946 -0.365661 1.009639 -4.837317 0.220167 -2.883295 2.218498 -3.206130 0.872061 -3.768233 1.380502 -1.314142 2.152892 
3777067809138382219.mp3 :-84.301112 94.573272 8.632820 27.759387 11.530866 9.249276 1.562202 5.513659 -2.291033 3.347992 -1.992869 1.865820 -7.342776 -1.399570 -6.843961 2.573508 -4.509646 4.907995 -1.545828 6.375198 0.732640 2.547604 -1.924794 0.881448 -1.847781 1.427067 -5.632705 2.321674 -0.687269 0.075984 -6.250876 -0.445660 -2.216988 2.429092 -2.656978 1.797391 -2.607534 0.444639 -4.690741 2.317499 
3775431738702805478.mp3 :-170.763304 107.019520 -2.358129 19.157608 -2.161245 -5.156688 1.384945 -4.233423 -9.642307 1.889467 -12.332995 -0.929806 -10.271184 -2.833528 -4.926320 -5.000458 -5.933849 -0.013482 -3.641301 1.704799 -1.527813 2.744824 -2.565000 2.018030 -5.565773 1.465591 -2.656949 0.635208 -4.194249 -0.258242 -1.372486 2.954247 -2.927855 -0.636849 -1.698207 3.123764 -1.073185 3.331500 0.971171 0.285895 
3762464037116380988.mp3 :-90.862041 113.645346 -4.553477 27.655119 -7.927220 8.101405 -3.551290 9.116200 -14.367044 8.339715 -1.890728 -2.610271 1.908891 1.189329 0.402585 5.549896 -5.579368 1.853954 -5.932899 2.603886 -0.948689 3.681028 -4.003515 1.130820 -5.789524 0.809577 -4.287566 -0.990972 -3.542238 3.766078 1.103790 -0.065716 -6.905893 -3.254616 -4.344537 -0.407239 -0.168904 3.183646 -2.740973 1.381331 
3753920641281024306.mp3 :-104.307152 107.402072 3.927525 26.311324 -0.204806 9.710609 9.617215 0.610171 -2.888523 6.227785 -4.704816 2.971110 -6.360612 -0.324656 -4.031386 3.794765 -2.390897 2.344081 -3.668800 3.891295 -3.306373 2.730544 -5.253516 -1.423932 -3.763351 1.197999 -3.725064 3.534628 -2.054862 -1.926372 -4.491143 0.654657 -1.297467 1.706766 -2.943452 -0.461342 -4.526940 0.122668 -1.586590 3.893008 
3789080618003486904.mp3 :-127.946648 97.131654 22.905931 36.969968 0.660646 10.553992 -1.457962 7.162829 -3.426606 0.845719 -1.793964 2.934754 -5.092360 -0.013197 -3.803072 0.158881 -7.275047 0.504139 -4.980686 -6.791722 -8.823292 1.865050 -4.398430 1.926314 -4.529906 -0.827661 -6.233237 -1.515568 -6.025072 1.651580 2.224981 5.723935 -1.424978 1.616432 -4.181677 -0.886807 -4.483919 0.478250 -3.225606 1.457838 
3762092770264423123.mp3 :-147.225674 100.108468 -1.024453 29.703479 0.866603 9.068763 -1.088231 7.901250 -3.519978 5.812497 6.194869 0.389521 -0.581935 2.200392 -0.451155 7.869867 -2.133935 5.364516 -2.823061 -1.361558 -5.582022 -1.611003 -7.925146 -0.135522 -5.045452 -1.578845 -5.006715 3.783462 -1.534906 -1.793081 -4.590547 0.694306 -0.751274 0.685707 -5.353530 0.174673 -2.233325 -0.004612 -4.200549 2.841437 
3775428764701022579.mp3 :-77.844556 84.815645 13.637014 19.559797 -1.146160 9.238980 0.925427 8.942701 -6.244782 4.713368 -6.781761 3.922515 0.187474 2.892587 -2.446947 2.278976 -5.760686 2.950406 -4.030073 -2.550757 -7.365547 -0.984188 -1.741435 5.320791 -1.668053 0.810638 -3.417454 -0.720948 -6.024524 4.813865 -1.593700 0.377021 -2.715458 5.233605 0.541112 4.088724 -1.156509 1.713587 -2.760078 -1.363447 
3789993876156712904.mp3 :-163.914531 87.619116 14.810744 25.020975 3.759544 -0.377269 -3.893496 -1.905702 -10.033788 -0.093593 -12.547382 -9.076427 -8.915861 -3.959322 -6.351170 -1.619037 -3.709707 -0.595859 -7.010007 1.482448 -8.978781 -1.981852 -2.154030 1.250111 -4.491518 2.114199 -5.178464 1.542389 0.527614 0.558913 -4.521801 -0.385967 -3.479598 1.373573 -0.060908 2.311488 -2.719838 -1.366317 -7.034286 -0.530158 
3754194339716810842.mp3 :-274.717679 127.305924 35.221595 25.066068 15.505836 1.377469 3.262999 10.905307 -9.540533 6.572138 -3.604504 -3.855656 -5.286675 -3.669094 -8.431288 -4.197138 -10.394093 -5.449972 -5.107719 -7.056693 -7.085328 -2.056453 -1.332855 0.049216 -1.662955 -1.786520 -2.123254 0.319842 -4.078221 -4.109055 -4.723404 -2.192606 0.138540 1.205516 -3.227269 -4.203791 -5.904591 -5.235885 -5.311450 -3.714763 
377757374069245443.mp3 :-130.501541 63.650573 12.804937 29.495094 16.224771 13.648029 3.901667 1.689272 -7.825495 -0.581461 -5.552392 1.966990 -3.839499 -0.391440 -4.300452 2.894398 -2.070638 7.391765 0.654660 5.866905 -1.713303 0.205441 -8.306354 -2.049196 -5.068960 4.250119 4.219994 6.560114 -2.711243 -2.007219 -7.076735 0.325940 0.142346 5.151349 0.033894 1.521733 -4.249873 -0.168432 -2.848892 0.851362 
3758888126475541772.mp3 :-165.555660 111.220338 17.698624 26.676910 7.858236 7.130379 -4.900501 2.936036 -13.804881 2.424070 -3.007711 -8.185934 -5.373482 -1.705133 -6.184111 0.713123 -8.251554 -0.424173 -5.166334 -1.375428 -7.784904 -0.622236 -9.679946 0.702711 -5.107677 -0.050922 -3.154633 1.638095 -2.881224 -1.018192 -2.147582 0.523641 -2.593856 -1.128512 -3.329743 0.210098 -1.313442 1.971623 -2.786124 0.356432 
3755196581588814781.mp3 :-70.284749 70.849265 -2.047937 23.163871 0.332474 26.853256 -2.105814 6.146288 -0.421265 5.332353 1.737683 -0.330407 0.350060 -0.068537 1.701008 5.735538 -0.207695 6.868535 -0.666382 6.669333 -3.585808 -2.786903 -7.699865 1.501237 -1.716936 1.327240 -1.551021 1.471793 -5.973534 -0.442340 -0.764677 4.397622 -4.103297 -0.997359 -2.950720 1.660493 -2.369479 3.343281 2.305127 2.285122 
3772562522768889640.mp3 :-86.105825 107.531732 9.598803 17.479168 4.009680 11.099029 0.862511 6.956130 -5.381234 6.758367 -1.207967 -0.777227 0.838257 3.998050 -3.650400 5.103350 -4.963188 1.963656 -2.382401 3.404916 -0.464939 2.800919 -2.363657 3.429787 -1.073797 1.038309 -0.092721 4.353359 -0.820941 2.302801 -2.645637 3.053385 -0.126072 3.835834 -3.860741 0.125161 -3.876015 -0.322067 -1.897513 3.505157 
3772444617024562294.mp3 :-151.499631 96.350251 1.445576 38.866120 8.358345 7.396134 2.858479 4.856409 -2.977992 10.837316 -11.936964 1.983566 -2.273646 0.662464 1.164016 1.587206 -2.296266 -0.121559 -2.562638 3.634963 2.361763 -0.262090 -4.090699 -2.940365 -3.131992 3.411845 -2.150848 3.890828 -1.473027 2.276585 -0.234279 -2.777207 -6.532501 -0.929497 -2.083279 2.740895 -0.833328 2.207199 0.610586 3.736247 
3754090156982215861.mp3 :-110.030901 100.016846 22.945425 31.557359 1.904506 -1.261486 -7.319330 7.246195 -13.243809 4.618552 -9.488777 -2.915101 -7.485819 -3.083485 -1.228396 -1.279220 -3.799947 -0.120603 -3.680703 -3.989348 -2.177211 -0.780121 -2.460289 2.685221 -2.864082 0.777412 -2.729402 2.075015 -0.842237 4.714834 -2.491010 3.891286 -1.680254 2.634451 -3.119429 -0.445543 -5.304765 -4.379220 -7.569281 -3.377471 
3772131052973013935.mp3 :-145.415065 113.990994 6.409145 24.692581 -0.386335 -1.049120 -1.962682 0.525339 -15.444673 5.947409 -10.963767 -1.914513 -7.846713 -4.159968 -8.217569 -0.965139 -9.449308 -0.974791 -6.827441 -5.183319 -10.993582 -4.076072 -8.209501 -0.939208 -1.942151 -1.013529 -6.536292 -0.765022 -5.238748 0.393091 -2.214212 -1.478761 -4.925255 0.836098 -2.577767 1.869607 -2.315356 -2.042464 -5.806682 -3.027686 
376939175724405853.mp3 :-166.396167 59.433320 27.885747 27.969320 21.568994 7.121862 18.107635 2.292644 -3.502354 10.720322 -11.453761 6.155058 1.097787 4.242417 -2.168481 2.521019 -8.520202 0.697428 -2.355504 4.650563 -2.807079 1.196558 -5.558838 0.259992 -3.441450 5.565943 -2.996713 2.466406 -0.978349 4.472946 -1.545650 -0.198518 -8.356165 0.479472 -1.989427 1.809249 -1.009946 2.337015 -3.074856 1.433327 
3784555453845772858.mp3 :-152.457343 65.741528 4.763938 20.084386 5.875931 -1.181688 1.532507 -0.751469 -4.927109 0.835742 -5.382510 -2.606719 -12.205791 -5.054421 -11.102018 -7.788833 -7.337143 -1.720939 -0.351510 4.163196 -8.104370 -4.230597 -6.316232 2.408865 -2.539614 1.259684 -8.545881 -2.154925 -5.060863 -2.996363 -10.964679 -3.336759 -2.248459 5.856492 1.971813 3.894441 -1.886324 0.806783 -3.910828 0.118177 
379535300591932839.mp3 :-8.410953 65.757643 9.220191 19.182971 1.737939 10.210219 -0.176748 8.303374 -4.701872 3.074911 -4.173327 4.061418 -1.812875 2.843564 -4.322347 2.851535 -5.032172 2.472018 -3.848510 -0.103989 -1.919404 5.383969 -3.336911 3.990405 -3.079459 1.367774 -3.341100 1.653750 -1.584125 5.852513 0.047159 1.361489 -3.558616 0.612633 -3.082999 2.109656 -1.617603 2.661387 -2.750225 -0.591795 
375432576821115049.mp3 :-91.589223 90.988937 12.498457 34.281757 3.091997 6.142911 -0.201982 7.701944 -7.704022 5.926700 -7.273593 -3.041992 -3.905141 -0.869377 -4.019300 -0.025601 -6.089460 0.599331 -6.158954 -0.873224 -2.561531 -0.444271 -4.577911 -0.764167 -4.115598 0.047751 -3.609980 0.377971 -3.670687 0.947195 -1.438696 2.811025 -1.561704 -1.430327 -5.130080 -2.054937 -3.713070 0.443118 -3.141851 -0.005629 
3754408023743748795.mp3 :-31.207798 91.510484 -12.663106 37.146339 2.411421 3.218435 2.259353 6.182889 -3.266556 5.023207 -4.792960 3.545057 -1.661598 -0.498678 -1.958455 2.947471 -2.789648 3.560533 -4.084572 2.362329 -3.659541 0.812400 -5.745347 -2.620125 -5.033472 0.124991 -3.579439 3.479213 -0.464753 0.836978 -8.672498 -3.243579 -2.833628 2.333557 -3.187618 -0.986948 -4.437344 0.645393 -4.736719 0.689150 
3780388496643445715.mp3 :-179.881812 95.949073 -9.671645 19.692277 -10.382091 1.016646 -8.945256 -3.925600 -15.726375 -11.491172 -8.884287 -6.875622 -11.062987 1.479481 -9.559795 0.787986 -11.458020 -0.015207 1.288991 2.913283 -6.594920 -1.871154 -3.119770 -0.619412 -1.763783 3.283986 -9.397339 -7.386856 -9.065216 -0.908670 0.972689 8.696714 0.896134 2.075243 -1.799589 -1.494994 -3.556287 -2.194462 -5.031289 1.097649 
3794027260403295753.mp3 :-58.590094 70.098429 -5.212213 21.073345 5.271589 11.356228 4.585798 7.770490 -2.410939 4.140745 -1.707632 5.281542 -2.001409 1.642669 -4.759859 0.695222 -6.202049 -0.161976 -6.468039 -0.841782 -4.477650 2.291728 -4.589678 -2.215660 -7.675351 -0.533194 -2.111263 1.090106 -3.372152 0.886582 -3.847686 2.099408 -1.735269 0.854489 -5.040366 -2.634242 -5.274357 -0.585204 -0.747515 0.978000 
3767686096576224183.mp3 :-25.997501 59.224748 0.884870 19.973994 -1.720300 18.905979 -1.041286 8.592833 1.502229 9.334027 3.192731 6.820374 0.490331 6.039405 -0.836098 5.962344 -0.446314 5.917900 0.191568 4.705049 -1.682184 1.651185 -4.150725 2.204978 -2.473487 2.242724 -2.337893 1.456985 -0.509004 5.257334 -0.999308 1.381706 -1.749221 2.555903 -0.369147 4.860921 0.752783 3.457507 -3.658725 1.013786 
3743092723121813352.mp3 :-77.330919 83.226271 -6.152885 6.405703 -6.043283 9.023523 -0.363352 2.115757 -2.520111 5.749416 -4.520768 4.903749 -6.472698 1.810710 -4.945895 -1.357718 -2.822875 -2.343506 -5.213475 -1.047845 -5.432957 4.841360 -4.218107 4.881315 -2.932937 3.925505 2.000026 2.168917 -1.769776 -4.464901 -4.564767 4.216882 -0.844162 3.277573 -6.737667 -1.664959 -5.092797 -4.580488 -6.228654 -2.961540 
3759159543331112446.mp3 :-147.738905 109.363118 23.812255 42.943538 3.209555 8.737075 4.914776 1.497496 -4.245017 3.737779 -11.143536 -0.187785 -4.604325 -3.269299 -0.360737 5.761506 2.459702 12.107031 -2.957501 -2.930122 -9.753515 -1.529062 -1.348138 1.951989 -2.471148 2.166880 -5.075700 -1.156931 -3.907674 0.326202 1.391843 2.510319 1.515162 3.560235 -0.146809 3.339659 -2.162912 0.921235 -3.678192 -0.483645 
3740518309914342134.mp3 :-192.436352 98.231487 -9.042197 24.104536 -4.681458 6.079163 4.141822 -3.677974 -2.610338 5.908392 -7.797779 5.991496 -6.966578 -0.674914 -5.027415 -4.368598 -5.119058 3.047503 -1.923508 9.892083 0.551695 -1.493009 -3.268259 3.010948 -1.322487 4.457665 1.677447 7.482128 -0.269151 -4.587613 -7.750788 0.306256 -0.134791 1.572526 -0.932540 2.859020 -2.792660 0.249329 0.015622 6.468436 
3756217156410328655.mp3 :-92.599877 89.358976 8.923501 21.056054 17.209246 4.401213 8.115929 12.577774 -7.618033 4.860601 -3.131325 -5.281872 1.153717 -0.617741 -4.679697 -2.790929 -7.260081 -2.983967 -7.310601 -5.716657 -6.213788 1.391027 -7.566155 -2.273047 -4.767599 -1.145507 -5.760388 5.232574 -0.891956 2.070987 -4.758501 1.973710 0.615461 4.056042 -3.226745 -2.174676 -7.702859 -5.086537 -6.565070 -0.253438 
3802057325425708838.mp3 :-201.281406 107.759679 8.159652 30.377530 10.692340 7.657347 -2.191131 1.870074 -11.393123 0.466964 -2.807328 -2.183084 -0.171013 -1.651986 -6.339345 1.573262 -5.644906 -0.662529 -4.879149 -5.405766 -4.790254 2.477921 -1.495177 -0.483579 -3.755299 -3.625063 -9.555664 -3.714933 -5.975919 4.140060 3.362047 1.803453 -5.872994 0.907668 -4.456900 1.070092 -3.617680 -0.981546 -2.980166 1.644321 
3785707991986734965.mp3 :-121.902921 63.872666 -4.613775 23.931064 2.769541 11.746066 0.496474 9.574316 1.568603 11.819006 5.169289 12.086056 1.649116 2.860133 -3.257619 2.581671 -0.068052 -0.437346 -6.791056 -2.865057 -2.234094 4.067700 -3.907435 -2.106239 -5.841652 -2.946668 -8.117390 -2.651275 -7.644167 0.589980 3.899941 6.340207 -2.847838 1.757304 -3.060560 -1.349135 -2.157938 3.416352 -4.541657 2.237021 
377717601229870250.mp3 :-118.258805 90.886245 9.082137 22.284903 3.527489 2.602837 8.246488 -1.445622 2.020466 3.004269 -10.795000 2.820472 -4.659149 4.760780 -3.179546 3.822517 -0.937257 5.973034 -1.817208 3.543346 -9.016909 0.631931 -2.174044 4.095266 0.291604 7.010871 -2.830704 4.868960 -5.007133 -1.735845 -1.963497 2.781113 -3.610672 -1.129005 -5.277477 -0.679658 -4.913959 -2.746474 -5.513688 -1.797688 
3762331010404557930.mp3 :-129.606419 101.695574 7.326448 26.315295 -3.801748 9.143853 0.899241 -4.912144 8.835290 -3.394774 -3.446157 -2.832490 -2.977327 0.789435 -2.752117 5.411161 -5.802311 5.191076 -2.599356 3.709466 -1.114514 0.030119 -2.815292 2.328580 -0.673971 2.180862 -3.845824 3.281855 0.814671 3.682594 -8.075388 -5.034842 -5.416663 1.018931 -2.186316 1.591881 -5.863917 -1.865190 -6.146102 -0.165768 
3760268295528774638.mp3 :-80.952016 75.435824 5.759950 24.719295 0.381498 9.448962 3.540728 -4.828448 3.431634 -0.146667 -4.621240 2.543670 -5.378560 3.399170 -0.994588 7.028527 -2.555991 4.703281 -2.891800 6.275164 1.998759 1.710171 -5.379006 -0.849618 -3.215902 4.962606 -3.546703 4.719116 0.131577 4.913968 -3.194112 -1.436083 -3.815665 -0.418054 -3.991384 2.136222 -5.284400 -0.177519 -2.508182 3.458333 
3786319122138940269.mp3 :-190.254693 60.832930 13.637913 27.875480 18.038822 13.067458 13.137118 9.034824 4.192471 17.345039 -3.323983 3.714103 -7.072411 4.903395 -5.199047 -0.414391 -4.570756 5.224227 -2.819268 1.578635 -7.642093 0.316475 1.252044 4.356579 -2.761466 3.278654 -7.049365 0.318080 -4.911321 2.031331 -1.178755 -0.058176 -6.217017 3.904332 -0.813855 1.451826 -2.489513 0.640725 -4.240210 -3.378968 
3784454972174673154.mp3 :-272.529515 86.146888 4.656945 26.593342 -5.215899 8.745646 6.441160 -6.918588 4.817113 -3.213948 -7.963963 -0.474861 -8.118788 5.634056 1.977532 6.607032 -3.079297 3.652058 -3.145631 8.372251 3.794759 1.326007 -8.735599 -6.153291 -4.620410 1.859129 2.489822 4.430139 -1.393944 -3.370695 -1.141481 -0.704733 -3.200573 -2.769876 -7.453949 -0.645366 -5.835621 0.804713 -0.690388 8.294924 
3754196303017968820.mp3 :-173.622059 124.934864 28.719543 32.728738 8.704604 -0.719902 1.217945 7.660008 -9.396686 -2.811661 -9.232280 -6.759553 -7.594952 0.095903 -5.496468 1.576875 -3.156674 -2.857693 -4.531263 -0.757408 -8.563186 1.905556 -2.015721 -0.646136 -5.292303 -3.185814 -7.962448 -1.665295 -4.317550 -2.339119 -4.037024 0.948282 0.552023 3.594729 -2.542508 -3.044708 -7.881827 -5.031856 -7.205158 -2.544144 
3746553636654280114.mp3 :-90.465719 93.268899 31.109884 22.929865 5.921169 0.432726 13.288739 -5.734884 -2.887135 3.373649 -16.782529 4.116880 -7.238881 4.293748 -0.566164 3.375909 -2.246869 1.046104 -7.544868 0.838086 -6.507286 3.510888 -3.088233 1.475103 -4.436312 1.346839 -2.596778 4.579076 -1.070693 -2.052046 -4.729686 4.695496 1.519081 1.068676 -5.973020 -3.186215 -6.369211 0.012795 -4.143497 2.150642 
3778733346945163515.mp3 :-95.379828 79.441886 -2.639435 34.639307 14.244144 11.120733 1.830533 12.829894 -14.818042 2.836468 0.812884 -0.287116 -3.946480 -2.441383 -5.582250 -0.819477 -7.020717 0.789791 -6.169423 -1.364189 -7.096125 1.009857 -6.499577 -2.523899 -5.828780 -0.100853 -7.168989 0.541142 -4.356143 1.155118 0.280469 5.999619 -4.529014 -0.695239 -7.341505 -1.645472 -4.125478 -0.559110 -3.960371 1.302535 
3780748058054079874.mp3 :-64.147860 51.280357 9.784816 30.729329 3.818329 4.514204 -0.496267 7.038306 -10.122676 5.507052 -9.424782 -1.930148 -9.543659 -4.830579 -9.231712 -2.443844 -11.521341 2.063220 -10.488277 1.162312 -5.600785 3.650721 -2.806414 1.506954 -3.437836 2.822030 -2.494115 5.198707 1.007826 2.842530 2.057525 7.342552 0.457783 1.177776 -2.715444 0.963074 -3.419759 0.929556 -3.130226 3.369881 
3793495521871459932.mp3 :-79.691124 110.021543 9.895220 26.792828 19.592122 4.581769 2.563206 6.036949 -8.366220 -2.975270 -0.982690 -3.258589 1.661674 1.143145 -3.408799 5.121832 0.254509 -1.269919 -0.669911 3.035589 -6.556961 0.749650 -3.517943 0.110337 -5.959996 1.276953 -5.284314 3.688336 -0.084413 1.197045 -4.700626 1.020151 -2.281935 3.800442 -1.397226 2.774851 -2.184297 1.714081 -1.027700 0.917075 
3786376720085448339.mp3 :-47.184784 93.816455 -0.572529 25.992107 -1.456295 19.929723 -0.057733 -0.960925 0.569627 -1.026927 -3.871407 4.401429 0.056136 -0.030886 -0.359740 3.684556 -3.372687 4.440968 -3.904692 4.718091 -1.579444 2.641959 -6.963016 2.044636 -0.308207 1.757989 -3.162713 -0.469637 0.918708 5.418829 -5.870145 -1.985852 -3.101903 4.919954 -0.572965 2.172514 -1.549386 3.171671 -3.779508 -2.654000 
3740022928570943583.mp3 :-167.175134 77.825273 14.863029 37.370561 12.640404 12.484349 9.981872 12.234453 -3.346758 10.350920 -9.662648 -0.093412 -7.198033 -3.436991 -6.218071 -2.046017 -4.520789 -1.175186 0.012035 0.223486 -1.412421 2.084244 1.962403 4.915538 -3.304694 1.014371 -5.770487 -0.072820 -8.584117 -4.297506 -5.486366 2.827240 -1.317237 2.816429 -2.140611 0.755693 -3.353770 -1.248347 -3.249050 -0.527823 
