4893132696001237176.mp3 :-100.387056 83.713601 4.894552 27.529496 2.481924 9.242402 3.942675 1.012344 0.229834 2.439623 -4.951966 3.318190 -1.494706 3.705369 0.882861 4.527857 -1.535147 6.319521 -0.693619 4.190624 -3.456864 3.344898 2.029761 5.971339 -0.370459 3.962625 -2.875019 3.450013 -2.828359 -4.320358 -7.505847 1.943655 0.870799 4.337379 -2.275321 -0.443081 -4.923219 -1.553559 -1.781131 0.523724 
4927805976123218837.mp3 :-90.652600 68.122369 8.976772 29.331836 5.507983 13.448387 4.280391 7.707100 -4.445438 7.659812 -8.807940 1.689508 -5.026502 1.495094 -5.346981 -0.571857 -5.652897 -1.908229 -7.885095 1.674263 0.070066 5.875008 0.958606 1.232942 -6.364820 0.339841 -2.532841 3.863827 -0.420255 1.806393 -2.838776 1.738249 -2.344172 0.128481 -4.864124 -0.502346 -3.285680 0.285791 -3.919610 1.796362 
4950648679777012252.mp3 :-153.294023 100.216517 1.543131 19.402284 6.623846 1.929196 4.229551 0.636483 -14.148769 8.358280 -6.108714 -8.220694 0.398751 -5.652920 -2.626948 -1.774758 -5.170316 1.525488 -4.857300 -2.420585 -7.157290 -3.361520 -10.327153 1.018323 1.803608 4.833080 -1.486573 -0.930821 -6.904792 -0.533062 2.084763 4.726092 -0.164435 -0.001220 -2.172774 3.152675 2.572157 4.093843 0.262429 0.942496 
4882966603393165134.mp3 :-157.930905 96.206156 38.593148 35.467544 18.635707 11.367438 1.307245 0.335778 -5.953444 -0.538907 -8.487135 -3.688671 -6.072392 -0.784859 -5.678352 -2.084859 -3.470361 2.479648 -3.041483 4.443315 -3.843539 -0.996965 -2.527716 1.388513 -2.847981 3.813930 -3.463370 -0.085293 -3.093164 -3.138121 -6.885689 0.600108 -1.878256 3.123499 -2.073422 1.633914 -1.878953 2.840018 -0.557819 0.851878 
4928211747999260998.mp3 :-47.252556 82.876842 3.041269 29.128214 1.402710 5.236748 5.127945 0.156680 -2.060890 6.941428 -5.170837 4.599691 -2.441145 4.331571 -2.033309 4.545015 0.006792 6.394211 -2.862337 -0.090889 -4.545403 5.606670 0.217774 4.125301 -3.172180 2.017261 -4.227770 1.615875 -2.893647 1.615927 0.144283 6.767538 0.773582 1.479106 -3.425850 -1.185610 -5.709128 -0.581204 -3.778849 -1.445199 
4895078346220768332.mp3 :-229.753755 146.917700 -5.298541 12.476889 6.216291 0.863158 -2.380911 -5.035988 -10.252385 -3.357138 -6.324156 -0.952616 -7.356721 -4.659505 -6.403006 0.593631 -3.211828 1.042110 2.777772 4.065599 -0.387865 -0.721609 -2.198086 2.257268 -0.312920 -0.005598 -3.429263 -2.305696 0.176692 -2.807998 -14.015619 -5.783953 1.330889 3.619780 1.359497 1.092147 -3.229594 -2.991769 -2.043757 0.032098 
4908662867925614263.mp3 :-185.154260 115.895211 22.194595 24.593944 3.166028 5.393545 -0.866385 3.714013 -9.180120 -0.628254 -7.867121 -1.178792 -4.115455 -4.833757 -9.183150 -4.825423 -6.288059 -0.723574 -5.988380 -4.497692 -3.204111 0.308407 -1.407927 3.423154 -1.704466 1.143146 -5.554399 0.941854 -3.638053 -4.304472 -11.327199 -7.267366 -4.425970 5.361996 2.201874 0.284778 -1.636310 -0.318345 -3.266967 -1.538908 
490156935628277421.mp3 :-173.182493 100.627947 26.175518 31.153824 7.175011 13.379106 3.568645 11.205120 -9.040748 -0.745890 -4.240560 -1.516217 2.110735 -3.842829 -3.543306 -0.836868 -6.921497 -4.572143 -6.691325 -2.710818 -5.356348 -1.210349 -7.456360 -6.976258 -11.765340 0.776646 -3.953439 4.272989 -4.950805 -5.251756 -3.232405 1.509426 -1.202032 -2.424331 -6.468852 -5.184360 -10.799875 -1.601858 -5.231534 0.372698 
4916667024165296468.mp3 :-358.974197 206.576634 -19.961725 -14.984962 10.691748 -7.448670 -4.376010 3.184757 -1.028713 -8.550368 -9.528580 -3.070554 3.618419 4.105100 -1.794847 -8.410734 -9.493023 -6.173076 -3.493461 -3.986549 -8.521879 -9.402785 -2.880173 -0.607925 -5.409138 -6.457686 -3.996525 -1.432215 -1.417601 -4.825848 -3.021777 -0.854029 -4.802418 -3.181436 4.961877 1.781395 -7.359851 -2.956839 -0.762996 -5.968074 
4935237879596771988.mp3 :-92.018952 35.129416 5.459076 31.175830 26.163471 2.220367 6.055030 15.703555 -7.901722 -1.204391 -5.466641 -2.971631 -6.844004 2.266463 -3.313709 1.628752 -5.548966 0.696376 -5.038110 -3.704412 -11.887961 -1.283920 -4.389578 -1.965132 -6.555461 1.229151 -6.730433 -3.284198 -3.986829 3.031183 -1.331847 -0.599611 -7.208299 -1.554886 -2.502090 0.814519 -3.494788 2.195167 -4.756131 -3.768614 
4943657279227082584.mp3 :-142.838024 127.691535 -13.322960 28.678938 8.276551 -0.631879 1.749238 7.585691 -19.686522 7.364976 -7.552859 -2.229747 -4.105243 -3.612981 -10.029606 0.054368 -7.827141 -1.707889 -2.464770 0.020308 -5.372164 -2.062159 -8.898867 -1.464335 1.249991 0.416388 -0.553172 3.215808 -2.528120 -3.698250 -7.702874 -3.868669 -2.208491 2.325250 -2.473180 1.123989 -0.355776 2.682100 -1.737158 -2.072327 
4902868301942118168.mp3 :-76.701299 110.242077 -26.079509 33.551200 8.236023 -3.214927 1.412580 11.504071 -19.711049 11.337324 0.195862 -1.418097 4.462197 2.137283 -4.442060 6.501183 -3.491760 2.660044 1.844868 -2.479681 -7.518435 3.247747 -2.923745 3.308311 6.367763 2.279518 -2.498209 5.946235 -0.157816 1.852913 -3.034812 -0.744841 -2.730295 6.862660 -0.768954 5.396381 -2.531257 1.740746 -3.752881 1.948714 
490740272650474547.mp3 :-149.004307 88.423069 30.150634 19.254505 11.709344 7.828107 -1.548770 7.342823 -6.183211 4.595875 -3.143006 1.806653 1.356329 2.683059 -0.953799 3.151512 -2.300877 1.221869 -4.095359 2.242941 -5.162507 0.161834 -5.662064 0.541922 -0.133416 5.357649 1.196412 3.952591 -3.087131 -0.949619 -4.621475 -1.449996 -5.475599 -0.814150 -5.837070 0.897863 -3.781899 0.518207 -2.448067 1.253190 
4871711218542241364.mp3 :-192.836649 117.793468 8.519640 21.818700 10.261986 4.586078 -1.041467 2.708139 -9.154259 -1.980863 -6.269217 -3.262687 -6.542653 -1.664920 -6.181167 -0.442036 -4.913075 -1.828609 -3.602180 -4.595845 -7.088527 -1.549019 -5.827824 0.838359 -3.140459 -1.000627 -7.810002 -2.851093 -4.627960 2.792688 1.003616 0.826717 -2.899835 1.472494 -1.022703 3.339200 -0.692662 3.057122 -1.917305 -1.083089 
4879363134774814856.mp3 :-158.464006 124.463135 37.317441 25.433225 8.663937 8.723595 -0.550469 2.310762 -7.366114 2.133897 -7.122833 -1.189189 -8.600309 0.583236 -3.994664 1.300570 0.894181 4.351617 -2.131298 4.964403 -0.483086 -3.832503 -4.177883 -0.491765 -4.411876 0.834376 -0.240507 4.036139 -5.791056 -4.636400 -7.220457 0.614682 -1.271767 -1.140288 -4.779621 -0.390101 -3.110561 0.735166 -2.306247 1.119753 
4937109720028464844.mp3 :-193.053920 112.801751 13.715536 14.303270 6.480976 10.038306 2.967599 5.038389 -4.549388 -1.411403 -1.837981 -2.036780 -5.846810 -5.691906 -4.631747 -0.413539 -9.345599 -4.597044 -9.922019 -3.157241 -3.538923 1.658603 -6.147306 -2.893727 -8.040253 -0.592064 -2.485580 3.422249 -0.850584 -0.906925 -3.642604 0.069497 -1.265250 -1.838344 -5.606259 -3.867801 -6.541378 -4.336348 -3.492403 3.355583 
4894400705530022113.mp3 :-169.229141 84.089400 50.924741 9.222920 -0.184824 17.984015 3.739472 7.106376 -5.636914 10.094877 -8.370219 -0.108299 -3.693921 -1.417141 -11.735227 -4.793664 -10.460729 1.917697 -8.659635 -0.919140 -6.145683 -6.580580 -4.310430 0.079490 -0.692644 4.760552 -2.269952 -2.650411 -8.774101 -4.044052 -3.259459 1.055085 -8.040191 -4.627451 -5.640550 1.479105 -1.956484 3.323936 -3.051195 -2.290996 
4911473559740460200.mp3 :-85.561878 70.697255 5.063624 25.468680 -0.905459 8.753081 -10.283827 3.874939 -1.467080 1.595219 -6.305432 -0.495997 -4.307794 -0.544053 -4.327056 1.644341 -0.487531 2.726918 -2.265848 -3.921033 -6.027926 0.288085 -3.711102 2.558674 -3.821301 0.781253 -7.826015 -2.565853 -7.448922 0.751707 -0.088074 1.142745 -6.102284 -2.322947 -6.384398 -1.762698 -7.432654 -2.271774 -5.097512 -3.095110 
494601282800963610.mp3 :-221.261543 61.384876 -13.891890 18.041104 0.635379 3.968869 -7.198100 0.880518 -8.417688 6.507846 -4.027068 2.301550 -3.083678 2.843046 -2.838951 2.170378 1.117966 2.917949 -0.122559 3.058906 -5.744829 2.437176 -1.244367 6.209873 0.920134 0.448090 -6.918659 -2.833701 -4.828573 2.820598 -4.462219 -2.251379 -3.465485 3.716743 2.107480 4.491448 0.265316 2.967323 -6.447782 -2.377162 
4930573039473331978.mp3 :-110.784804 59.562066 6.576335 19.811232 11.100544 6.887600 6.581580 6.195298 -6.882829 7.262526 -6.828416 2.297534 -5.827660 2.352519 -3.591977 3.436412 -3.434776 2.839827 -4.024063 3.897082 -3.090993 -0.148722 -5.630315 -3.553504 -8.140777 0.234775 -5.267353 1.162787 -0.427619 4.774211 -4.711616 -1.101433 -5.233854 2.658814 -4.481097 0.942188 -4.237310 0.363033 -3.489018 1.125768 
4874924759943464477.mp3 :-150.635909 60.328438 12.902466 13.391432 14.994924 3.256919 3.299164 -2.337260 -0.825317 2.524382 -5.486631 -3.199213 -8.845882 -3.029424 -6.640740 -3.813586 -8.321016 -0.104206 -5.362938 1.993183 -1.631806 2.838583 -5.941846 -3.287899 -8.752489 -1.543679 -4.528972 3.423427 -2.884224 -0.520949 -6.254883 2.132647 0.108891 1.866240 -3.726036 -1.873389 -5.183727 -0.751034 -2.662510 1.785660 
487990474507217320.mp3 :-80.025447 113.223821 -18.778524 30.014243 -3.708409 7.481800 -3.921643 5.675952 2.100730 3.194657 -3.507700 3.155267 -2.142353 0.080514 -2.763576 5.386944 -1.661573 2.788131 -2.922694 0.848374 -5.765389 -1.454904 -2.861137 1.748511 -2.182447 1.722475 -4.190403 -0.038524 -0.557882 5.055620 -1.065003 0.656374 -0.864143 4.396881 0.673076 2.706458 -2.317144 -0.212558 -3.387307 0.161911 
4892156446251874987.mp3 :-45.490232 68.430847 10.632802 22.333152 6.566507 9.102161 6.850405 9.803956 -14.339917 9.098800 -4.681719 -4.758261 -2.544950 -3.568112 -1.858957 2.461859 -2.289174 2.693299 -4.510672 1.808282 -5.599373 -1.664796 -1.892890 5.178345 -1.690487 2.217360 -0.363183 3.300433 -0.198010 5.903543 -1.667824 1.174651 -0.943777 4.838086 0.862028 6.074845 -1.450666 0.600483 -4.381771 -0.560319 
4888501479219285291.mp3 :-147.694053 114.562577 2.648741 31.701162 -3.405175 6.245847 -4.738988 5.305198 -11.708794 1.289813 3.043756 -8.778612 0.310726 1.597273 -4.759949 5.127613 -5.027244 2.206470 -4.522972 -1.387328 -5.846251 -2.184933 -8.853685 -0.379214 -6.642648 0.541181 -3.462858 4.485122 -5.210484 -1.073620 -3.490040 1.518258 0.282005 2.868768 -1.692410 -0.064024 -1.290703 -0.210382 -0.899029 3.582446 
4893705583693206951.mp3 :-189.743530 78.624828 16.858295 36.563872 8.855476 6.027124 3.132145 6.940810 -7.097133 8.749653 -5.720004 3.029417 -6.746658 0.330867 -3.361227 -1.754573 -5.757779 1.998561 -8.888757 2.136317 -2.207897 -1.369885 -2.216571 1.644436 -6.502105 2.988476 -3.195497 -0.845164 -0.786156 6.931139 1.392544 1.031204 -5.831173 -1.555038 -5.695790 1.372067 -4.092726 0.392284 -4.511867 2.392977 
4918343604565961998.mp3 :-97.620754 88.269982 -1.869960 34.780886 22.587857 3.438929 0.741235 9.167632 -8.447038 4.930788 -0.449397 7.167568 -1.806598 6.628819 -3.785471 4.280974 -0.122015 0.807758 -6.517911 3.814970 -7.081323 -2.282061 -3.320172 0.148362 -6.695378 4.452220 -1.183215 2.280965 -3.762006 0.210513 -2.451863 4.153395 -1.200058 0.379578 -3.825597 -0.724513 -4.631410 -1.126011 -6.167594 0.309457 
4882934314199475605.mp3 :-111.770480 109.266729 10.442349 20.991085 5.901814 -2.101111 -4.225159 2.922249 -16.242437 10.830022 -8.732298 -0.894426 0.042801 -6.614865 0.996314 -2.464889 -3.829997 -0.705029 -5.049463 -0.337537 -4.485551 3.788214 -4.552659 2.875712 -8.366399 -1.429589 -2.017872 1.791774 1.259773 2.818899 -4.349676 1.056271 -3.381900 2.161430 -3.253512 1.585229 -4.926270 -1.274974 -4.874719 -0.047237 
4923154087143755459.mp3 :-162.619254 126.160162 7.458771 34.475646 4.847164 10.477605 3.216059 9.384140 1.495521 4.508903 -1.567648 6.010165 -2.612785 1.922942 -5.171648 -0.411735 -3.680377 -0.386926 -1.685732 0.916411 -1.784327 -0.904555 -7.094775 -2.322809 -3.503948 2.085981 -1.303391 2.112657 -4.317641 -1.894714 1.324458 3.899486 -2.838583 -2.563937 -5.365477 -1.888969 -0.824478 3.876163 1.051138 2.948309 
4917890363306241532.mp3 :-45.474089 103.101052 3.614608 25.574515 6.098820 2.391036 3.548903 6.255523 -6.430012 6.112560 -4.954294 0.955726 -4.250835 -1.951101 -7.217538 2.320215 -6.428341 0.827204 -1.858621 2.651233 -4.540886 1.424646 -8.006919 -2.847496 -5.976618 -1.060092 -5.477376 1.572063 -2.089238 -0.021367 -6.752583 -4.199190 -5.824527 0.675977 -5.120320 -1.560659 -5.192455 -0.555218 -4.238962 -0.922598 
4906611593903994627.mp3 :-34.595973 63.278614 15.054371 27.130368 8.192941 10.003908 1.217014 7.085859 -4.257342 10.419082 0.857090 4.269373 -0.310843 4.853669 -4.336259 1.517607 -6.615258 0.428388 -2.690365 4.901675 2.685182 4.607564 -5.475789 -3.502066 -6.629846 2.188859 -0.503282 3.203244 -4.135046 0.743104 -1.454320 4.443223 -2.337003 -3.328701 -6.747066 1.646251 -2.381961 0.284456 0.054031 4.985764 
4946497583124669386.mp3 :-213.667608 68.251655 22.716613 31.819726 18.852941 7.844918 10.942630 4.104169 -5.556738 6.638378 -8.258672 3.483593 -9.504064 -3.862701 -10.123790 -0.867920 -6.756600 2.923269 -1.445307 3.353218 -6.588787 -2.425293 -0.503374 4.297724 -2.509952 4.301319 -3.688811 1.347129 -2.860636 1.155665 -7.902720 -2.974065 -4.219658 5.657806 1.821110 3.479579 -2.082452 -0.933448 -4.573362 1.889396 
4911994413424072905.mp3 :-15.777918 80.668803 8.957800 11.996453 -0.584969 1.099264 -6.123359 3.287873 -5.799391 2.667684 -5.911734 0.492559 -4.735270 3.511874 -2.015528 4.273262 -1.827632 5.678910 -1.541120 1.695475 -3.714136 2.748980 -2.494919 2.250210 -3.058231 1.282791 -3.809457 0.241237 -4.685045 0.330144 0.442716 7.443178 0.260265 -0.048147 -4.892565 0.225160 -1.666699 2.725958 -0.853688 1.107187 
4891604461245356075.mp3 :-59.893061 77.336391 14.900187 22.774462 1.845067 3.127734 5.679367 -1.026750 -3.070047 7.365718 -9.619441 -1.529312 -7.032973 -1.722809 -8.252296 -1.287305 -6.041028 3.776034 0.598189 3.654272 -8.853805 -4.219852 -5.867686 2.465966 1.185703 5.675326 -2.724527 1.999159 -0.114949 1.567452 -10.349514 -5.046778 -2.499911 4.684740 0.719584 4.373526 0.104673 1.426055 -7.668467 -3.150996 
4907981654682070957.mp3 :-126.909265 121.553785 -9.833079 23.207053 3.670916 -1.644117 -5.201479 8.424587 -13.940051 2.558929 -3.149262 -2.576558 -2.361245 2.459488 -3.921429 -1.148735 -0.163291 -2.888533 -4.390877 0.778713 -1.437518 -3.254209 -4.953849 -4.649492 -8.029703 -0.408958 -5.189621 4.363352 1.392671 2.867858 -6.152769 -2.202757 -3.049512 1.699399 -0.959256 0.734820 -2.346100 1.599892 -1.288442 -0.065101 
492323072215432095.mp3 :-188.718724 102.533272 -11.756455 10.768810 -4.614837 0.765185 -3.244385 -1.050818 -2.557306 6.328857 -4.842062 0.434118 -8.031517 -2.360177 -3.324045 1.817325 -0.588961 3.735316 -6.390405 -0.233729 -0.580133 6.488703 2.464428 3.046339 -5.239227 1.867789 -1.576768 4.881198 -2.006746 0.600792 0.434520 7.330906 0.664660 1.969209 -2.592955 0.671001 -3.495900 0.517303 -2.655112 0.801565 
4899211983004842968.mp3 :-73.147232 97.908307 4.202213 17.120027 -6.262222 11.587011 1.655538 -3.043272 -7.652636 -1.237863 -5.574605 -0.642293 -7.870198 -2.790942 -2.894940 3.331384 0.141449 5.471541 -0.821834 2.341277 -0.542019 9.738658 4.555589 5.887438 -2.550117 -0.046170 -4.563964 1.635777 -1.488654 6.063746 -0.277606 0.337022 -3.116639 1.858671 -2.398734 -0.835835 -5.516056 -0.138188 -5.646750 -3.355765 
4948443585297961505.mp3 :-138.832246 84.225233 18.367953 30.716478 3.289258 6.288447 13.156803 2.605451 -4.300698 8.076780 -15.609300 1.894117 -6.379915 1.275269 -0.356377 6.812802 -5.826130 8.066352 -1.425503 2.610209 -4.668383 -4.575579 -0.934213 5.686016 -0.695138 5.467421 -4.508933 -1.282849 -2.900752 -0.161789 -6.275344 -1.744789 -0.665824 1.919714 -0.377339 7.380384 -1.173142 3.552857 -5.285934 -4.226959 
4880867691534058577.mp3 :-107.104747 89.337517 18.801456 26.697906 -0.181140 13.472672 7.668527 4.674536 -2.655026 5.044157 -6.997167 2.791161 -2.907497 2.633513 -6.242237 2.434396 -1.728245 5.202803 -0.919503 5.793305 -0.148391 0.681847 -0.539800 0.386075 -2.691888 4.995696 -3.780964 0.706160 -4.468548 2.815535 -0.749897 -2.192066 -6.368194 -1.118106 -4.409351 0.811151 -0.925911 1.661281 -3.286924 0.145123 
4874370729253591708.mp3 :-238.757968 101.048159 3.894270 20.937433 7.271536 1.598502 -2.758369 -2.368538 -2.817631 -5.174155 -11.279239 -2.719675 -5.992964 -5.827997 -2.259757 5.859952 -7.204120 -4.700251 -8.210958 -1.132837 -4.200523 2.478432 -5.992381 -2.287734 -6.184286 -3.033100 -3.355144 1.656589 -2.985393 -1.224940 -0.789203 0.594842 -2.017912 -1.901528 -4.492139 -2.138579 -6.636306 -1.789137 -1.536119 1.408706 
4877351988394242733.mp3 :-190.716592 91.239980 34.024963 24.127259 10.989481 11.347672 1.930190 6.912110 -9.217068 10.360514 -3.744718 3.713475 0.262427 1.355791 -0.535244 2.855156 -2.424360 3.110399 -4.038157 -1.779169 -1.890402 -0.095479 -6.831854 0.002876 -6.311704 -1.536359 -5.073550 -2.892736 -4.672260 3.816284 -1.483578 0.019689 -4.822955 0.281399 -3.747247 1.122124 -2.059603 0.565162 -2.477645 0.767115 
4884138271621811590.mp3 :-79.072775 97.975476 -21.011276 29.918047 0.306151 2.059266 -0.220099 5.645475 -9.857189 3.612828 -8.170254 0.579838 -3.534544 -0.959108 -5.512439 0.337583 -8.644768 -5.353263 -8.244279 -5.219941 -8.674635 -1.043301 -6.628824 -0.464558 -5.485383 -0.323407 -2.044467 1.026740 -5.673416 1.217286 -3.904363 -1.624972 -6.895640 1.082701 -0.891920 -0.905167 -2.127067 2.401153 -1.749308 -0.316104 
4868019045986407335.mp3 :-61.244533 72.221532 0.293672 25.262007 6.263569 3.597175 7.554819 8.244023 1.309606 9.947091 -5.570095 6.558105 -0.259129 6.126917 0.723750 5.137137 -1.259842 4.415210 -1.980659 2.083861 -7.739864 -0.536714 -0.927578 4.419328 -2.039702 2.722671 -3.678172 2.396488 -2.209003 -1.905217 -3.804571 6.346748 2.788617 5.714959 -1.559989 2.593844 -2.906181 0.638441 -2.481665 2.484168 
4887132831992659698.mp3 :-136.066210 105.575524 13.966946 35.533310 12.925600 6.056016 6.465327 -0.060436 -6.616257 8.311195 -6.978875 1.714944 -5.436125 2.309145 -4.110483 3.340337 -1.732584 7.293438 0.587621 5.807410 0.456371 -1.156402 -1.725989 2.104909 0.291538 3.621788 -2.258494 3.212346 -0.635135 1.412369 -4.546049 1.088090 -2.147390 3.043036 -1.396691 1.509082 -2.413987 2.311644 -3.296977 -0.666433 
4882137037889771296.mp3 :-108.936242 90.426531 33.657228 22.095035 -0.742669 3.269802 4.131375 5.929984 -16.623656 8.741488 -3.949555 -6.106507 3.033498 3.680285 -4.409325 4.786606 -7.841532 -0.431130 -3.205718 -2.533787 -0.833499 -0.151672 -6.475441 6.886874 -1.762098 0.351056 -0.433373 2.385636 -1.466008 4.141458 -2.259496 4.057814 -0.536863 0.572844 -3.257961 -1.352024 -8.611773 -3.622165 -2.116694 -0.233683 
4879333654477584610.mp3 :-308.525111 94.345343 -7.261477 13.871431 -16.745816 -0.041860 -4.478556 -9.468249 -9.956308 -6.097309 -14.709479 -2.370341 -9.205638 -3.712424 -6.126715 0.449989 -5.987904 4.632950 -3.932128 2.547261 -1.416746 4.028077 0.660828 0.510828 -3.382446 0.372520 0.394600 10.561659 5.701279 5.379516 -3.154845 0.946837 -0.829414 3.131951 0.191218 3.127578 -2.312375 -0.359703 -5.265523 0.252935 
4927577072926562279.mp3 :-102.954264 94.996129 26.040479 31.165772 10.319101 9.457598 0.293318 7.959609 -8.719506 5.049978 -2.453570 -0.000939 -2.962141 0.470270 -5.210484 -0.180224 -4.969354 1.018103 -3.908012 1.579880 -1.410624 0.231379 -6.337987 0.751045 0.503486 3.545327 1.438877 3.289123 -4.542835 1.170874 0.978712 0.956952 -4.288320 -1.626274 -5.427409 0.135018 -1.240365 2.800793 0.077464 1.033957 
4873637322767360099.mp3 :-141.509715 71.215603 17.592026 31.540096 -3.449766 17.360197 5.971707 4.342624 0.840357 2.825846 -4.016385 2.393182 -0.365235 2.259076 -1.154463 6.305779 2.262507 10.354953 7.848912 9.292512 1.460002 5.748344 -3.516053 3.773840 -0.175785 2.645613 1.153645 1.147771 -1.809083 2.309721 1.485558 5.623654 -1.993096 1.585654 -3.066730 0.505788 -1.765655 2.499480 0.071996 3.622477 
4932959111173833872.mp3 :-252.850477 124.719829 19.411090 30.557792 2.712954 3.176604 -5.837597 -4.731958 -6.628759 -4.074625 -13.375307 -8.173697 -12.065898 -5.359062 -8.051086 -6.029411 -7.820285 -4.360365 -7.885056 -2.666066 -4.584725 -2.013727 -5.623005 -6.342796 -4.823731 -1.215639 -1.542624 2.884043 -1.215861 -3.185141 -2.164632 3.102003 -2.658524 -3.543904 -6.085716 -6.430275 -6.875500 -4.158883 -2.460985 2.378468 
4882680307670146315.mp3 :-141.912114 109.914764 -13.081642 12.315546 -2.371513 15.001062 -3.565729 -2.706062 0.464275 -3.866513 -1.706598 4.639040 0.670531 5.696746 -0.896307 4.404081 -0.145093 0.347452 0.063992 4.400028 3.727030 -4.961341 -4.027116 0.736992 -2.137617 1.701101 0.393350 2.117993 -2.766668 -2.603920 -7.589614 -2.322538 -5.360839 -0.357611 -3.480922 -0.636950 -5.467061 1.271082 -1.082008 1.004174 
4883243399984519245.mp3 :-329.551292 189.877628 8.540769 -17.570249 -3.403463 -11.854215 -11.718346 -9.858283 -15.225409 -16.813104 -12.164990 -9.170138 -9.370481 -9.857143 -9.458707 -8.795995 -7.842136 -7.577169 -7.580635 -6.428003 -6.917130 -6.985296 -3.147196 -1.027107 -3.380362 -4.056981 -2.378022 -5.457911 -9.810699 -6.815461 -0.505367 1.718521 -0.996458 -3.075227 -2.516463 -3.204330 -3.082243 -1.829731 -1.075854 2.043480 
