1928452913945645250.mp3 :-117.022145 102.877759 10.797058 17.782001 6.665109 13.904726 -1.366052 5.007348 -7.575080 -1.146139 -1.874570 -1.852832 -5.223286 -3.779567 -2.598981 0.025033 -9.733817 -1.803791 -5.331506 -1.597496 -3.424879 0.909691 -6.105895 1.233482 -2.577449 2.807233 -1.549886 2.412712 0.164621 1.458982 -6.911445 -0.925408 -3.308237 0.895506 -0.811073 3.586083 -3.636532 0.662340 -3.817903 1.324515 
1962277233864888978.mp3 :-125.497451 122.938406 1.814397 8.388190 0.791334 -0.605149 -16.865764 3.067684 -15.900361 -0.516874 -7.901820 -11.432425 -10.081160 -7.633245 -6.558509 -2.836085 -6.218248 -3.536830 -6.107457 -2.451260 -3.778611 -3.062326 -3.507693 1.111091 -5.514068 2.424353 -3.414968 -2.462966 -5.467369 -1.199125 -6.911924 -2.488889 -3.181780 -0.439806 -1.996363 -0.180325 -5.591308 0.058372 -1.855078 -1.113979 
1892137026920361507.mp3 :-137.568118 114.225995 10.052890 25.253398 13.627995 8.348953 4.577988 4.022930 -6.961214 3.436950 -12.246904 1.124018 -1.392641 3.260863 -1.360267 2.097245 -2.262285 0.990337 -5.177401 -2.104646 -1.202692 4.254559 2.734800 3.204635 -0.917106 2.846734 -0.918031 2.116675 -3.691251 0.459312 0.476541 2.308296 -2.626849 -2.286791 -6.056518 -0.283777 -3.578957 -2.124694 -6.208526 -0.040588 
1903337714965685604.mp3 :-281.186327 108.773134 31.082791 19.824589 5.348758 -0.083611 3.380249 -10.467419 -14.899603 -5.510507 -13.448091 -9.015178 -14.069244 -16.110126 -14.348471 -11.707754 -9.336268 -3.284450 -3.992371 -0.431682 -2.222476 -5.513251 -9.324660 -5.194242 -7.892967 -4.998928 -8.382758 -4.842782 -3.258290 -4.347984 -8.604237 -4.760797 -3.334678 0.222029 -0.061485 -0.201061 -1.535604 -0.391428 -2.649637 -1.387596 
189535654357112517.mp3 :-85.234777 75.502342 -10.926223 21.741847 10.079517 -2.325413 -0.959638 14.140160 -18.721935 -1.936067 1.824504 -2.725847 -2.975842 4.832352 -7.873281 -2.437898 -8.846369 -5.641358 -5.637456 -4.200399 -8.741905 1.448875 -1.442462 -0.357380 -7.632919 0.005205 -9.356810 -0.587885 -0.057514 4.354527 -0.119965 -1.475145 -5.949711 -0.743924 -4.000099 -0.801025 -3.670664 -1.806639 -4.100916 -1.096292 
1942699614146488898.mp3 :-222.133830 77.686627 21.419206 35.678032 16.527775 9.914834 1.829244 12.435719 -6.059205 1.115689 -3.027510 0.449402 -0.824609 0.259850 0.516839 1.992887 -6.339526 1.178774 -0.371857 1.799881 -3.126908 3.910307 -7.606351 0.188038 -5.123376 -1.088312 -2.507230 0.865233 -3.002679 -5.409215 -9.096170 1.975408 -1.659840 1.103807 -4.717944 -0.777913 -3.468850 -2.906377 -5.538410 0.917514 
1937556245213223264.mp3 :-83.845504 95.724411 4.879706 19.186391 -2.245529 10.569493 -2.756571 3.692983 -4.477125 2.511116 -3.194720 2.314504 -3.893107 1.133085 -7.091390 0.470495 -8.559520 2.197331 -4.722030 -1.844921 -6.215836 -0.116209 -2.388097 2.766145 -0.624695 3.309002 -2.087081 2.347819 -4.648875 -0.323750 -2.063839 3.689830 -1.058309 0.424722 -2.774621 1.253587 -2.045758 2.650665 -2.395495 0.641608 
1930106176230015880.mp3 :-122.228264 86.299265 14.247223 27.474794 5.268059 11.374784 0.503240 5.069145 -13.440744 0.291573 -2.632263 -0.708212 3.463815 -1.811526 -4.120816 3.580433 -9.367396 -1.033897 -5.645958 -3.735427 -4.908306 2.762991 -5.296557 -0.262316 -5.887243 1.295590 -1.613644 6.576649 -0.896402 0.637242 0.756837 5.016095 0.535497 1.218349 -5.088303 -4.204743 -7.330827 -2.202426 -3.140089 3.099329 
1885097867044331196.mp3 :-308.734410 124.565290 8.682530 31.436116 4.913101 8.559495 1.924391 -2.322021 -3.113131 0.896912 -5.145706 -3.518407 -5.164571 -5.382619 -7.034713 -3.468223 -4.777109 -5.270620 -8.029065 -5.795391 -5.779533 -0.611433 -2.244205 -0.904927 1.077531 -3.680473 -7.827208 -5.892748 -6.958057 -2.092877 2.409383 2.148783 -3.925240 -3.131541 -3.332649 -3.292294 -3.219282 -2.322205 -5.813617 -3.235146 
192726644940874634.mp3 :-285.645498 127.016609 -6.874760 10.086358 15.647390 7.458094 4.891580 14.350105 -14.286977 12.489044 -5.882765 0.265706 1.381496 1.057280 -2.097739 -2.334011 -6.692892 0.051176 -3.015525 1.881303 -7.499691 -3.036712 -6.623460 -2.006309 -0.339420 2.799417 -1.985174 1.188505 -3.095707 0.877600 -5.720628 -5.306365 -6.755984 -1.658968 -3.129182 0.952446 -1.127964 1.229177 -0.082739 -3.719615 
1928837171539955157.mp3 :-31.777534 59.569799 -25.503347 25.441876 -17.445713 4.106482 -3.128987 4.160793 -6.446480 10.971281 -11.055462 10.649241 -3.076393 6.422989 1.010423 -1.020504 0.133250 3.918288 -1.714761 1.622146 -5.854158 -0.072564 3.280693 6.145600 0.920825 5.871074 -3.098787 2.157759 -3.495969 3.860041 1.561613 -1.045631 -4.479234 4.479086 2.114720 4.566594 3.457580 2.291235 -5.699293 0.117633 
1888083593327347618.mp3 :-95.067478 111.957530 12.330158 27.102635 14.674768 5.188282 0.779053 2.505889 -10.207279 1.355650 -9.638959 1.130623 -6.189556 1.292766 -5.394481 -2.314881 -6.999358 1.700144 -5.891985 -1.199092 -5.494320 -7.004080 -4.190802 0.663568 0.345353 6.156105 -0.441639 1.039299 -1.831623 2.634523 -4.432020 -5.225974 -8.050779 0.086400 -3.978634 4.451203 2.149956 1.939000 -3.211856 0.163848 
1912466587187723779.mp3 :-102.942203 93.592569 17.585032 34.183428 4.143242 5.365239 -4.746074 4.876034 -10.023916 5.950526 -10.409378 -3.460387 -7.013039 1.907436 -4.706502 2.067070 -2.741311 4.054206 -2.991294 3.004467 -2.478557 0.008726 -2.875748 0.227781 -1.686919 1.532423 -1.381056 3.181549 -1.524025 0.423018 -1.600592 3.351207 -3.886974 0.647342 -5.189317 0.501921 -2.372248 2.259944 -1.342395 2.248665 
1884630641099620586.mp3 :-227.846300 98.695085 3.016909 13.448730 -2.986822 -7.075426 -0.360210 -10.934564 -4.769930 1.128444 -13.161437 -1.971270 -9.061202 -3.182666 -9.422986 -5.268577 -7.106883 4.979436 -3.197559 3.031345 -2.993666 1.150746 -2.903233 0.554635 -2.675591 3.030500 -1.078450 1.743201 -3.438946 -0.681764 -7.196916 -3.527937 -2.947956 0.410377 -2.489649 -0.312426 -1.267061 0.501149 -2.889998 -0.557685 
1935508699789655585.mp3 :-210.589781 108.207041 13.162067 14.536237 1.171561 -3.064603 -7.622634 4.189755 -12.012133 -1.269186 -14.225365 -9.737274 -9.475937 -5.859336 -9.214107 -4.998137 -4.463335 -0.434266 -3.497257 -1.485745 -2.628053 0.260262 1.493098 0.292391 -2.230584 -1.408595 -6.620061 -1.275614 -4.912608 -3.254691 -3.557255 0.957486 -4.129053 -1.002736 -4.865179 -0.979173 -6.598504 -2.809312 -4.659493 -2.506440 
1928537618834897072.mp3 :-81.125403 93.669959 6.664180 27.751086 -6.278931 11.623151 2.805535 2.398281 -1.287158 4.293564 -4.706017 1.080636 -9.669992 -3.709309 -8.777794 -0.025755 -4.291697 5.513628 -1.731436 3.062063 -2.005862 0.980258 -2.785247 0.869293 -4.064418 -0.336717 -3.821868 -0.382178 -5.201262 -1.122774 -3.113108 1.071314 -2.223473 -0.672022 -1.759238 2.046309 -1.812811 0.881960 -4.398006 -0.161704 
1958195661044353632.mp3 :-68.631994 97.481731 -8.021076 30.700369 -6.962068 9.290178 3.812421 3.577697 -8.344435 8.576697 -3.847551 5.209307 -4.713924 2.964221 -3.385975 0.435021 -4.526449 0.764952 -4.516613 1.401649 -4.784108 -0.324414 -5.473206 0.885428 -0.504232 1.147129 -2.405615 5.811904 1.022810 2.072845 -5.573501 -1.432625 -2.161917 3.277803 -0.869811 1.751968 -2.580062 -0.919396 -3.189504 0.756532 
1906270090401970299.mp3 :-62.576498 86.934470 13.010585 27.372490 -0.659285 6.673374 -7.262177 7.074523 -12.364790 -0.110103 -7.205083 -2.462994 -5.998232 -1.123170 -4.539084 -4.009552 -3.698638 -2.268610 -3.376349 0.798953 -4.406581 -1.731283 -2.482952 1.194965 -0.280006 7.222430 -3.360937 5.229068 -0.613386 3.592575 -2.122106 -4.915350 -8.457184 -0.362540 -2.550068 4.023017 -1.927878 2.458314 -4.251713 0.083033 
1913596933509508351.mp3 :-144.667270 100.140400 9.178349 30.270117 3.339523 2.173509 11.548366 -2.634264 -6.726931 5.613872 -12.365917 3.320613 -7.624722 0.547321 -8.182523 -3.017995 -5.973269 3.279680 -4.795173 2.877124 -3.082981 0.041105 -3.366736 0.445999 -3.057903 2.590322 -6.471188 -0.336059 -1.768123 2.495745 -4.164212 -3.264824 -7.756840 -0.651300 -1.949648 1.860601 -2.094213 1.798035 -4.865032 -2.280951 
1925864118405593281.mp3 :-163.119304 66.488732 -22.633673 42.004691 -8.255150 15.394547 -9.158775 7.665521 -19.183836 2.422298 -11.039763 -3.730721 -5.930425 -6.332704 -11.662577 -1.261904 -12.336534 0.019424 -6.494719 -3.117864 -9.949049 -2.507575 -9.802416 0.943828 -4.086085 -1.648214 -4.030138 -1.208359 -7.367118 -3.952602 -9.421731 -0.635526 3.478277 8.193802 2.690283 2.396699 -3.737363 -0.121523 -3.371717 -0.878452 
1930763505773262034.mp3 :-37.492490 78.930243 -0.200462 22.366635 6.705877 3.559507 -0.405928 0.827611 -5.437899 5.749839 -8.027948 1.985125 -7.504435 2.238030 -3.244849 1.125316 -5.067244 4.740193 -5.017041 0.944870 -4.124854 5.410968 1.038352 4.694698 -1.719294 2.426033 -3.627497 2.176739 -1.247124 1.718337 -3.915093 1.694488 -1.228939 3.330737 -0.559266 3.596363 -1.529885 0.689587 -4.781137 -0.361272 
1910495855102649356.mp3 :-186.298554 107.797389 30.799288 20.855819 -1.453279 4.599117 -7.414400 -0.930005 -8.637176 0.514378 -4.521628 -0.815686 -6.669641 -0.485995 -6.304533 -0.591403 -8.825860 -1.537921 -5.702473 0.434079 -0.606861 2.729756 -1.696200 -0.338875 -4.584096 -1.376004 -5.345609 -3.755162 -9.135927 -4.695767 3.660386 2.247967 -3.659147 -2.172959 -4.860721 -0.986666 -5.309323 -0.025011 0.544916 0.428318 
1955761833226633544.mp3 :-176.735865 98.708225 29.270591 18.225529 -1.400161 -0.531974 -7.197532 -7.375334 -6.137428 1.622359 -4.793831 4.310865 -0.227286 1.490816 -4.877673 -5.215676 -8.224499 0.145950 -3.584700 1.893012 -6.427100 -4.959419 -3.911806 2.620328 -2.676475 6.161413 -5.053566 1.156467 -5.194010 -2.707690 -12.033953 -7.076361 -3.317964 1.641283 1.203451 2.294944 -3.578870 -0.188607 -2.445438 -1.911016 
1936820579816351200.mp3 :-214.191699 95.949188 14.307349 21.334582 -1.142802 6.890801 -4.960121 2.210345 -8.205060 -2.688315 -2.799102 -2.354105 -5.686569 -3.964379 -7.150663 -4.982354 -9.696063 -1.618331 -7.690204 -0.849694 -6.601298 -5.938416 -6.517792 2.038142 -3.273956 0.141664 1.142552 -0.101473 -3.123227 -1.612900 -11.668381 -5.579033 -2.188263 1.949890 -0.647239 2.393374 -4.124822 -2.490641 -5.603304 -2.280209 
1883800031356977264.mp3 :-207.096308 92.936331 14.732379 20.851553 0.467159 -0.646082 -10.081174 -8.389518 -3.793308 7.127744 1.115039 6.789709 2.424131 -3.711746 -8.386034 -4.865141 -4.432010 3.174058 -3.309617 1.421573 -5.225255 -0.594312 -9.203652 -1.446923 -1.122589 1.145392 -10.047103 -4.150192 -0.284737 1.184670 -5.330907 -5.554536 -6.717588 3.950914 1.657416 3.103866 -2.002191 1.700411 -4.580223 -5.756729 
1921388954638456357.mp3 :-123.389114 100.633941 5.921851 34.086908 0.930998 8.088025 4.304794 4.287048 -8.643099 8.364466 -3.712567 0.388197 -1.186474 -2.175243 -7.976772 -1.475207 -9.023243 -2.237932 -4.062442 2.195835 -2.461469 -0.588831 -5.675449 -2.258668 -4.057008 1.650075 0.446267 4.599198 -2.354776 -1.021481 -4.845320 1.675651 -1.586254 0.002793 -4.578161 0.853419 -3.464961 2.952467 -0.946020 2.611382 
1895467626323619852.mp3 :-79.329677 71.922419 21.941599 29.636523 5.331742 7.307386 0.912217 8.250754 -8.643611 8.597392 -7.094345 -0.256683 -5.818497 -0.304562 -3.994498 5.377023 -2.674305 5.523337 -3.075614 2.183928 -3.253956 -0.213606 -0.832957 6.182051 0.770958 5.159790 -0.066725 -0.491530 -4.534057 1.620418 -0.828407 1.461809 -4.377576 -0.963797 -2.725496 2.200456 -2.185338 1.372257 -1.957045 1.666143 
1952962832315927436.mp3 :-119.655858 91.305615 18.484129 28.374680 8.711909 10.962044 -0.422438 12.823696 -4.933975 1.271882 -1.797704 5.346188 -0.845808 2.727789 -0.418401 3.037940 -9.743524 0.490926 -4.996980 -0.709740 -3.767291 4.561971 -2.336256 -0.621055 -5.048447 -0.095258 -1.931997 4.093331 -4.525976 1.278095 -1.000637 6.615196 1.608001 0.206802 -4.995677 -3.043551 -7.634285 -2.117843 -2.691548 2.763821 
1889434431374137312.mp3 :-65.042632 75.178964 10.277432 29.886060 9.691182 1.042040 -4.785428 4.528512 -11.541970 2.337580 -5.612167 -3.667151 -5.854133 -2.010531 -6.125265 1.530234 -7.024900 -2.778289 -9.517351 -2.439150 -3.462824 -2.474081 -5.931469 0.586768 -5.759852 0.952811 -4.379237 -0.143206 -4.604841 5.932241 0.705457 0.719261 -4.936534 -1.009107 -5.333131 -0.025399 -3.988392 0.592985 -2.216285 0.439902 
1967976976326243520.mp3 :-214.183741 119.265459 11.924330 27.937545 12.200246 7.844242 4.156630 7.271677 -4.220740 0.397582 -2.266047 0.458967 -4.553571 -1.528280 -6.006000 -3.206236 -4.599651 -1.818516 -8.318547 2.896898 -4.375842 1.184128 -3.972023 0.743982 -5.988272 1.105790 -2.258065 3.220224 -1.858441 3.534746 -0.091137 5.108052 0.682404 0.265372 -7.449490 -2.833288 -6.485255 -3.328139 -3.191700 3.344597 
1907177100870736808.mp3 :-46.136913 83.802793 10.721779 19.678598 3.785456 -1.221368 -5.188533 -0.349716 -11.763531 2.321126 -11.375762 -2.863863 -5.764725 1.405924 -2.673803 2.041608 -5.425260 -1.818252 -8.245790 -1.666863 -4.617064 -0.800826 -5.658889 0.001680 -4.631767 1.605363 -4.278050 2.248479 0.432466 4.303650 -3.425863 -3.024460 -2.554000 3.731700 -2.367082 2.186412 -3.761506 -0.629323 -6.254102 -0.095152 
1901345300686658844.mp3 :-120.689998 88.100198 9.491358 29.210891 6.108063 4.664539 0.186796 2.982166 -5.063685 4.793113 -10.009740 -0.970680 -5.385320 1.181236 -4.593665 0.145215 0.378358 3.279712 -2.609006 3.620131 -4.500665 -0.505448 1.176518 4.409025 0.855290 4.940968 -4.327901 1.373414 -2.673991 1.570259 -3.058208 -1.913832 -3.645089 2.366180 -0.694237 3.654224 0.888915 1.756034 -5.210969 -2.911881 
1965823682611946903.mp3 :-114.339793 95.608113 15.264701 16.910400 6.857076 0.801596 -3.818737 1.001946 -10.671989 1.780249 -5.321610 -3.002247 -3.643183 0.478021 -6.572644 -1.334442 -3.648342 1.564993 -4.955426 -2.855940 -3.238228 -1.004232 -3.080490 1.489555 -4.603726 -0.605127 -5.307709 0.579394 -6.643411 0.960064 -0.283700 4.090030 -2.793381 1.597853 -2.433957 1.349504 -2.005567 2.400532 -4.195933 -0.064296 
1947264997865863589.mp3 :-138.336921 94.263203 -16.025549 18.380743 -4.187361 2.859991 4.846493 -5.565450 -2.336911 3.577467 -9.266910 1.421746 -4.689291 -0.833937 -0.576950 0.558583 -8.762942 0.780572 -6.813378 1.613716 -2.137838 3.744074 2.117539 4.917479 -2.956679 -0.835496 -5.454214 1.598633 -5.315455 1.861879 -1.553325 4.253087 1.023079 0.271612 -5.146897 -2.541286 -6.542357 -2.394951 -4.863349 0.858093 
1927865566065302733.mp3 :-59.197717 74.046599 19.334558 28.590677 9.184016 8.110261 6.254118 1.295162 -1.863489 2.292707 -6.672684 -3.883723 -10.749455 -5.677350 -6.487775 1.363270 -2.088783 3.454909 -3.642170 1.773429 -7.537555 4.204649 3.689170 5.069456 -5.629187 1.126321 -8.369413 -2.412679 -6.066729 0.310675 2.654354 6.250108 -3.335680 -0.899629 -4.752979 -0.414991 -4.408078 -0.699148 -4.615101 -1.342323 
1945143984961269841.mp3 :-111.454098 97.127540 10.207005 25.484415 5.599624 3.040145 -5.907131 2.353425 -11.515170 2.359241 -3.586557 -0.069592 -3.789838 1.119293 -5.116909 1.621950 -4.627227 -0.504259 -6.457989 -3.285568 -7.819044 -3.067033 -1.470956 2.259573 -2.357087 -1.488001 -5.560088 -3.283729 -4.962769 -1.363163 -4.664414 0.028603 -1.421211 2.378081 -1.882416 0.526518 -4.679364 -3.741308 -6.112913 0.387563 
1942685161140639272.mp3 :-79.075752 91.292895 -7.582932 31.638102 2.245125 12.748166 2.375040 9.718828 -9.054839 13.457890 -9.058873 0.873849 -6.160059 -1.326310 -2.851366 4.670316 -3.165238 8.894408 0.641822 1.629309 -6.585144 0.689689 1.650499 3.980361 -8.041453 -1.750383 -12.424862 -4.616873 1.598656 2.110101 -4.249891 0.086734 -3.734007 -0.047720 -2.089614 1.138257 -1.858046 -1.364879 -7.299315 -4.551593 
1882170282763629469.mp3 :-257.493697 150.734473 -1.180828 21.398075 10.492453 -5.562081 -9.418577 -4.116000 -2.163149 -5.240705 -9.879377 -7.602280 -8.039510 -3.928622 -4.325193 -3.427545 -6.710035 -6.284966 -5.974024 0.279946 0.747387 -1.950113 -6.190530 -2.382470 -1.962717 -2.128636 -2.820144 2.603571 1.037478 -5.289735 -4.983505 1.480774 -0.507817 -4.465422 -8.285802 -8.361587 -9.354801 -5.022919 0.851353 5.156628 
1883393976915458310.mp3 :-114.339979 114.701047 -4.339287 16.518256 -8.604699 0.482825 -6.516197 -2.606183 -10.636284 -0.700897 -5.709882 -2.398536 -6.090231 0.946835 -2.707789 -0.278641 -6.996133 0.394419 -2.635751 1.077544 -8.334224 -5.870244 -5.275135 1.103077 0.477380 4.569020 -0.350746 1.710659 -8.068585 -0.059721 1.758693 0.494382 -6.432941 -3.735011 -3.201073 2.859070 0.469675 5.154399 1.520087 -0.072334 
1919050152821156917.mp3 :-45.375568 83.569923 -3.834950 15.759662 -1.736295 8.547339 3.128155 0.065056 -4.591860 1.725927 -7.657365 0.005980 -4.033402 2.709266 -6.546483 0.535054 -6.506223 -1.660094 -7.617475 -1.213820 -1.814334 2.150029 -3.403772 1.647468 -4.194874 5.044613 -1.358047 4.790622 -2.622032 4.070158 1.577598 4.205431 -5.124724 -1.823933 -5.635428 -1.048216 -0.556554 2.758412 -0.322825 2.422708 
1958801904414122654.mp3 :-142.734580 97.786866 0.374077 20.323633 7.063738 14.684024 4.240069 10.555627 2.568203 10.147168 -0.189071 5.093063 0.589932 7.227437 -0.258405 4.747830 -2.651354 2.790566 -3.022784 4.216777 -0.286890 5.876921 0.812224 4.541615 -2.045194 4.050648 -1.317459 3.650045 -0.214650 4.147405 -0.807225 2.040927 -3.538614 0.301234 -3.299837 0.970658 -1.941862 2.009752 -1.462819 2.148769 
1935022304820592025.mp3 :-144.444218 61.075445 -10.828665 42.641482 11.476278 11.375667 12.540306 -1.436210 -6.330468 11.250254 -8.980749 5.901553 -7.223033 0.168872 -4.193328 2.540271 -0.789296 9.815678 -7.203448 3.019666 -1.853992 1.253337 0.141699 2.506546 -3.195073 0.408559 -2.290288 2.776519 -1.107081 -0.866609 -3.595571 5.732380 -0.285651 3.925642 -2.829496 0.375239 -3.820272 1.125149 -3.977083 -0.740822 
1906858031767401176.mp3 :-147.878617 74.295959 29.708495 18.538759 11.289723 5.807343 5.870232 -3.521913 -4.485986 5.163974 -4.999489 2.004188 -6.268828 -3.892107 -7.643836 -5.659631 -4.543170 -1.983457 -8.818588 0.550711 -6.375648 -0.661251 -3.818034 -2.274246 -5.724515 -0.693722 -5.888441 -1.002502 -7.641108 -0.282964 -1.160472 1.268591 -5.957249 -1.848734 -5.611678 -0.112668 -5.253703 -0.950177 -4.877182 1.932774 
1945120054534245492.mp3 :-70.705772 92.176497 17.433876 17.568916 6.343756 2.075210 2.565582 4.580232 -8.771082 2.639809 -5.734477 -0.899505 -5.899045 2.496212 -2.684604 1.413698 -4.492304 0.577463 -7.511075 -1.458099 -3.071772 1.587951 -3.828740 0.516771 -5.411681 -0.784836 -5.662424 3.480864 -2.681618 -1.788594 -7.475697 2.667069 -1.543669 2.044514 -4.727102 -1.202619 -5.368886 -0.317064 -4.458931 -0.721161 
1934416423707083528.mp3 :-101.164867 50.084974 20.952086 30.743018 -1.044685 11.559113 -0.504844 10.757729 -7.250157 7.731391 -7.443307 3.051400 -8.413379 -2.121529 -5.741038 -2.100457 -6.698753 1.881931 -3.164262 3.445835 -5.129740 -6.493950 -6.592688 -1.059130 -4.508021 4.944929 -5.539795 -1.738784 -9.963570 -2.388301 -3.656442 -0.270066 -6.652782 -2.072848 -4.104123 0.949212 -2.024923 5.314907 -2.338187 2.434849 
1967025046602133896.mp3 :-154.468307 123.838837 4.047197 21.553459 5.344979 -3.076652 -5.753295 -2.150081 -15.852228 1.041937 -15.020577 -4.966585 -10.149051 -4.033264 -5.401841 0.017103 -4.711975 3.353154 -4.601387 0.426441 -4.252474 -4.380578 -7.893473 -4.710469 -5.896077 0.354695 -3.928736 0.634480 -6.152056 -0.552407 2.411738 3.196771 -1.760023 0.997948 -3.446273 0.743688 -1.228625 0.502720 -2.207408 -1.179167 
1934886906975870238.mp3 :-90.529848 86.481042 27.773306 46.425555 9.540300 7.850684 8.626304 9.125065 -15.568492 12.586865 -9.906717 -1.206143 -1.159558 -3.506477 -0.323846 -1.334487 -2.282567 3.419497 -9.075038 -4.181056 -4.401593 0.621176 -2.471222 2.578344 -6.275211 -2.737543 -7.648727 -0.611521 -2.048668 5.103336 1.434928 1.925986 -1.411647 0.866813 -5.306907 0.162902 -7.259596 -1.048679 -5.360336 -0.915436 
1948820048791194013.mp3 :-106.918979 94.660357 5.753391 26.828185 -0.432583 -0.010681 3.746204 8.919334 -15.794875 5.785630 -3.146755 -1.311332 0.927432 6.404885 -1.065229 2.715832 -1.568065 2.311364 -4.645331 -2.001065 -2.998326 3.635723 -0.747385 2.799550 -4.028251 -0.533964 -2.265647 1.653059 -3.487968 -0.865955 -0.746827 7.739331 2.251054 2.071561 -4.638141 -0.348399 -5.613292 -0.992094 -0.802485 2.718923 
1927609305159661715.mp3 :-36.823132 61.840381 11.544751 32.888785 16.664084 8.323647 -2.696682 4.784431 -11.105123 4.556746 -7.322763 -1.810678 -2.056394 -2.640166 -3.167146 -4.942672 -6.314538 -0.868319 -6.755510 -4.625357 -7.615627 -5.225852 -8.731237 -4.830692 -7.012831 -0.278426 -4.684641 3.013644 -4.155531 1.329475 -5.327232 -0.258165 -2.914716 0.277318 -6.670389 -3.278462 -8.797981 -3.379324 -3.539455 1.093062 
1883063708826263517.mp3 :-151.000620 124.017849 -11.235782 35.097978 2.166456 -6.235255 8.364094 -3.069452 -1.606172 2.136187 -11.064145 3.682819 -1.581378 2.094960 -3.566482 -0.511638 -4.736387 1.640093 -1.806665 4.957843 -3.003012 0.736571 -0.577641 0.415027 -1.655414 6.346515 -0.968309 8.591193 0.244518 -5.955090 -9.633548 -1.045065 0.567807 4.020309 -2.803403 0.779491 -4.581989 1.043385 -3.656891 -1.290419 
