3652866632726620694.mp3 :-192.618951 115.766922 27.260428 24.061028 7.665669 11.162165 0.080739 6.212352 -0.875402 2.109955 -4.831440 1.864873 0.895302 1.881432 -0.145345 1.780144 -0.684825 1.456440 -2.505041 -3.428047 -8.840255 -2.974504 -4.594224 3.023453 -0.613863 0.944264 -5.023375 -4.167185 -5.482789 1.397094 -1.594198 -0.357100 -4.769130 0.670238 -2.784134 0.707154 -3.400267 0.055764 -2.597309 -1.807212 
3597256009917466005.mp3 :-7.743263 73.830905 -1.138402 13.047507 -1.714430 1.853176 -2.803229 -0.700462 -5.555938 -1.570604 -7.627346 -0.776385 -7.656013 -2.486584 -7.936884 -3.257576 -5.984365 -0.604021 -3.704202 1.110941 -3.869569 1.027935 -3.194496 -1.368850 -2.327624 2.217090 -3.771047 0.517498 -4.889587 1.748207 -2.255285 -1.295777 -6.990241 0.261720 -2.836672 2.784670 -1.131074 3.243014 -1.583969 0.311339 
3663270378488302991.mp3 :-121.263190 91.449693 16.897415 17.894266 -0.766409 0.755932 -4.265334 3.679697 -13.843276 1.761842 -10.107470 -2.599768 -8.526102 -4.714436 -6.750842 -0.954299 -3.997464 5.891897 -3.666508 0.331768 -7.984485 1.033012 3.012688 3.176589 -0.804130 -0.920516 -5.308490 -2.135488 -6.485595 1.785514 -2.097056 6.054348 -0.539686 2.458766 -0.489697 3.056967 -3.664275 -3.097011 -3.505622 3.317628 
3597143911421939515.mp3 :-388.820968 161.052382 35.847076 5.583008 2.064677 -3.907903 -15.385545 -13.560512 -9.509730 -9.507920 -10.349710 -8.460842 -8.401867 -6.416467 -4.481260 -2.121338 -3.715547 -3.910559 -6.834605 -4.509594 -1.148532 -3.391821 -4.719094 -2.026589 0.896771 -1.045672 -5.496202 -7.782286 -6.931701 -1.513415 1.531234 -0.086205 -5.281834 -2.931072 2.019685 4.636444 2.312082 0.665700 -0.063538 -2.391004 
3619555516180301940.mp3 :-197.408127 114.582242 22.047799 32.105371 14.750424 6.393166 4.634911 0.676239 -2.095482 3.741240 -5.546617 -2.097935 -3.763896 -1.099326 -4.974088 0.537513 -7.125561 -0.207715 -6.066258 5.310835 -3.020413 -0.874901 -5.297398 -2.120763 -6.627806 4.301042 -1.033201 0.394425 0.990735 4.000658 3.513044 0.102872 -8.270271 -4.332142 -3.675579 1.248480 -1.367496 3.103171 -0.999108 3.750114 
3667319499521144205.mp3 :-352.500046 157.091030 26.088597 7.868838 7.563397 0.463314 -4.131334 -7.593579 -6.431388 -5.056222 -8.421090 -7.734746 -4.691821 -0.550908 0.189314 -1.827219 -3.668854 -3.382826 -4.210185 -4.309560 -4.520953 -2.606201 -0.198668 0.150346 0.929522 2.670521 0.095336 -0.571076 -0.846394 -4.122828 -5.109288 2.018970 2.165705 -1.678035 -1.928092 -3.603838 -4.118269 -2.054565 -3.729322 -3.632529 
3610911514516213385.mp3 :-128.155981 70.068963 26.510042 22.135379 20.034907 5.984342 8.234558 15.294539 -8.803749 5.343424 -1.085435 -4.129263 0.255292 1.064616 -4.684648 -0.788167 -6.935482 0.896158 -6.792197 -2.218888 -6.524454 0.842294 -10.018458 -0.372555 -3.569277 -1.661499 -9.622131 2.748439 -6.397251 3.319249 -2.601652 -2.077576 -8.268312 -2.798506 -5.642199 -1.671824 -3.885957 -1.139976 -2.565243 -0.841681 
3628262402633224432.mp3 :-121.127167 113.482883 3.254835 23.016624 1.180621 10.981683 -3.001588 3.229989 -2.721634 -0.231535 -7.398008 -0.538061 -2.572907 2.832421 -2.215147 1.006685 -6.333843 -1.485935 -5.153262 -0.514789 -4.001122 -2.626315 -4.611631 1.035054 -1.624461 2.967730 -1.678450 2.316805 0.814299 -1.489094 -8.194937 -0.480064 0.171297 1.669887 -1.762851 -1.606354 -3.226733 -0.447758 -1.054993 3.915016 
3665531115792664661.mp3 :-159.783348 81.669754 -40.202182 10.167624 -18.496034 -10.489709 -8.570712 -14.640421 -12.142561 -18.416367 -13.024405 -12.945975 -8.646573 -7.539279 -4.267200 5.060923 1.328910 5.828393 -8.265659 -2.161435 -8.592553 -2.349599 2.086436 1.978271 -1.761203 -0.162188 -5.377001 -5.378567 -7.268331 3.844896 4.417607 5.174084 -6.789171 -4.467192 -4.344657 2.025838 -2.548955 1.322483 0.454424 1.801544 
3670415106170940339.mp3 :-57.574716 59.590108 6.042413 29.858933 3.037679 9.915644 0.247548 15.503835 -0.652375 7.067992 1.701823 5.403582 -0.066940 3.436537 0.894692 6.391818 -2.648515 5.959039 -1.793445 1.920159 -4.678756 1.762499 -4.232717 1.860888 -1.752915 5.698235 -3.179262 3.574051 -4.354980 -3.599824 -4.197414 2.587468 -0.208814 2.433803 -1.254764 1.919374 -0.870844 -1.073712 -4.063106 0.326446 
3603481991408533203.mp3 :-47.368283 82.395787 12.638910 30.162022 10.539710 13.981424 4.431769 9.607516 -3.327376 9.056440 -3.047087 3.151905 -3.352748 3.220345 -3.750883 1.760314 -4.414346 0.228000 -5.240920 2.625088 -3.494626 0.228461 -6.404299 -1.445415 -4.401744 2.380292 -5.765013 0.830471 -2.168536 3.311194 -4.907099 -2.152968 -3.306810 2.425849 -3.019095 1.463307 -3.433178 -0.133100 -3.466769 0.557691 
3618160396727454588.mp3 :-131.375047 83.829857 13.624342 38.392540 7.037853 9.121082 1.048338 7.465126 0.699578 8.277550 1.428330 7.401508 -0.581904 2.104630 0.661086 1.336295 -1.878423 5.400105 -0.269687 0.130222 1.435041 7.481913 1.489141 -0.246167 -1.697563 -0.916617 -3.968871 1.016034 -5.337658 6.480848 -2.562296 0.596251 -5.355066 1.025543 -3.075952 2.081742 -2.635867 0.139056 -2.531701 1.683849 
3592354484477299691.mp3 :-60.270575 74.040674 -23.918242 24.755824 7.379831 19.772170 0.511819 13.283602 -0.082991 3.842873 0.966603 4.322787 -0.257259 -0.264128 -1.110409 2.613522 -2.247492 2.896189 0.721227 6.670182 -3.470779 0.496721 -6.389422 2.022549 -3.927479 1.349047 -1.327661 1.397093 -5.022838 -1.293364 -1.750513 3.799912 -4.630027 -0.830892 -4.094154 -0.550819 -3.238100 3.870493 2.615422 3.096131 
3616391707196644279.mp3 :-81.029162 95.376091 19.216453 23.462834 1.972498 1.541765 -1.465146 5.909018 -5.427416 -1.177764 -1.199301 -0.857393 -5.336850 0.687965 -5.812253 0.968654 -6.047371 3.297038 -5.188557 -0.468098 -8.097131 3.704984 -5.098901 2.336341 -2.765354 -1.292194 -2.996682 2.438255 -4.260055 0.162942 1.008359 5.714047 -2.258460 0.118568 -3.196103 -0.237847 -3.979227 -0.600166 -3.407755 1.378917 
3650192104251365447.mp3 :-125.686906 109.575309 -4.481538 30.073493 8.015073 5.182969 -2.249840 5.841738 -3.060648 7.573810 -3.486587 2.075765 1.876420 2.912423 -5.171409 1.470337 -8.515688 -3.464726 -6.468192 -2.689750 -2.228092 1.621204 -2.356448 0.216224 -4.786884 -1.722586 -2.088075 1.335829 -3.076603 2.128988 -3.305967 2.564529 -1.114673 1.095114 -5.814007 -2.865701 -6.713442 -1.534105 -2.123302 0.604794 
3639340233868395110.mp3 :-153.882069 135.896500 -8.775750 29.487320 8.316903 5.508081 -5.019337 2.431185 -5.574633 -4.876614 -12.283882 -2.504337 -4.775609 -0.921692 -7.482840 -1.220641 -5.544833 -1.571165 -6.484152 -3.378464 -6.209544 -1.676726 -5.366832 1.284659 -2.844427 -1.661876 -5.861914 -3.780825 -1.687756 5.315702 1.315431 -0.416926 -4.168145 -0.330537 -2.858350 0.202247 -0.502241 0.908434 -5.535947 -7.778179 
3669119819317919097.mp3 :-160.657970 87.173977 3.809594 18.310093 -4.516376 3.232340 4.793486 3.328032 2.780263 6.931809 -5.940708 -0.131572 -11.385000 0.678016 -5.786456 -0.589533 -4.995292 0.882777 -2.680616 0.858926 -4.471504 -0.510616 -3.083899 2.424029 -3.697658 1.210682 -7.153645 -1.070504 -1.638157 1.051541 -7.237626 -4.634249 -4.552580 1.853201 -0.417597 1.070879 -3.987809 -0.977850 -2.232930 0.597586 
3652256197582618634.mp3 :-109.516556 87.002734 9.574452 34.631452 14.469260 3.417776 -4.937270 9.079440 -5.489155 1.514027 -2.926299 -3.227977 -1.191809 -0.740388 -6.726930 2.975199 -5.384414 -2.389238 -3.892687 2.369304 -9.488539 0.032165 -6.790039 -4.892905 -7.833742 1.810909 -4.965959 4.360803 3.432676 1.434088 -4.178117 -1.917787 -2.135389 0.546286 -1.545165 -0.603481 -4.012781 -0.113670 -0.864126 0.358213 
3609991742919407372.mp3 :-64.835231 68.121345 11.129037 25.234967 1.371221 4.062666 -4.453197 1.725640 -9.318318 5.139072 -1.648187 0.492212 -5.257539 2.786025 -4.555550 2.670324 -2.389025 3.444757 -4.750603 -0.098218 -2.551940 3.059425 -3.328549 4.275943 -0.743296 0.523710 -5.018862 1.536146 -5.490318 0.710315 0.351327 6.928686 -1.695578 1.528472 -2.743701 0.444052 -2.574011 1.761239 -5.257621 0.094501 
3596916256714995619.mp3 :-83.260860 99.069992 19.586343 21.219199 3.859363 6.734621 -2.545104 6.661059 -3.743062 8.046135 -8.022705 -1.275765 -5.600113 3.470353 -2.021486 4.010803 -1.446326 0.167146 -7.618770 0.218770 -2.747229 5.066629 -2.877326 -2.012140 -6.742840 -0.763882 -3.756969 4.361145 -0.729784 -1.557851 -3.389281 3.539113 0.515424 0.159211 -5.054890 -3.800006 -6.672555 -2.248824 -3.196375 3.049878 
3600368021435084010.mp3 :8.885785 73.400719 6.633820 23.182401 2.436160 9.963940 3.042444 7.499472 -6.381265 4.208433 -6.063550 4.738805 1.157871 5.843201 0.609724 3.418842 -4.890658 0.588884 -4.970001 4.475890 -3.578896 -0.308561 -3.903296 4.174254 -2.697055 2.411208 -0.642176 4.152331 -0.850442 2.485191 -4.228787 0.968995 -4.072474 0.157380 -2.085511 2.797229 -1.337810 1.545039 -1.287261 1.119433 
3661366173656032844.mp3 :-107.524423 91.253979 -1.474581 25.793398 7.031002 6.852411 6.218791 15.285699 -10.732510 12.465010 -2.432369 4.950547 -4.660793 -4.058501 -5.169450 6.662642 -8.732442 2.954406 -3.726269 -4.365194 -2.897838 -0.774262 -6.262250 0.859416 -1.737448 -0.877403 -1.330041 1.811853 -2.990548 3.082006 -5.591441 -1.934657 -2.792151 2.064014 -1.837181 1.159050 -1.311246 1.828232 -3.809613 -0.571852 
3631984398207705366.mp3 :-158.492814 117.240925 -0.323445 22.962929 -5.808651 12.227813 -7.157357 0.880713 -9.102970 1.472530 3.179270 0.257683 -1.320173 -3.367570 -8.899710 2.470877 -4.502848 -2.429152 -0.730126 0.785135 -8.612678 -6.805228 -5.043593 -5.019979 -0.927856 5.043819 -3.954641 2.601515 -3.741033 -1.539621 -7.071101 -1.412096 0.055014 1.476652 0.205581 0.811944 -5.154619 2.630228 1.634558 -1.580845 
3590652078416277780.mp3 :-153.572192 97.403387 5.274014 27.570264 -1.346045 4.795490 4.431627 0.747369 -4.358169 8.492498 -7.291311 -1.924933 -6.504220 -3.025830 -3.607910 2.913849 -2.815520 4.018550 -0.234016 -1.442150 -3.889311 5.724502 0.855452 3.668000 -4.780655 -0.406471 -10.833749 -2.585483 -4.919461 1.674639 2.763590 2.118005 -4.815012 -0.774880 -5.569350 -1.663405 -5.408968 -0.454726 -5.964363 -2.810723 
3647701388687043587.mp3 :-68.861940 84.999977 17.849851 19.859812 17.089692 12.895370 -0.506106 8.990188 -5.508292 5.214704 -1.708087 0.872574 -2.501560 1.334441 -3.578611 -0.026141 -7.438796 -0.914289 -5.789248 -0.223958 -5.558160 0.593997 -5.417085 0.691473 -3.057249 1.464313 -3.241350 0.154081 -5.526963 0.382902 -0.947042 4.275177 -1.177967 2.536380 -1.862095 0.812021 -2.578792 1.719070 -1.308713 1.131378 
3595744253823343334.mp3 :-185.636556 95.485913 -23.442242 17.651342 -14.252460 -1.438538 1.389745 -2.332623 -1.767444 9.875195 -4.990211 5.019724 -7.645562 -0.746632 -6.729145 0.519774 -6.900571 2.281955 -7.061262 0.311302 -3.930033 -2.062222 -4.648943 -1.734398 -9.409824 -2.075476 -5.964941 -2.406274 -2.688905 1.849755 -1.044295 -2.887777 -4.753078 -1.715835 -1.478719 0.355141 -1.692576 0.160601 -1.677255 1.107529 
3639728583687539056.mp3 :-137.683932 112.725344 13.430082 21.318461 9.079398 3.428303 3.471950 -1.557311 -7.735028 4.759521 -10.072726 -2.157924 -7.682824 0.183229 -6.528938 -0.442268 -6.301818 1.596395 -3.263258 3.603640 -0.039213 3.412118 -1.079037 0.056154 -6.290867 -0.836197 -5.724267 1.309873 -2.559515 -1.865843 -6.478831 0.070629 -1.998715 1.090865 -4.508576 -2.656030 -6.349789 -2.540214 -5.305090 1.633382 
3632385676332376419.mp3 :-65.498978 86.337301 -3.273208 9.317353 -3.672298 18.505536 -3.298793 7.415005 -3.812427 -0.063153 -6.281106 0.587860 -4.509691 0.113594 1.579784 1.005262 -2.636737 1.538942 0.702312 3.912104 -7.126797 -7.257405 -7.774237 2.558037 -0.941905 0.810267 -7.202257 -0.924336 -1.895863 -1.602066 -9.819476 -3.957880 -2.881594 2.450369 -1.780597 0.569429 -3.731311 -1.067582 -4.241621 -1.689186 
3609533031147395647.mp3 :-202.351958 117.931443 -5.446746 22.860441 3.821025 -15.790744 -7.952951 -0.970148 -19.716987 -5.671807 -21.212358 -10.527895 -10.514842 -10.506515 -14.988044 -3.582330 -4.534947 -1.578934 -11.710889 -5.944828 -6.590458 -1.274789 -0.467947 3.062159 2.106742 3.143969 -4.377984 -2.926262 -5.467047 2.641935 3.391880 0.135146 -4.222193 0.946835 -4.514826 -1.791210 0.276453 -1.101818 -2.989820 1.894228 
3654700345318431858.mp3 :-170.642849 105.668382 21.360035 18.473356 6.013916 2.093827 -0.033387 1.186163 -5.491388 0.502686 -1.562892 -1.039626 -4.045470 0.962918 -4.022675 1.529691 -4.809363 1.836944 -7.061269 -0.006146 -5.468311 -4.140307 -4.325035 1.505302 -5.139100 0.472560 -3.107228 -2.465523 -4.752093 1.026712 -0.649167 0.615678 -2.058040 0.859629 -1.801063 1.374816 -2.138274 0.866172 -4.350257 -2.827733 
3665892432179887519.mp3 :-17.773060 48.548940 5.889643 22.311782 -1.714925 15.875632 -0.706545 5.357112 -1.411355 5.554510 0.856550 5.284483 0.540877 5.580584 -0.780767 5.667168 -2.523338 3.143790 -1.772766 2.138607 -3.182624 0.586063 -5.263948 1.566733 -2.258728 5.348050 1.809838 7.307654 1.726486 2.683355 -4.633393 2.260960 0.665569 3.636944 -3.745800 -0.682945 -5.438967 0.857666 -1.319987 2.022286 
3644286044071583885.mp3 :-91.363567 93.986291 15.901848 26.151065 8.049848 -5.545847 4.257883 -4.789027 -5.833031 5.930039 -9.089403 0.029467 -5.683853 -4.267421 -5.616455 -3.015221 -7.338306 4.749431 0.291852 4.225214 -4.968387 -2.169557 -7.994174 2.134506 -2.601799 5.034584 -2.610310 1.894355 -0.457381 -1.331308 -8.641363 -2.524778 -3.013331 4.287624 2.429131 3.893640 -0.418731 0.290611 -4.506163 -1.738565 
3614542124921478587.mp3 :-245.187636 77.906813 3.795264 9.326904 7.881122 4.227406 3.639831 -0.754150 -7.870053 6.908924 -8.611779 0.902053 -4.830563 0.547172 1.887712 8.229297 0.336742 1.383917 -5.612279 2.468916 -2.294924 -2.832407 -5.802830 -5.238322 -6.982772 3.594160 -2.903256 4.515914 -0.997249 0.099805 -2.011707 2.189182 -4.775020 -1.744847 -6.117267 -3.327302 -3.484372 -0.476475 -0.394678 2.098843 
36652710934751741.mp3 :-133.434350 94.794513 17.217825 17.512744 0.817235 3.756027 -0.086063 -0.298939 -12.543800 -0.725186 -12.029967 -3.732965 -12.911455 1.437521 -4.025153 0.515687 -2.137023 -2.283550 -8.042591 -8.167224 -3.995200 5.810940 -0.965858 -0.158882 -6.596404 -2.974447 -5.520862 1.011646 -3.088226 -2.302187 -3.537787 3.128725 -1.338300 0.162869 -4.814119 -5.541803 -7.503008 -2.269629 -3.640110 -1.249909 
3621378828950778218.mp3 :-32.169471 68.600461 6.212817 25.176762 -1.753413 0.252312 -3.843180 -3.162935 -9.719876 4.684311 -7.262067 2.301540 -5.263132 0.018233 -3.846994 -2.721986 -6.041785 0.858682 -4.401513 1.910157 -3.637753 -1.219487 -5.055570 0.479154 -6.378519 -0.077457 -3.516949 0.344798 -1.913730 3.047709 -4.613869 -1.415819 -4.409334 1.069779 -2.499155 0.961707 -5.129837 -1.404341 -4.824381 -0.096721 
3660141039362893052.mp3 :-82.785562 83.706378 12.572148 21.031313 5.750342 4.054476 -6.517702 8.225695 -10.507058 0.393119 -8.703565 -5.237222 -2.979446 0.693842 -6.267759 2.515193 -5.523285 -0.847892 -5.190105 0.841490 -5.998915 -0.351973 -6.088422 -3.914020 -6.260275 -0.147631 -4.752127 3.113926 -1.799329 -0.309166 -3.720921 1.521018 -3.333532 0.216678 -4.631619 -2.283824 -5.476258 0.309382 -3.350835 0.645328 
3614443839771671759.mp3 :-201.473659 123.825940 -15.064590 23.796707 -8.847666 3.542151 -2.885114 4.724505 0.338557 0.127998 -0.823545 3.928216 -0.058434 -0.516959 -2.649605 -0.027372 -6.933918 -3.638752 -6.041829 -0.808541 -3.190074 1.341830 -0.924120 1.009307 -2.364406 -0.099485 -0.377295 2.259804 -0.772100 -2.649444 -5.313358 -0.129244 -2.362033 -0.504886 -4.563856 -3.898996 -6.869699 -4.959792 -8.232068 -2.997923 
365443611004862318.mp3 :-81.332139 63.773631 17.430209 33.096809 6.412958 13.191545 10.610998 2.190812 -1.806234 2.457210 -5.676583 3.839977 -4.269329 5.505609 -1.107168 3.314639 -6.532799 -1.900656 -3.644481 7.716295 -1.603214 -0.153290 -7.373728 -1.802440 -1.636432 5.054305 -4.429039 1.349052 0.037662 7.094065 -5.933276 -8.057016 -6.539983 1.500875 -1.261686 4.136481 -0.595500 2.110513 -5.815495 2.645919 
3653577234639806532.mp3 :-107.697937 79.879852 12.683845 40.320167 -0.041477 20.142624 7.127598 8.049438 5.044184 6.285002 -2.016591 6.387971 -4.184327 1.826243 -0.298179 4.477727 2.666211 3.977230 -0.300089 2.993636 0.872454 3.100186 -3.350239 0.786406 -3.192478 2.879186 -1.929749 3.270439 -6.998918 -1.408029 1.139913 7.027531 -4.110917 -2.933231 -4.950171 0.422983 -1.721793 1.280278 3.002563 4.948789 
3658184626275892318.mp3 :-150.614392 72.943489 12.700581 32.216694 6.864921 11.685453 3.147504 5.687764 -7.616682 7.347862 -2.733090 5.099556 -1.860818 0.691098 -2.915690 2.516252 -5.806329 3.401205 -5.778814 0.642556 -4.058550 0.830691 -5.975162 1.823288 -4.119685 0.253071 -3.314062 -1.712369 -6.139735 2.105705 -2.432050 2.017459 -0.976577 3.281331 -1.165585 2.556151 -0.999883 -0.349707 -4.466840 -0.452342 
362530115596837286.mp3 :-172.856739 97.714984 -8.767456 20.628418 -4.558360 5.444209 -7.421909 -0.730369 -7.608961 4.997760 3.912605 1.523943 -3.741384 0.066350 -0.761101 -0.494024 -5.166147 -0.906387 -4.537570 2.244563 -1.692011 5.506094 -2.366591 -0.643398 -2.069653 7.925378 1.648168 2.044120 -0.308123 -1.131139 -4.843907 1.053752 2.704364 1.938447 -3.041950 -2.942351 -3.017973 2.505343 1.222602 3.412138 
3610999773874478380.mp3 :-133.864006 95.006063 -4.641331 44.907871 5.670503 -0.786253 1.214065 12.139171 -13.953636 3.077778 0.016294 0.308049 0.273417 4.380338 -6.256930 1.077898 -3.401714 -0.250328 -3.996520 -0.336106 -11.033759 -1.024503 -4.634795 2.123533 0.106320 4.711465 -3.574697 0.036916 -3.800674 -0.068136 -2.370481 -0.013237 -5.898080 0.831232 -0.768922 2.998813 0.807369 2.169332 -4.532914 -1.989848 
3599793346333591049.mp3 :-134.383762 70.949106 -34.755015 11.388913 -19.841650 -4.104190 -3.467530 -7.854155 -17.363167 -0.569335 -11.498208 -3.408878 -9.501653 -1.876588 -2.075112 1.964754 1.531169 12.593589 9.037874 11.139285 -14.103689 -14.743111 -7.275117 4.848068 4.468021 4.996086 -4.120684 0.927458 -7.851748 -7.267143 -3.336923 2.254865 -1.323587 2.203093 -1.611502 5.471288 0.294048 5.603688 1.896853 -1.122261 
3626873051493525665.mp3 :-67.500617 114.401178 -18.431278 20.683207 -4.804642 -11.405072 -5.403940 -6.456549 -23.883060 1.839721 -13.000676 -8.960213 -6.707732 -8.921603 -7.113964 -5.875377 -11.261635 -2.924610 -10.697784 -1.680574 -8.376705 -2.792247 -9.970296 0.951053 -7.528976 -0.741236 -0.663308 1.004689 -2.570615 -0.912637 -5.105203 0.055257 -1.454303 3.154550 -4.400894 -1.511168 -4.685889 -1.555398 -2.484974 0.547986 
3641352086240859483.mp3 :-110.014670 103.855556 35.271206 15.266127 4.452499 8.916479 2.949267 4.694941 -5.433590 4.747275 -10.563137 -0.383929 -7.992345 -1.438119 -6.284640 2.889875 -1.575944 3.493120 -5.379877 3.861252 -3.130643 5.738484 -2.039306 -1.706282 -5.497738 -2.581387 -9.049763 -2.099741 -3.810536 5.351875 -2.347501 -2.514435 -6.449503 -0.019893 -1.753675 2.526668 -3.335509 -1.218310 -4.401725 0.564728 
3635381579742924303.mp3 :-79.163080 74.421316 1.180142 23.961801 -1.904575 4.582637 9.508467 0.639994 -9.067248 13.005900 -10.657368 4.568193 -6.244988 -1.950495 -2.001314 2.772205 -6.140297 1.071378 -11.540368 -0.315162 0.063860 11.721922 4.757082 -1.977619 -12.183413 -3.416189 -8.463460 0.065162 -0.148607 7.752698 -0.216573 1.916772 -1.163550 2.705969 -5.099568 -1.612551 -7.819478 -1.585373 -3.780479 -0.055984 
3632717352941029003.mp3 :-60.365025 98.442712 -2.003926 34.881507 3.018383 8.347630 -5.599258 7.428248 -12.427664 2.327792 -3.044378 -1.863584 -3.277800 -1.079901 -6.442283 1.021150 -5.470656 -2.661817 -2.300558 -0.290068 -6.158552 1.495213 -5.483020 0.775657 -0.374736 4.216605 -2.377700 3.360689 -2.995302 2.552321 0.095413 1.966020 -4.230904 2.137655 -0.947214 4.500008 1.068067 4.037932 -0.928026 0.184425 
3626043815719777.mp3 :-95.240118 75.533393 13.869909 29.311664 -3.145408 6.224342 -1.631071 1.529125 -12.838205 5.241271 -12.459297 0.859608 -6.440457 -0.708177 -6.287651 -2.386387 -5.035872 4.810612 -3.279243 -0.233735 -8.426677 -3.252220 0.178467 6.038635 -0.939092 4.158243 -5.185850 3.127372 2.102881 -0.926050 -7.136211 -0.256277 -0.204886 7.364766 -1.572596 1.012545 -5.604704 -0.707577 -1.908055 0.530521 
3661160536673424378.mp3 :-153.396641 68.935973 17.018146 26.408748 -4.448161 11.989194 -2.308671 6.087398 -9.112588 3.793548 -6.055178 4.060697 -3.860020 1.467010 -4.700519 0.670837 -7.166473 -0.023084 -7.871055 -0.737229 -0.404442 -1.222134 -7.032758 -1.170694 -3.708889 1.394446 0.696574 4.535145 -3.287180 0.459234 -4.067707 4.536498 -1.566578 -0.416005 -8.785666 -4.066578 -6.745213 -0.181942 -2.060075 4.106406 
3614417931528512081.mp3 :-85.290117 74.607025 10.501244 32.572494 6.444680 4.681321 -0.578207 -0.575353 -12.097632 -1.831378 -7.935389 -3.175550 -3.702227 -7.914763 -10.414669 -1.380026 -7.673213 -0.269699 -2.509006 -2.055258 -10.303592 0.041836 -8.179779 0.808127 -5.642523 -3.649991 -7.844543 -4.141517 -6.690084 0.493219 -1.069893 -0.460557 -6.055667 1.030028 -5.061436 -0.367136 -4.436346 -0.860553 -3.815798 -2.964212 
