7417963698451409820.mp3 :-154.362293 101.769522 25.401049 35.110884 6.332036 7.535409 5.894582 6.944926 -0.956115 2.700064 -4.665184 -2.442724 -5.084043 2.318179 -3.472512 3.278965 -2.952633 0.099150 -6.623523 1.050148 -1.510727 3.008298 -0.453536 -1.443626 -8.566439 0.397356 -4.844629 4.116906 3.573609 0.961096 0.545956 2.116133 2.050160 -1.273684 -5.239142 -0.945949 -6.327646 1.027376 -5.391422 -1.775047 
7366875368359832032.mp3 :-68.200955 95.500821 4.193449 34.809221 2.568944 5.344679 10.348581 3.118539 0.238135 12.021420 -4.503284 6.328512 -3.041490 0.394704 -2.949445 1.440149 -1.045331 7.008198 -3.921115 -0.134780 -9.140435 0.299501 1.391242 1.751424 -4.828439 2.652435 -6.660794 4.240520 -4.106797 -1.668118 -2.274553 3.344922 0.454781 2.548514 -4.852664 -0.963623 -5.990515 -1.176001 -2.100506 -1.553073 
7398816436325230846.mp3 :-175.628341 97.847266 5.512592 21.104419 -1.341611 -3.706363 11.059960 -13.207346 -8.904428 0.950612 -13.917895 1.309461 -4.796577 -3.773693 -4.250694 -4.675816 -2.219072 4.444483 -0.767409 9.665350 -1.025901 0.024404 -1.744227 3.000632 2.080773 2.755490 -6.710356 2.670397 -1.523815 -0.561659 -8.400885 -4.095812 -1.274803 3.560623 -2.197044 1.164404 -3.795946 -1.295864 -3.854079 0.776769 
7456464365787303149.mp3 :-119.400689 107.050301 12.605532 27.546124 13.484490 2.684261 7.193277 2.521836 -6.612740 4.110397 -4.179525 -1.281431 -7.581584 -2.301223 -3.671630 -2.285966 -7.591691 -1.527848 -8.415359 1.077736 -2.233849 3.516872 -4.520800 -0.052989 -10.016929 -1.526371 -9.027036 -0.813490 -0.381021 6.683517 -1.203513 -0.945276 -4.075192 -0.638640 -3.474606 1.101173 -2.142486 1.006880 -1.888802 0.882249 
7426715531494501458.mp3 :-135.373141 139.501056 -0.460664 13.989042 4.400139 -5.448746 2.252311 -13.387938 -4.540855 -1.445475 -13.372771 -2.041750 -8.666471 -4.385855 -5.550954 -5.716496 -5.710752 0.832989 -5.779621 0.369675 -0.705363 -0.792785 -2.834633 0.150927 -1.468714 1.666555 -4.330766 -0.482254 -2.871869 1.803234 -6.901492 -9.086497 -10.184547 -2.223162 -3.025623 2.508641 0.569453 4.858848 -2.794658 -2.743477 
7448113042634708760.mp3 :-156.331928 129.344505 18.609429 30.019970 7.941072 0.522058 2.435183 7.993721 -8.738104 7.248564 -6.717840 -7.497680 -2.117266 -2.375829 -2.106739 0.029089 -5.373650 -1.437257 -9.544002 -1.807657 -2.035066 2.552201 -4.071630 -3.080531 -5.181478 -0.846549 -2.155667 3.875543 -5.888451 0.822891 -0.312389 5.777465 -0.678520 -2.116875 -7.656767 -3.882724 -8.557404 -1.205089 -1.427415 2.721037 
7444888427542285241.mp3 :-143.131850 107.768031 12.832439 33.471572 4.291169 8.185815 15.557047 3.059865 0.201857 7.053910 -5.660010 3.880313 -1.295536 3.899422 3.703757 7.976347 1.965210 8.166211 -1.264614 -0.959304 -5.523335 3.815957 4.874333 4.574558 -2.842520 0.991440 -6.346247 2.182901 0.636274 1.905248 -3.886460 2.624924 2.674534 6.485643 -0.458021 -1.587598 -5.383050 -2.604250 -7.006145 -5.055041 
7439467402999658318.mp3 :-202.489683 96.981752 25.225950 14.705034 4.520065 -8.504948 -5.011421 -2.565290 -16.813085 4.161744 -15.679317 1.019048 -9.114994 -2.353753 -4.277021 -1.695356 -3.036372 4.320251 -9.979695 -3.205821 -9.614003 -2.018665 -0.464978 4.467664 -0.822921 1.983040 -4.531087 -3.398925 -1.990012 3.170182 -1.617941 -1.244229 -3.216657 4.552457 1.534560 3.410943 -2.609589 1.814105 -5.292278 -4.725649 
7401197636047388799.mp3 :-215.048415 121.378103 1.096010 35.700440 8.065820 2.645091 -2.496003 6.758172 -3.558702 -2.929856 -6.316809 -1.480635 -2.132656 -0.065327 -2.091901 -3.553279 -4.062201 -0.807374 -0.352745 3.195294 -3.393703 -2.033535 -4.497738 2.010242 0.704534 1.742937 -2.503972 -1.572147 -3.639727 -0.432795 -3.350046 -6.613924 -10.171812 -4.208305 -3.269043 0.425891 -0.262626 3.012299 -2.617860 -4.696613 
7408845344671664105.mp3 :-104.233317 45.784335 16.582448 5.992497 15.834812 8.079985 4.998821 6.491146 -2.601413 7.732447 -5.008266 -1.620197 -4.896009 -1.921060 -1.981114 3.853406 -1.532522 3.545622 -4.888644 0.338660 -6.871681 0.904209 -1.516557 0.935587 -5.510382 0.719896 -7.218265 -1.226562 -5.757044 4.912851 -3.883646 -0.642566 -7.095937 0.331758 -2.839139 0.728109 -6.176120 -2.133014 -3.426026 -1.576872 
7420501821884642630.mp3 :-42.466206 64.456461 11.621304 38.582976 4.671107 13.544488 3.281875 5.912435 -5.442932 7.428461 -5.612526 1.971886 -3.502996 1.598971 -3.917684 3.714430 -4.205125 0.033862 -1.545435 -0.071490 -5.447815 0.025858 -6.298418 -0.978480 -1.083513 4.643841 0.235849 3.024738 -2.252373 1.253621 -1.018353 4.548618 -3.691742 -0.502966 -6.516460 -0.924793 -2.545519 1.193817 -3.416765 -0.434591 
7386454700248885764.mp3 :-259.042185 96.051900 -6.562532 17.739034 -0.533664 -3.851640 -8.253399 -3.572925 -16.691771 9.395251 -10.360198 3.110937 -8.072291 -7.235795 -12.897671 -6.072123 -4.548507 1.348591 -7.133459 -2.647812 -0.738849 -1.908957 -9.673763 -7.704728 -7.193292 0.772262 -5.766008 -3.846719 1.901403 3.941653 -7.969689 -2.817022 -4.589174 -6.197577 -2.450333 0.512079 -5.937096 4.691151 0.937459 -4.311879 
7429382913017875155.mp3 :-57.008179 82.970575 4.507719 17.587840 6.965191 12.293988 0.049609 6.517559 -3.482661 4.330178 0.729160 4.086523 -2.993236 2.869176 -1.922486 1.953730 -2.645384 2.673273 -3.480254 0.565702 -5.242935 0.712389 -4.455315 3.265463 -1.663529 2.254861 -2.100656 1.904920 -2.797435 3.679325 -2.075119 2.022909 -3.947974 1.450050 -3.524332 1.254475 -3.468949 0.098536 -4.184569 -1.801700 
7447283918704997863.mp3 :-192.743584 100.876726 27.276430 29.752031 10.922111 7.694875 -4.393782 4.036388 -9.470147 5.751170 -2.995964 -4.393106 -1.354076 1.402842 -3.204377 0.811344 -2.895102 -1.141402 -4.257648 -4.242887 -5.975083 -0.058472 -0.294940 2.604482 -2.562451 -0.093704 -6.343238 -0.533361 -6.085465 0.695533 3.248991 6.502121 -1.713522 0.074313 -5.326843 -0.787878 -4.534939 1.950767 -3.847491 -0.025219 
7414188455872500151.mp3 :-218.913021 78.755979 4.958592 26.410596 4.962220 3.325675 -2.371349 0.371801 -6.115182 5.674881 -6.812213 0.362328 -5.018745 -3.655435 -5.654073 0.063142 -3.064169 3.872864 -5.941351 -3.361898 -2.965097 0.696947 -1.613741 -1.305259 -3.233072 -0.230137 -6.103893 -1.235985 -7.060164 -3.419616 0.978987 6.048213 0.316166 0.084780 -3.440478 2.754427 -0.717895 1.869682 -1.523846 -3.528584 
7379304511459882872.mp3 :-95.279438 87.012810 18.073953 21.551741 7.673010 4.354857 2.548900 2.957994 -8.215964 4.385534 -9.270535 -0.584443 -7.562496 -1.148139 -8.172112 -3.745557 -7.360198 -1.060648 -7.575553 1.484423 -0.623553 2.056666 -6.208164 -1.699657 -6.832139 -1.021347 -6.073915 0.708004 -1.963042 4.797104 -0.755592 -1.748630 -6.076227 0.574323 -3.166107 0.317850 -3.800729 -0.554739 -2.931744 3.034686 
745347006831995390.mp3 :-121.809696 90.413283 6.810800 29.446213 8.872784 4.899657 4.316957 7.970582 -8.315504 9.604149 -4.701481 1.035786 -4.543168 -2.564516 -2.670652 4.497041 -2.296633 1.028422 -1.777537 -0.001222 0.544849 1.554312 -2.785175 0.973482 -3.757617 0.812089 -3.471678 -0.841023 -8.064777 3.544512 -0.472887 7.419918 -0.748112 0.346129 -4.662942 -0.960450 -1.527886 -0.335111 -1.926599 0.594454 
7453167120653123444.mp3 :-155.596367 53.908592 -2.378618 32.891567 5.957152 11.312808 -0.893554 5.583386 -1.854833 3.359453 -11.077219 2.273491 -4.843323 0.471529 -5.080042 2.725254 -4.774695 0.963741 -6.790126 1.828941 -4.535735 1.088675 -5.026377 -0.251910 -5.742094 -2.622304 -3.146768 -1.124047 -2.188654 -0.407042 -2.509450 2.584793 -5.129320 -2.235184 -4.303222 -0.037871 -2.744852 2.130242 -2.164374 1.779978 
737828812357105979.mp3 :-119.476444 109.382865 20.283344 16.669872 7.181157 3.614483 2.030827 2.589238 -8.515988 6.910459 -13.246968 2.314471 -8.680547 -1.314582 -5.548574 -2.411576 -5.339088 1.921183 -3.484924 0.605321 -4.606897 1.684833 0.602810 2.855397 -3.120571 2.123522 -5.915943 0.073041 -2.426244 2.036384 0.643936 2.865677 -1.688616 2.690436 -2.083081 3.044352 -1.226719 1.067764 -1.371404 2.033488 
7429109711100243246.mp3 :-264.277702 76.955558 -25.792536 16.599111 -15.215368 -7.790746 -16.937625 -7.572953 -22.327986 -0.058449 -13.270247 -4.138052 -6.883441 -9.762981 -6.356670 -3.266547 -13.075417 -5.653192 -9.686428 3.271216 -6.308554 -4.093121 -10.656016 0.052497 -6.772958 0.634195 5.394825 5.582046 -0.235388 0.875370 -2.843422 1.018370 -3.428785 -1.192196 -4.253124 -0.202291 -2.383547 2.337588 1.502793 3.227152 
7370205165685724123.mp3 :-174.236213 111.547571 1.673046 15.934301 -3.415298 -0.142540 -2.757406 1.560059 -17.762570 -1.670998 -11.377560 -3.306410 -4.236054 -3.447128 -3.468405 -2.452290 -4.422687 -1.456611 -5.139391 -5.016359 -5.575492 4.772559 4.048912 3.528072 -2.599066 -1.251295 -8.369927 -5.395802 -7.408045 2.988599 2.281522 1.614285 -3.596379 -0.232945 -3.696419 -0.533277 -4.372693 -2.510468 -5.497615 -1.828691 
7427091374736944988.mp3 :-84.690100 60.631414 9.168797 33.931532 3.335591 18.632014 -2.294196 7.096145 -0.821478 2.675769 0.709896 2.350209 -6.583858 -0.758098 -1.938326 1.638278 -3.908756 -0.423511 -7.532897 -0.562979 -0.167581 4.129215 -4.579242 1.560236 -5.786923 2.810151 -8.105336 0.904615 -0.148404 4.367166 -4.479748 -3.523545 -3.258775 1.785218 -2.101534 0.479599 -3.193411 0.697555 -5.011556 -4.608818 
7456974155558570114.mp3 :-113.080290 99.732968 11.423281 21.703437 11.155469 6.715540 -1.768418 7.944805 -10.350781 2.591703 -7.530376 0.195957 -4.528249 3.742626 -5.351572 -0.268384 -7.595547 1.305213 -2.584158 -2.349355 -4.602110 0.038851 -1.651491 2.398411 -2.676146 -0.716774 -3.849779 0.139340 -6.205137 2.735506 -0.826852 -0.991577 -5.142730 -0.027288 -2.599491 1.273625 -1.892831 -0.854859 -4.645476 -0.945814 
7413480676713907956.mp3 :-200.158671 122.834427 4.569168 15.031887 1.936404 10.768346 -4.227008 3.748786 -13.175020 -7.197949 -4.228383 -6.008687 -5.524635 -8.082170 -4.515334 -1.877537 -8.389800 -0.424877 -2.948387 -2.959619 -6.573811 -0.201016 -7.717750 -5.430155 -7.578229 -2.436182 -4.436213 1.650615 -3.466733 -2.705278 -7.220941 -2.109670 -2.099529 -0.186750 -3.413820 -0.761466 -4.588822 -1.932389 -2.934902 -0.063131 
7399385956467004839.mp3 :-201.014653 143.702843 1.371016 7.976815 -3.059344 8.475218 -3.973228 2.361841 -8.101147 -5.080848 -4.120837 -4.824293 -6.669362 0.130839 -0.256026 0.545524 -3.532558 -2.065405 0.059895 -0.076937 -9.674670 -6.196851 -3.074253 2.575919 0.163779 0.797476 -3.418639 -2.250254 -2.836252 5.732020 -0.426100 -2.303911 -0.243978 3.172819 1.394428 2.824353 0.056711 -1.038706 -7.626248 -4.899751 
7397952750011603962.mp3 :-148.461704 68.755397 8.543081 36.601155 5.581604 11.650202 6.166294 5.436402 1.320269 10.955389 -10.035289 6.105150 -2.305920 6.414292 -0.342869 3.962680 -0.226845 3.681883 -1.324078 4.613706 -5.492808 6.716523 3.307967 4.682608 -0.132285 0.848740 -3.369353 5.478009 -0.959669 0.246265 -4.684286 3.337292 -1.217508 1.688628 -3.775008 -2.515616 -7.168020 -1.260491 -5.503286 -1.485292 
7406514540950935794.mp3 :-79.892381 92.337176 23.945078 30.804981 0.545925 -1.672156 2.777293 -6.062586 -9.031449 2.586038 -9.934228 -1.313433 -4.656936 -2.085664 -4.964672 0.555460 -3.714446 0.726654 -8.596988 -4.229127 -10.457620 2.514144 -3.469443 1.774189 -1.942225 2.994321 -6.270421 0.422872 -7.562804 3.102520 -1.618650 -2.004016 -4.873986 1.960500 -3.012058 2.372731 -3.620786 1.473333 -3.437732 -4.130343 
7404238492875968724.mp3 :-60.802374 82.967928 9.406420 27.331274 7.124236 6.560559 1.989799 4.192305 -6.449371 7.727495 -8.932365 -2.550314 -4.601589 0.952697 -0.748706 1.285947 -1.950342 3.544854 -2.657789 4.768187 -3.068899 4.165066 3.119032 6.123015 -3.044687 1.774981 -5.952264 1.173865 -2.698690 -2.005388 -3.739784 3.712613 1.135708 3.023764 -3.049815 -0.508269 -4.848383 -0.283932 -5.231249 -2.242074 
7452675828945290779.mp3 :-224.574817 90.564184 -18.265569 15.771672 -4.041591 -5.265328 -4.535298 -5.169082 -14.884296 9.222191 -5.072082 5.233314 -5.540605 -8.699960 -14.126726 -7.282835 -6.937022 1.263064 -9.094482 -1.925590 -5.404569 -3.218113 -5.647780 -0.317067 -1.912047 3.714352 -4.760986 -3.070417 0.985686 -1.503303 -11.315447 -0.118549 -1.215301 -2.162549 1.313134 3.275930 -5.948350 2.275495 0.495039 -2.281384 
7415822454306158413.mp3 :-245.699801 87.628003 -9.415616 23.402199 -4.983345 3.722921 -12.316124 -3.285539 -18.384663 1.204241 -14.544659 -6.159791 -7.818964 -10.268208 -12.113364 -5.932892 -8.627310 -4.033568 -9.857545 -4.578912 -4.596742 0.756925 -4.588603 -1.546444 -5.682988 -4.830756 -7.473584 -6.310302 -8.224095 -1.239028 3.008299 1.803834 -3.590047 -3.265820 -1.417717 -1.266200 -3.428436 -5.043930 -6.659071 -1.202682 
7392268307850143367.mp3 :-108.854758 72.920176 33.944173 21.189384 6.530920 5.493573 2.529841 2.033254 -5.060437 2.393907 -9.033907 -0.283193 -8.026121 -2.102115 -5.620801 -4.739979 -7.835615 0.065743 -6.041687 2.446448 -5.052255 1.490082 -5.650957 1.217882 -6.009898 3.725437 -4.464078 1.356734 -1.934424 3.784450 -2.834163 -0.258195 -7.326017 -3.087124 -4.903239 1.311372 -1.689814 1.179006 -3.329222 1.730966 
7432196520577637079.mp3 :-109.897763 93.522201 28.990053 15.208150 10.648588 -0.242564 -4.576923 5.296352 -3.059673 10.779427 -5.225441 -0.388539 -3.631979 4.623853 -1.140365 0.534408 -1.936115 4.237601 -2.035342 9.776022 -5.762299 1.800074 -2.620891 0.139985 -2.083624 1.372720 -2.937507 1.474144 1.378164 -1.548055 -6.875864 -2.071615 -4.102923 -1.532438 -2.016483 1.110204 -2.547531 0.237659 -3.078194 1.546342 
7428415068267148906.mp3 :-99.094895 102.385276 16.620234 25.183089 12.862476 5.796756 -2.609271 10.864705 -4.133863 -0.222102 8.433376 0.586977 -2.042353 2.057795 -0.933282 -0.104079 -0.133710 0.868287 -4.461466 3.708843 -9.233781 6.528486 -5.610756 7.606314 -6.858830 1.475631 -5.269592 1.225918 -2.467923 2.249884 -3.988751 0.288156 0.857114 2.558342 2.995728 1.359643 -1.133157 -2.024346 -3.439767 -0.905212 
7448270869160284050.mp3 :-154.167924 110.136914 37.416745 13.601943 -0.347618 -4.031230 -6.735591 -0.233099 -12.810567 -1.326150 -8.243010 -4.910714 -1.517672 2.372150 -4.766686 0.552035 -8.214866 -4.728075 -8.865274 -6.542700 -2.844518 1.445938 -7.247511 -4.391900 -8.709032 -2.169054 -3.479140 -0.895934 -3.309193 4.850754 -1.349279 0.735419 -7.321034 -4.441319 -8.371612 -2.965479 -4.833718 -0.048624 -3.057348 0.236250 
7378223288173089616.mp3 :-139.423839 91.792996 19.518458 40.026490 13.488705 7.575436 5.113335 1.897348 -2.104692 3.173953 -4.819967 -1.812688 -6.319245 0.367756 -5.804348 -3.118901 -5.010061 1.026506 -6.005180 3.127009 -2.856686 3.101795 -0.609161 -1.140114 -8.955039 -0.177680 -4.238655 5.313405 2.864977 1.050622 -4.919262 1.291681 -2.056027 1.200430 -4.584465 -0.937010 -4.915610 -0.711596 -6.798463 0.315869 
7367213725013491184.mp3 :-140.808492 127.298817 10.410786 35.717278 5.185191 5.965755 -0.418048 10.176622 -10.202926 3.078485 0.577756 -1.420756 -2.518833 -1.246426 -3.730646 1.215667 -4.891246 -2.333020 -3.616577 -3.011336 -6.866964 0.483560 -7.896485 -0.848099 -4.479559 -1.549450 -7.044724 -0.189312 -3.897410 0.362580 -0.434751 1.225788 -3.480663 0.610880 -2.318513 0.534515 -5.301215 0.087860 -6.729113 0.565654 
7381800600753964250.mp3 :-195.976610 93.374069 14.994655 39.078788 5.195045 18.603455 4.063722 11.456586 -4.571074 9.206613 9.452463 4.510089 2.738316 6.270507 -1.639841 3.220656 -2.967743 3.649290 -2.719467 1.591115 -2.705796 2.702894 -0.977395 2.154389 -4.625814 2.356815 -2.687404 2.629964 -1.836566 8.497049 2.676577 -1.648778 -5.169272 0.262225 -2.754947 -0.365936 -2.137288 0.049830 -1.129812 -0.605712 
7378187263560426040.mp3 :-176.397112 109.438220 21.571559 38.947720 8.526042 6.435245 -4.016326 11.872814 -11.799462 1.354424 -5.915504 -2.228868 -4.690054 -1.906995 -3.983795 -1.411877 -2.750675 -1.305927 -2.646492 -3.579418 -7.491266 -0.951521 -6.558547 -1.022277 -2.107622 -2.366485 -5.651916 -1.552264 -4.236855 -0.155096 -2.431827 -0.794838 -6.348756 -1.316195 -3.365406 -1.509326 -2.122801 -0.876947 -3.262765 -1.801337 
7394089129671932475.mp3 :-220.445652 126.867612 -1.807245 13.656432 1.776310 -10.866342 -10.139073 -3.997068 -14.938463 -3.259385 -10.189996 -3.173405 -8.610646 -0.255612 -5.800609 0.438957 -3.932619 -7.079054 -6.454139 -4.163930 -3.900052 -6.236364 -3.116220 -0.228108 -2.266574 0.801054 -3.517158 0.369071 0.058639 -0.056753 -8.642665 -2.535485 -0.070424 3.399527 3.244969 4.038716 1.420320 -1.524030 -3.449581 -1.183751 
7401006616407947153.mp3 :-142.816403 89.919592 -14.541773 15.971858 -10.008576 6.988295 -11.518747 1.782406 -6.060537 1.103921 -1.515754 -2.836318 -1.476140 -1.515249 -2.089278 2.358917 -6.327613 -1.277124 -4.216373 -0.718000 -0.702916 6.813451 2.770274 6.930803 -2.620978 -0.506321 -2.306376 1.102071 -5.390663 -0.595304 0.533340 6.725551 1.911464 1.401189 -5.428442 -2.781373 -3.227432 0.051694 -2.342391 1.034734 
7399744314605758651.mp3 :-86.889979 79.948231 19.829051 18.453701 11.143906 -2.621863 1.999285 -0.092788 -2.466164 3.081669 -5.844850 4.355105 -3.760918 3.575368 -4.228835 2.819384 -1.826825 -1.693328 -0.433429 4.581814 -4.252730 -0.350685 -7.812545 0.434879 -3.040941 0.985276 -1.632917 -0.835140 -3.980662 7.175180 -1.823103 -5.217410 -8.800419 -1.101907 -3.514228 1.826767 -0.912650 3.470300 -5.212912 -2.421926 
7432755212212696579.mp3 :-119.618869 93.050451 31.635656 24.569559 10.600949 4.936433 8.964075 2.268278 -5.537215 2.977339 -1.841327 2.809081 -4.926408 -1.563533 -4.292776 -2.500083 -5.694849 2.770355 -3.414630 6.964563 -2.433099 3.168641 -1.574332 3.761704 -5.299603 6.069715 -0.201459 4.031399 -1.282007 -2.626775 -7.307171 -0.478512 0.239735 3.467313 -4.849538 0.305231 -2.494549 0.373723 -4.833574 1.630473 
7440791984619235795.mp3 :-65.803068 99.188979 25.719279 15.847289 5.403399 0.640514 8.385375 4.277004 -10.375251 5.138625 -1.146506 3.742404 -0.615266 2.531428 0.588297 0.403389 -3.021321 1.437064 -4.787011 1.628881 -4.173721 4.710660 -1.332680 5.174296 -4.670867 -0.224966 -4.868868 1.199535 -1.177756 4.396091 -2.868206 0.014948 -2.437000 1.782273 -1.271190 2.402691 -1.654870 1.593600 -2.061659 0.883608 
7444245597653510240.mp3 :-216.287241 91.071470 3.988967 2.014486 -9.390637 -15.464217 -4.257720 -12.310637 -20.073285 -3.631928 -27.508287 -6.121808 -20.405556 -6.483925 -8.642483 0.411403 -1.020016 3.854417 -6.167226 -2.350903 -6.672768 -4.901573 -3.300190 -0.021012 -2.765943 1.979447 -3.591554 0.971072 -3.126985 -0.882911 -1.331892 0.564054 -4.266492 -0.663966 -1.869898 1.938204 -0.548244 1.112399 -3.196788 -0.229902 
7424176960432930183.mp3 :-163.243576 107.748048 29.374866 15.392705 1.948243 7.616804 9.156033 2.036174 -4.662047 2.982237 -8.010446 -2.566693 -6.998495 -2.039890 -7.856205 -2.260411 -5.016537 9.195223 6.249560 12.248694 0.598903 4.264128 -3.718636 -1.382815 -2.361876 4.005824 -3.356847 5.541512 -6.262617 0.446046 -5.585328 -2.389796 -1.161435 0.522010 -4.702664 1.623855 -0.222424 3.814435 -4.056691 3.073831 
738003061434749130.mp3 :-103.601879 91.051434 3.140177 32.392531 0.213842 9.437151 10.299142 -2.329739 -4.282126 -2.515235 -7.612788 4.683061 -6.791560 -1.968306 -5.384030 2.209149 -5.734040 1.677056 -6.776304 2.646545 -3.054022 1.324797 -2.395693 -1.303748 -4.115247 -0.202597 -4.790124 4.972418 -0.468452 3.214042 -0.835713 -2.474110 -3.798480 1.206111 -4.259471 0.639088 -7.774661 -1.160744 -4.688473 -0.228622 
7421799032474244687.mp3 :-56.849730 82.235831 -28.187182 12.759239 3.974515 11.304705 8.194226 3.366168 4.115030 2.740064 -0.804134 2.161636 -2.011064 6.557462 1.889909 9.265016 -3.238383 2.627879 -0.904300 0.364201 -5.272230 0.946950 -3.722729 3.326407 -3.586376 4.404289 -3.408967 3.326553 -0.839229 -1.125993 -5.690948 5.213431 2.196178 4.492620 -3.919351 -0.344355 -5.794958 -1.709966 -1.313394 2.958749 
7386693541876147204.mp3 :-230.246204 144.192946 -17.703443 29.253587 -6.377490 -6.406748 16.879306 -14.359520 -9.629407 6.597925 -11.002974 -1.224331 0.114582 -6.726870 0.689365 -2.513975 -0.507050 4.695626 2.393423 5.495364 1.953699 -2.276303 0.616971 1.062089 2.598926 6.001578 3.542156 3.912603 0.591726 -4.467093 -5.776688 -3.728807 1.130657 3.244986 1.076686 -0.412160 -0.323609 1.242899 -0.901235 -3.382329 
740815858953303936.mp3 :-219.338231 67.341055 10.845546 3.088859 12.335755 0.832427 8.083411 1.089697 -13.440693 8.970378 -11.763146 2.403881 -12.401987 0.660693 -8.580253 2.424699 -7.272485 0.107615 -4.358107 4.240114 -2.059417 -1.279614 -4.249290 -4.395283 -6.784454 0.610283 -4.637099 4.934348 1.935232 4.346977 -9.172391 -3.821153 -2.310312 3.663175 -2.597348 -0.427992 -3.838588 0.652739 -5.658481 -2.489866 
7450690145678899374.mp3 :-103.089609 82.471548 5.579386 17.896523 -4.234485 -1.955500 1.751469 0.992509 -17.223060 1.595555 -7.901803 3.669173 -2.597698 4.704233 -6.161083 3.965278 -2.980692 6.243973 -3.875098 5.929423 0.786774 6.779348 -1.689859 1.674553 -3.704768 3.629726 -2.731467 -0.579409 0.455133 1.887803 -4.320110 -2.202568 -5.119413 -0.125237 -3.323852 0.361817 -3.355360 0.076054 -3.012294 -2.746510 
