3286881329021439748.mp3 :-153.118760 114.562586 -11.057456 28.967339 3.758666 1.917546 2.008876 -1.109142 -4.150046 -0.442254 -11.528917 0.288753 -0.818554 0.516047 -2.358471 2.444115 -5.396019 0.065289 -4.028576 2.744186 3.243650 0.151043 -4.068554 0.046648 -5.337170 2.822078 -3.299266 -0.837606 -6.479988 -3.579126 1.760862 1.847589 -7.894892 -4.315767 -6.596783 -1.880271 -0.990970 3.201803 -0.797955 2.814552 
3309565551946772017.mp3 :-127.946648 97.131654 22.905931 36.969968 0.660646 10.553992 -1.457962 7.162829 -3.426606 0.845719 -1.793964 2.934754 -5.092360 -0.013197 -3.803072 0.158881 -7.275047 0.504139 -4.980686 -6.791722 -8.823292 1.865050 -4.398430 1.926314 -4.529906 -0.827661 -6.233237 -1.515568 -6.025072 1.651580 2.224981 5.723935 -1.424978 1.616432 -4.181677 -0.886807 -4.483919 0.478250 -3.225606 1.457838 
3270131907390492100.mp3 :-94.086867 99.725551 24.788600 22.578002 11.677886 7.565073 -5.758833 9.269936 -8.435014 6.483141 1.321827 -3.794738 -2.329881 4.225645 -1.865041 1.847004 -0.194946 3.101100 -3.894097 0.775631 -4.615976 0.195741 -2.805256 1.315599 -3.428012 2.828534 -3.142950 4.324818 -2.240633 1.663889 -3.472515 2.348049 -0.957942 5.158881 -0.993057 1.738824 -4.896419 0.738578 -2.608576 2.226434 
3327157288868955014.mp3 :-148.955704 108.015685 7.327560 14.483709 -2.993250 3.648824 4.269886 0.059614 -5.932795 0.094142 -2.672428 -1.042901 -2.396188 -0.598050 -4.957092 1.631717 -7.609481 1.138273 -3.503570 -1.827275 -8.078879 -4.622829 -5.766968 3.769353 1.132248 2.279786 -0.325903 1.830973 -0.393952 3.381098 -6.873647 -8.251141 -3.604654 2.554378 0.016792 3.388479 -0.919549 -0.760062 -3.912111 0.175824 
3317801691422560210.mp3 :-174.010614 98.830912 8.650048 31.906379 -2.091132 7.178738 -4.442043 6.116794 -9.412282 3.125329 -2.156766 -4.544247 -3.161837 1.775187 -6.951439 4.408186 -6.099423 -3.102771 -7.727585 0.460832 -3.961274 -0.950058 -3.881468 -2.129210 -6.049578 1.125860 -5.500871 1.395111 1.647749 5.476658 1.223987 -0.794095 -5.749683 0.999158 -1.429410 1.896201 -2.539718 -0.399953 -4.030129 2.406301 
3276350941037539512.mp3 :-158.431625 102.254165 25.676314 23.950957 7.373429 12.369835 -3.971715 6.169569 -4.467435 9.873176 -11.853113 -4.919324 -7.854209 -0.182292 -4.682087 -0.146625 -2.650380 3.754550 -3.122958 3.081807 -1.524060 5.348758 3.824000 1.669024 -1.830286 -0.200255 -2.668742 1.249289 -3.684496 -0.890768 1.569337 5.533088 -0.435445 1.205680 -4.584141 0.535336 -2.003488 0.465663 -3.364559 -0.563569 
3280364635997297785.mp3 :-228.212994 139.755646 25.433888 16.983925 9.453002 1.784061 -6.344695 3.405497 -14.884613 2.610751 -12.802875 -4.767025 -12.848559 -12.240016 -10.594974 -10.867899 -11.059109 0.711554 -8.971414 -1.971391 -4.472773 -7.822798 -5.154083 -4.692605 -0.521882 1.388563 -1.763089 -4.233183 -5.817584 -0.826030 -5.300733 -4.430878 -7.861262 -3.207566 -2.586697 0.797839 -0.867490 2.241001 -0.542743 -0.489618 
3281923349927821299.mp3 :-233.476420 99.114879 18.608596 40.889239 27.442489 14.058756 7.945090 12.633515 -6.673198 8.061598 -1.850069 2.299142 -0.829129 -0.483324 -0.591953 3.198029 -6.228647 -1.151335 -2.511134 -0.847804 -3.597142 3.766908 -5.760041 -0.056497 -0.663658 -2.260824 -1.897452 1.010147 -7.624675 -3.007470 -2.878779 1.013267 1.032252 2.249060 -1.988266 -0.139875 -2.499518 -0.156684 -3.124844 -1.851975 
3275443205197139950.mp3 :-47.546320 67.780691 2.522196 25.557040 19.562547 3.166261 7.908580 20.321799 -9.004774 2.912633 2.365072 -2.202935 0.536627 7.502516 -1.632857 -3.107791 -5.445946 2.507065 -6.061680 1.026811 -4.526506 -1.662824 -6.583306 -1.929918 -3.458271 3.552096 -0.560374 2.553955 -1.111073 1.017089 -8.269919 -2.477333 -6.248919 -0.464554 -3.413527 -0.552859 -2.600329 0.910703 -4.172620 -0.884456 
3303882029788577882.mp3 :-183.887403 67.459274 25.095819 21.493414 10.770751 4.124092 8.977973 6.277259 0.453359 8.205631 -2.615260 1.314038 -5.572328 0.347154 -5.161001 0.293735 -4.838651 1.972091 -5.381965 4.188613 -5.932537 -3.252675 -5.088071 1.843417 -2.586934 4.369118 -1.447365 4.454425 -0.855994 0.322051 -7.955717 -1.375508 -3.914029 1.426429 -2.548283 1.776051 -2.695824 -1.356028 -6.727212 -2.941421 
3274817860098622233.mp3 :-105.099634 89.878088 18.331549 25.491137 5.639693 8.803645 -5.853109 3.020735 -14.190039 4.535906 -7.756199 -4.409706 -0.941292 -1.583810 -2.552897 -3.526013 -3.303002 -1.304311 -3.541924 -3.325549 -2.646139 -1.752764 -5.318282 0.211227 -5.161111 -0.781203 -3.525805 2.349255 -5.345960 -1.284873 0.007801 2.980416 -0.696109 0.555360 -5.145689 -2.395087 -3.419667 -1.728372 -2.985417 -1.525343 
3298446827994307048.mp3 :-159.683508 112.657077 -12.006642 15.847877 5.154563 -6.454294 5.321303 -16.940972 -9.121522 -0.634207 -16.253760 -0.942339 -5.799062 0.602659 -5.094230 -4.648722 -9.015882 0.495565 -4.714058 0.194164 -6.826995 -1.953020 -4.807461 0.337027 -4.201945 3.232863 -3.625517 1.287158 -3.533715 -1.513119 -1.230272 1.351861 -2.694302 -0.902392 -4.773652 -2.511337 -5.108251 -2.257618 -4.494995 -0.663566 
3263131992358033412.mp3 :-60.288198 97.226804 18.430611 29.982794 6.483662 13.202468 2.009331 5.279187 -0.828697 4.878519 -7.044504 3.769582 -3.788236 4.058234 -2.200725 5.563514 0.439421 3.791279 -1.773066 1.780514 -3.411334 0.850345 -2.823555 3.309143 0.083665 3.784471 -1.076692 3.021162 -0.560106 2.551965 -5.848315 -1.029649 -3.324049 3.776209 -0.995824 2.450962 -1.757278 -0.147939 -4.901590 -0.064311 
3300970388333618785.mp3 :-57.597432 87.568189 18.703459 24.423657 -0.638197 7.598444 -1.795537 4.148791 -5.602861 6.604261 -1.619276 2.578022 -4.630113 2.523434 -6.723077 0.710204 -5.864002 0.095263 -4.109228 2.723535 -3.087613 0.785918 -0.227049 3.385867 0.099162 2.599872 -5.040079 -1.768426 -6.088116 3.089193 0.134409 2.540686 -2.660296 1.947833 -1.806267 2.336589 -1.278289 2.281599 -3.381668 0.127367 
328104396686866707.mp3 :-168.902272 76.617273 26.994052 27.815519 7.605393 -2.151007 -9.748320 -5.924508 -16.227444 -7.592611 -8.326543 -8.190067 -10.017955 -6.252705 -8.041508 -4.833720 -9.717973 -0.928715 -9.467637 -3.133667 -3.437265 1.072185 -7.386022 -1.569383 -6.971105 -3.607508 -5.174172 -0.005565 -2.384601 5.593872 1.360862 1.124027 -4.211142 -0.109846 -2.078859 2.167250 -1.081801 3.086433 0.364970 2.116909 
332222547636541224.mp3 :-63.457583 108.227919 14.741420 20.032622 4.368053 6.176708 -6.246752 5.579062 -12.358978 3.428986 -1.501757 -0.975816 -3.126186 4.317889 -5.722945 -0.231054 -7.029139 -1.998517 -6.836685 0.583903 -7.190128 -4.004330 -7.229746 -1.628626 -7.138346 2.105228 -4.493453 1.193828 -5.408613 -1.930330 -5.574612 2.114337 0.720098 1.556729 -5.329790 -1.307397 -4.635794 0.942312 -0.144327 3.927407 
3315013152552892947.mp3 :-93.669526 106.697171 4.751831 33.154122 9.801671 4.569047 1.801286 4.814292 1.421104 14.504046 -5.267841 6.402257 0.379129 4.087221 2.193620 3.093220 -2.279164 7.565710 5.178694 8.039672 0.020577 1.235433 3.895461 2.031655 -0.866845 5.112456 1.314927 2.836190 -4.369748 -0.044312 -4.683926 -1.275615 -6.603333 -0.251888 -2.910110 4.299205 -1.042007 1.304755 -1.460141 1.019271 
3327038174356932733.mp3 :-22.221279 87.322317 -0.697379 14.890551 4.409424 13.552171 -0.457231 6.210154 -8.552398 3.134868 0.375657 1.924230 -2.605945 1.896198 -1.833733 1.411687 -4.238784 0.042069 -4.369604 2.620328 -0.250312 3.162077 -3.314993 2.384505 -3.264911 2.741044 -1.902103 1.997139 -5.134243 1.442141 -1.571934 3.031430 -2.218371 0.403350 -3.885572 1.106158 -3.038021 1.214605 -1.593721 3.752010 
3268727927778548395.mp3 :-43.313609 67.894644 18.756919 33.149773 7.247109 7.121490 -1.049589 8.144044 -5.444892 5.736287 -3.925822 0.392965 -3.684297 4.280047 -3.529769 0.360502 -3.963542 1.329973 -7.462576 0.450363 -1.771827 0.597401 -3.771753 1.491044 -4.505294 -2.158368 -5.353388 -0.267646 -3.839176 1.760359 -3.544672 2.830264 -0.760675 4.570302 -1.422217 1.051421 -3.988492 -0.560067 -6.454656 -0.662836 
3307619739767671869.mp3 :-339.739689 180.105945 -0.203421 4.272830 4.063300 -5.118364 -6.464429 -11.855777 -10.482088 -8.480769 -10.461321 -10.593132 -8.006009 -4.766059 -6.215897 -7.724195 -5.528121 -5.790067 -5.334973 -2.345463 -2.750129 -4.026752 -5.334751 -5.737000 -3.336179 -5.759454 -9.521067 -2.623528 -0.171944 -7.388213 -4.669811 1.313518 -1.577355 -4.488510 -6.442115 -9.348206 -8.283721 -6.958837 -4.115546 1.174262 
3308417636318580607.mp3 :-146.681600 88.122780 16.737794 23.986510 10.832310 1.310800 6.560311 0.659317 1.634684 4.467932 -4.990538 4.497973 -7.141711 -2.059375 -5.452666 1.751786 -7.413294 5.509784 -1.151727 10.835356 -1.071938 -1.116487 -5.390017 -0.744103 -3.031823 2.581640 -2.521489 5.154111 -1.537279 -3.093982 -2.124892 1.797923 -3.102386 -1.586078 -4.280973 2.376669 -0.107973 3.173442 -0.759614 4.984770 
3281447784023187929.mp3 :-125.896153 111.965538 19.433271 17.516118 11.902464 -9.506064 -3.587363 9.523249 -12.021265 5.651984 -9.987097 -2.442969 -3.843796 -1.680666 -6.005591 -0.047084 -5.021087 -0.383040 -1.730261 3.342441 -2.623460 -2.871316 -4.955429 -1.856926 -1.163860 4.173623 0.713260 4.299535 0.435177 6.202134 -3.256009 -2.776164 -9.004227 -2.674785 -1.107703 3.741969 0.384838 2.596298 -2.443502 -0.138913 
3318905261281446607.mp3 :-120.347618 68.050984 -0.628039 35.500095 -1.210847 25.969660 -0.945199 11.121149 -0.289272 9.198113 3.380355 3.793154 1.442040 1.504186 3.718582 2.639062 -1.343650 3.346330 -4.267465 4.051977 -2.966700 1.803572 -6.033557 0.285847 -4.390217 1.995022 -3.794498 -1.154463 -4.195540 5.008790 0.949860 -2.845137 -8.178709 -0.368336 -3.686840 1.869880 -0.122651 0.765850 -4.443406 -2.102908 
3271386565028249283.mp3 :-6.682066 50.510664 -4.111621 36.963832 -0.416525 10.069753 -0.061707 14.806656 0.460293 8.276138 -2.837428 0.405357 -4.635438 7.360286 -2.719851 -0.760405 -1.342810 0.915553 -11.058074 -2.076382 -5.121516 1.000752 -7.915912 -6.346663 -7.391696 0.880374 -4.902811 0.739820 -6.212588 -3.066854 -1.300351 4.085364 -2.954978 -1.118193 -6.321208 -4.682033 -7.274765 0.355107 -0.286639 3.414182 
3313210592158742068.mp3 :-163.564617 115.526897 25.118898 32.077693 12.767719 3.876321 2.024476 3.264240 -7.403036 1.075163 -10.365880 -0.928358 -4.112664 -2.817979 -7.074284 0.324711 -5.149984 3.873198 -4.018790 2.027586 -4.265739 4.726400 1.047630 3.268118 -2.150800 1.650957 -3.701816 -1.060587 -5.165087 0.416534 3.101856 6.128281 -1.060625 -0.695069 -4.584232 -1.347584 -4.564999 0.084300 -3.022337 0.505233 
3318965054040330858.mp3 :-154.058560 95.900393 -5.501433 20.606980 13.409598 -1.842213 -2.248823 4.139325 -11.211495 4.576130 -16.379809 1.042825 -6.038063 -0.217836 -5.289506 -1.535859 -3.440892 0.507754 -9.063253 -3.696951 -4.006404 3.087935 -1.510496 0.698175 -3.117428 -2.742230 -3.758892 0.838073 -5.627326 -1.947953 1.968070 2.708071 -2.907583 -2.609186 -7.149200 -2.863034 -7.628618 -3.099073 -2.867381 -0.695652 
3305862253635589750.mp3 :-124.632160 81.582000 33.649088 18.943555 10.086501 7.459015 -5.409799 7.629284 -11.186162 0.130893 -7.323978 -8.431011 -3.814801 -2.215705 -5.716998 1.213751 -6.558950 -0.230072 -4.356261 2.604039 -2.055664 0.918125 -5.244939 1.127905 -1.871433 2.062236 -2.365780 4.089409 -2.445210 -1.942756 -8.013102 1.189392 -1.949851 2.841830 -2.703922 1.505682 -3.465414 0.840504 -3.386589 1.379707 
3303044453130403812.mp3 :-55.339930 83.226566 17.475741 35.372843 6.878970 8.703980 6.131715 8.011920 -8.511864 10.229107 -3.379705 -1.748847 -2.525914 0.354051 -7.275696 4.284428 -6.918366 -1.442116 -4.009109 -0.053934 -8.227904 -1.937808 -3.615075 0.301354 -2.951712 -0.955184 -5.343957 1.510107 -3.273782 2.142325 -1.586856 4.694902 0.720768 5.038906 -1.286605 2.659530 -3.460003 -1.946783 -6.869764 1.447421 
3305645676073798434.mp3 :-138.595623 102.300061 11.376945 23.500108 11.329583 12.874493 -5.243158 2.766081 -5.069880 -3.900076 -3.807360 -2.172536 -4.824108 -3.665515 -3.561546 -1.460797 -8.427753 -1.795446 -8.279012 -5.627884 -7.999481 0.210306 -5.155763 0.451962 -5.818941 -1.073834 -8.326769 -1.423179 -4.152660 3.473469 -2.144462 0.773459 -3.499880 1.596011 -0.806790 2.138162 -3.182483 0.030401 -5.118172 -2.962879 
331692126305052153.mp3 :-97.213023 68.674688 15.859616 21.590125 11.932212 12.837745 15.485523 -1.454904 8.057917 8.802369 -2.955749 7.323086 -6.744451 0.789627 -6.245218 2.031960 -0.453242 5.407635 -0.864745 9.043289 -2.372561 0.458127 -5.018970 -3.277077 -5.153360 -1.112231 -8.357181 -0.802290 -1.331400 1.273630 -7.745869 -5.509485 -3.844728 3.805023 -3.950200 -0.240441 -2.610919 2.289794 -5.182115 -3.029968 
3276348884903928832.mp3 :-47.344798 94.317251 19.970059 18.969812 5.496478 9.402053 3.378839 10.443006 0.621480 6.748355 -6.803119 1.518297 -2.530709 6.509418 0.562776 8.928538 2.242966 5.543504 -4.326815 -0.032699 -3.842496 1.858965 -2.802399 2.659738 -3.206111 1.132892 -5.008565 1.692617 -1.523220 4.716192 0.268573 3.417739 -4.649826 -0.455135 -2.793873 2.175116 -0.936496 1.749421 -4.642659 -1.711042 
3296790844946467206.mp3 :-143.298146 107.321636 -6.837585 28.239345 -2.858656 -8.909681 -4.909056 -2.092639 -12.163880 0.121041 -12.408838 -4.537776 -7.909564 -4.885823 -3.927050 -2.660309 -4.647106 -1.528910 -6.063659 -4.329669 -4.624313 0.095126 -2.955943 -1.141051 -5.205818 -1.065922 -7.965855 -3.090661 -6.845544 0.627134 3.986470 5.593325 -6.123218 -2.611486 -4.420120 -1.310128 -4.675789 -2.183412 -4.410274 -0.364108 
3304011206583578092.mp3 :-228.668462 74.709328 -0.787944 34.087854 3.539383 6.224102 8.826768 7.612819 -3.008617 13.215581 -10.890773 8.842882 -4.525119 6.295016 -1.923589 1.435441 -0.308718 1.621070 -2.817389 6.251781 3.694147 6.661680 0.459732 0.396836 -6.564227 0.753389 -2.027444 2.472627 2.497308 9.277991 0.524272 -1.373514 -8.160244 -1.635787 -3.589294 -1.759660 -4.158733 1.627499 -2.495894 -0.394627 
3298830376939694773.mp3 :-132.979637 112.583171 7.102936 34.862437 4.749370 8.149365 6.938586 -7.503516 9.862781 -6.885269 -3.434227 3.152303 -1.992149 6.781776 -0.258546 3.608633 -3.924650 0.773620 -5.980329 3.752405 0.245271 2.624720 -6.232385 1.580644 1.946751 5.576762 0.135637 0.196636 0.000861 4.774041 -3.033301 -5.598333 -5.807811 -0.584911 -2.464634 0.895925 -2.411157 2.504469 -3.765358 -0.308858 
3266874028922229922.mp3 :-65.406268 40.501843 36.319886 35.473591 9.386449 20.672343 4.380613 10.095877 0.984079 8.598992 0.942513 6.675505 1.002227 6.376004 -0.877284 2.766920 -5.276410 0.351486 -5.273801 0.336345 -3.094209 2.477801 -0.355231 5.391489 -0.731483 5.091619 -0.489408 5.755357 0.428409 3.905113 -3.266101 0.401786 -3.239400 1.954118 -0.440712 2.437601 -1.643387 1.399294 -3.588017 0.762091 
3304194201138403935.mp3 :-97.537423 110.209626 10.659354 37.810909 10.903545 13.942962 0.965027 9.117954 -2.625790 9.726631 0.810017 -3.454263 0.190578 -1.121718 -2.412580 -1.102778 -5.008680 -1.766389 -4.892341 -0.730048 -6.328326 -4.004331 -3.458436 -0.905557 -5.110670 2.896979 -3.946842 -2.392101 -6.571018 -0.173118 -1.988166 1.228583 -5.203551 0.423510 -4.154482 1.601519 0.255748 2.648740 -1.298303 1.269523 
3278645942397962762.mp3 :-199.602110 62.985070 21.416350 24.940774 19.233601 2.806131 5.456519 9.959368 -14.036312 3.310277 3.317656 -0.018574 -7.493141 1.888279 -5.099331 3.121512 -2.923229 2.290985 -2.990294 1.440368 -12.055248 -2.027619 -4.574809 0.423684 -1.419386 2.153020 -7.693551 -0.771030 -4.944856 2.401744 -5.265197 -1.506650 -5.123268 2.432069 0.080562 3.040293 -2.863018 -0.594484 -7.489561 -2.039708 
3298009519116196081.mp3 :-164.289205 84.804274 32.966166 30.814846 7.938354 7.399181 10.125910 -5.122667 -6.183194 -0.321954 -14.243065 2.164664 -10.831389 -2.868109 -9.808343 -5.764065 -5.724584 -0.133259 -8.201370 -0.156400 -7.087757 -1.045843 -0.182467 3.794259 -2.808035 1.081660 -7.826061 -2.338623 -9.855252 -3.727881 -1.933547 3.775031 -1.133231 1.995269 -3.983370 -0.327002 -2.669733 0.447033 -4.705325 -2.315615 
3287687070688176050.mp3 :-89.590493 77.787602 -1.600018 29.880845 8.149604 15.925530 2.908163 10.882555 -3.458678 0.719766 -1.788549 3.515265 1.527916 0.971051 -0.152172 -0.003968 0.479943 3.187162 0.303288 -0.389855 -5.481780 -10.712412 -3.635662 2.074998 0.971498 -0.376205 -5.614721 -1.575901 -2.495855 3.538556 -12.322166 -6.094034 -4.682047 2.977235 1.316187 3.351335 0.435872 -0.967598 -7.472530 0.236824 
3312146951657234862.mp3 :-77.476111 101.356168 -1.210597 21.353800 3.113627 4.449355 9.982877 12.620884 -8.684667 4.452706 -0.243227 -2.776437 0.485589 2.848144 -6.524855 3.989175 -2.637267 -0.974062 -5.658045 -1.151328 -3.134827 2.966581 -5.498962 -3.473268 -6.182073 0.302803 -3.113122 2.376942 0.468176 1.157565 -4.889747 0.225797 -2.344718 0.476658 -2.518731 -0.767890 -5.801663 -1.682336 -6.361995 0.984615 
3284100160482633952.mp3 :-75.416875 76.590658 -1.086555 31.516474 -4.999865 5.432944 -7.771629 4.232786 -10.902430 8.290453 0.673690 3.336847 -4.750572 0.003172 -6.354234 -2.005393 -7.036573 0.914918 -8.430877 2.089840 -1.193698 0.847340 -5.407838 -1.226144 -5.990765 -1.048309 -3.369614 1.116422 -1.442515 1.135271 -4.591485 4.432303 -0.525034 1.450806 -3.119855 0.113758 -5.986004 -0.600002 -1.529134 1.565054 
3321243448938235830.mp3 :-45.648774 68.664551 -3.061739 29.082599 -5.780486 19.469450 -2.069162 5.698621 2.732168 0.055122 -1.002825 1.237199 -2.385066 3.523097 1.940169 5.597334 -1.223408 4.087066 -1.058572 7.768640 -2.553834 -3.814473 -6.496644 0.869272 -2.450031 1.982319 0.023010 4.313277 -7.033182 -3.492068 0.958458 7.211334 -2.541540 -3.679245 -4.587167 1.882831 -3.238266 2.457067 6.213307 5.439346 
3269347263864771353.mp3 :-184.921068 107.214007 3.243452 36.298926 -0.857181 19.544532 -4.457156 -7.041059 -0.858963 -0.995810 -4.034385 -5.449482 -13.520101 -9.616062 -5.967522 1.004863 -2.063960 4.985208 -5.011589 -1.829155 -3.863519 0.143609 -1.901984 -3.490778 -8.407805 -4.459253 -7.260398 5.123108 1.317901 -0.123017 -5.275253 1.175490 5.313301 4.374961 -3.586960 -0.986238 -6.982675 -4.294510 -6.347037 2.310392 
326810250798220840.mp3 :-130.293300 106.791137 4.498362 22.176831 10.536270 10.543070 3.560056 8.365316 -3.532095 5.357887 -9.952476 2.359074 -5.245762 0.769190 -3.127013 2.180208 -0.611655 1.852324 -6.859573 -4.122443 -7.302317 3.352897 -1.727197 -0.367350 -6.700552 0.183302 -5.489592 -0.040012 -5.142104 -0.823781 -3.042914 2.296568 -0.306099 2.530605 -2.836588 -0.298792 -4.543327 -1.134496 -3.056465 1.687761 
3285366246327550316.mp3 :-92.640819 97.031210 -18.892912 16.103488 -19.711102 23.199942 -14.486178 4.173718 -7.127534 -3.615764 -0.473845 -6.489167 -6.579628 -8.798070 -3.588103 0.643824 -10.093855 -6.274506 -2.806452 1.496759 1.989580 -0.491271 -8.935171 -3.796031 -2.618144 2.086464 -2.652645 2.413068 0.280173 5.572196 -3.820782 -3.725454 -6.655462 0.440062 -1.650774 2.594241 -0.907160 0.444007 1.609425 7.227158 
3282225462849608214.mp3 :-110.518742 85.332234 13.632367 37.101963 13.982701 18.740530 2.521320 3.157355 -12.148336 -5.086831 -10.061160 -1.022157 -0.019372 3.736679 -5.045804 5.307782 -5.953509 -1.975005 -2.653221 2.126349 -4.562975 2.235897 -0.893543 2.474249 -5.105458 2.573984 -5.272182 -1.702831 -3.728666 3.735728 -1.167048 4.064173 -3.434024 -1.376163 -3.013608 1.412263 -2.621151 1.375306 -5.492966 -0.415311 
3308946229372654594.mp3 :-176.187650 100.934485 15.958691 22.545817 7.700134 -2.299772 7.228067 -15.539122 -0.887157 -5.399020 -8.423405 2.518194 -11.015293 1.869646 -7.715866 -1.913475 -8.382633 1.440666 -1.504555 5.604251 -4.946229 1.956886 -1.094419 2.561916 5.844021 3.436603 -3.663386 1.329808 -4.904461 -3.218951 -10.201807 -1.514970 0.069500 1.856865 -1.243550 -0.885422 -0.147212 -2.063004 -0.689753 -1.019520 
3267148097050856967.mp3 :-64.822352 83.849770 5.919245 14.864233 5.278026 8.921681 -2.914637 2.358673 -5.506437 6.555157 -2.352158 1.967918 -1.966322 5.428397 -6.036593 3.321187 -2.746639 2.162374 -1.562480 2.869396 -1.853452 3.979250 -0.379444 5.010116 -2.943086 0.879163 -2.663640 1.683117 -1.041462 3.370732 -1.103511 0.752234 -3.606317 3.788296 -2.493452 -0.012949 -2.877135 2.156279 -2.981767 -0.715061 
3268477338302444173.mp3 :-79.200483 45.505842 3.627961 29.424366 -11.045820 9.591682 -0.670420 -2.749415 0.621192 -5.199687 -8.831155 -2.148365 -7.289233 1.944629 -6.304549 6.433960 -3.186000 4.148255 -1.723358 4.193180 -2.068935 -1.941751 -6.813964 0.874523 -4.795831 1.172751 0.870655 6.193725 -3.869302 -0.074450 -1.232145 4.904774 0.931127 -1.276798 -4.752275 0.610883 -6.592076 1.876583 2.117102 2.987156 
3306694218658889316.mp3 :-95.212065 111.584342 13.909903 21.555993 1.782885 8.083022 1.432248 10.740373 -12.358771 4.439501 -6.289984 2.838362 0.308439 1.098465 -0.980191 2.936693 -2.496593 6.112370 1.484554 5.348239 -0.683589 2.324342 -1.104326 2.258338 -2.803320 1.285303 -2.872965 -4.255637 -5.546137 4.080522 2.401761 1.245383 -4.115640 0.662096 -1.464382 3.021195 -2.653376 1.774968 -2.561882 2.487553 
