5741616139826624448.mp3 :-158.942823 113.041162 7.657363 20.455689 -0.856607 1.165473 -3.297363 3.296470 -7.275963 1.287642 -2.927899 -0.348496 -5.095566 -1.023378 -4.072888 -1.158800 -8.542864 -2.547135 -7.374707 -2.394503 3.543453 3.848394 -1.236223 -0.097263 -4.133221 0.801971 -5.608185 -0.210835 -5.102170 -0.940202 -0.391556 0.645651 -0.885106 -1.344619 -3.816504 0.378793 -2.772972 -1.237499 -2.610550 2.733022 
5754216367893228668.mp3 :-121.881083 67.794354 27.740747 25.692785 12.369000 11.037428 6.492025 3.604166 -4.764349 4.416776 -5.389451 2.873151 -4.531699 2.358450 -7.899198 -2.640187 -5.821237 2.692164 -4.500811 3.119803 -8.117010 -4.243579 -1.178021 3.749145 -2.064435 5.314441 -2.513785 0.065436 -0.586803 0.805053 -9.135243 -3.609681 -2.685320 4.060225 -1.422605 1.674980 -2.756184 -0.994370 -4.019949 0.853427 
5695449517160050998.mp3 :-132.041881 101.596466 -2.068717 26.922731 2.237414 5.745340 -1.855583 0.106968 -2.741451 -2.267731 -4.374482 3.947421 -6.071422 1.353029 -3.542304 -0.697157 -3.476196 3.472914 -9.580968 -0.954023 -1.128242 6.297623 1.854202 3.389743 -2.595527 0.127334 -4.515732 -5.703716 -6.458946 2.289664 2.727009 5.558596 -4.185047 -0.591362 -1.985236 0.316996 -5.248610 -0.658594 -4.679095 -2.306785 
5690151530541795500.mp3 :-59.942449 81.922289 29.049370 29.232573 -3.832940 6.335217 5.333772 -0.634459 -1.844429 4.338388 -7.732478 -3.328633 -8.119426 -4.593801 -8.016089 -4.107087 -6.915561 6.565335 -2.416173 3.439872 -4.275225 0.529329 -2.519637 -0.226182 -4.751550 0.808269 -7.353849 3.503964 -1.524197 2.684411 -3.042683 -1.763856 -4.807418 1.499485 -0.104597 2.377687 -3.902780 0.016157 -4.694671 0.712065 
576742478350096631.mp3 :-59.174422 70.436171 29.052484 14.534705 8.090875 9.646070 4.297720 8.513596 -7.078983 9.267564 -1.430636 6.933908 -3.972470 2.560462 -1.552817 2.904671 -7.181849 2.241230 -6.094548 0.817387 -1.311846 4.258029 -3.819234 1.859063 -4.616804 -0.081784 -4.648407 -0.567930 -5.063939 0.948509 -1.269668 1.906764 -3.607370 -1.443167 -5.753696 0.537132 -1.579463 1.305904 -6.296127 1.250832 
5757185571035339945.mp3 :-52.089125 72.857908 2.977252 27.244784 0.306314 2.673106 0.435286 4.297668 -10.726971 5.105657 -1.136100 1.062223 -2.006324 0.161179 -5.461711 2.476695 -6.676323 -0.111465 -1.376823 0.579426 -3.674715 3.263018 -5.653486 -0.909271 -0.743989 2.929441 -0.607386 5.371148 -2.937147 -1.245165 -3.472912 3.382033 -1.655995 1.660565 -3.337721 1.645189 -3.480861 2.284807 -0.730782 3.270695 
5770178996454162207.mp3 :-125.344453 110.853996 -4.283637 23.379707 8.722774 0.448569 -4.967524 5.843370 -10.026633 3.241967 -2.172654 -1.807855 -4.063921 -1.344021 -3.057613 1.408389 -6.683044 -3.717523 -6.291075 -4.355229 -6.085614 -2.312484 -4.898727 -3.638876 -3.271695 -0.891886 -3.914547 -1.340241 -3.446090 0.188538 -2.746339 -0.996783 -4.611614 2.744605 0.027281 3.529999 -0.945585 1.068144 -2.997432 -0.088689 
5793413766517044764.mp3 :-72.097962 79.912245 -8.930748 28.559100 -4.805460 12.910793 -0.718328 8.279814 -0.050491 1.322595 -6.739390 0.587956 -7.264244 0.789442 -1.513979 0.831801 1.896380 8.434796 -2.053407 -2.333230 -11.686816 -3.217423 -1.111108 6.854519 -1.008564 -1.200436 -8.239557 -4.202632 -3.640599 5.359550 -5.160390 -5.598775 -4.683190 5.842913 2.248419 3.181045 -0.500970 -1.013364 -8.620968 -4.048671 
5763461763911773852.mp3 :-315.426803 154.251436 11.205516 15.932022 4.552177 1.604061 -4.311399 -4.081960 -6.246110 -3.234229 -8.837387 -7.066479 -7.568583 -2.888007 -4.660443 -1.396272 -3.978815 -0.323927 0.109774 2.730008 4.334903 4.205860 -1.108529 -4.357088 -4.057627 0.313809 3.257202 3.950101 -1.215365 -3.638644 -1.625290 4.910741 3.873745 1.329932 -2.990454 -3.057605 -3.519214 -1.738295 -0.397815 2.765036 
5752959766738410079.mp3 :-115.955342 94.152721 13.642920 29.762253 7.032271 12.457988 -0.343052 7.385284 -9.121287 3.588139 -6.483230 2.497820 -5.151720 -0.446352 -1.724099 -3.012727 -4.405966 -5.003068 -5.164523 2.619436 0.763993 -1.505945 -5.335430 4.320562 -3.862273 3.312326 0.981384 3.387875 -2.406422 2.231291 4.623781 0.512851 -8.286581 -6.157005 -7.490056 -2.040076 -1.795900 5.293423 3.489078 0.628224 
571575942577213101.mp3 :-218.274865 114.429605 -9.894946 45.910902 -1.072726 7.985520 2.258648 -2.242143 -8.111133 -3.477035 -8.095171 -4.678135 -3.970474 -1.956998 -2.217314 1.821029 -7.593521 -3.084564 -11.562211 -1.110903 -4.825597 2.755669 0.683203 -2.041886 -6.983976 -3.617536 0.782289 4.687302 -0.960837 -1.917621 -4.315486 8.153614 2.875891 0.634163 -10.728790 -7.507006 -10.589902 -4.296398 -2.698658 1.718207 
5706348270022773509.mp3 :-15.633140 73.232531 21.601038 0.906681 2.729392 15.607255 4.319110 14.167038 3.853273 7.053145 6.374996 9.866040 4.191071 10.765873 -0.655415 9.594932 1.049774 6.628021 1.083606 0.253058 -2.236360 2.908273 -0.291821 6.337467 1.047127 3.431640 -6.063640 -0.255433 -2.225803 0.008495 -4.827942 -1.957037 -3.284943 1.468341 -2.511011 3.706918 -0.566907 2.577891 -2.805740 0.895836 
5728859942648420819.mp3 :-169.906621 76.712537 -14.040449 32.771533 7.620923 3.864558 1.645986 7.175875 -8.131925 6.967312 -0.155938 2.464957 -2.257603 1.029251 -7.986426 0.987544 -5.158238 -2.150697 -4.247813 -0.412787 -2.615200 2.006451 -3.802283 -1.616165 -2.865682 1.478891 -3.346186 3.172568 -1.888306 -0.567956 -2.988242 3.715671 -2.606472 -3.545893 -7.384716 -4.726451 -6.985751 -1.905246 -3.401646 2.393305 
5720913815243512961.mp3 :-67.304990 62.251030 24.573438 10.300465 17.315316 -3.015959 6.569209 -1.018295 -4.527148 4.968510 -11.738630 -0.021256 1.665332 2.524813 -0.854297 2.535512 -2.207613 2.139932 -4.860676 -1.230518 -6.782019 -1.353993 -4.130439 2.971582 -1.480963 3.129627 -2.616831 -0.022898 -3.389647 1.384088 -0.259884 2.568806 -4.917654 -0.454317 -2.600642 2.162145 -1.487964 2.809605 -2.022741 0.023223 
5733605385990938302.mp3 :-113.315492 95.766825 9.544172 33.932515 -3.907594 1.225201 -0.152529 1.612532 -3.058433 -1.950929 -1.763341 5.476309 -6.385971 -0.977405 -5.250014 -3.615169 -4.877703 2.343020 -8.017212 1.868393 -1.710829 3.597918 -1.969257 3.004516 -0.875074 2.707975 -5.690509 -3.153047 -3.939177 5.580041 -0.141569 0.256214 -6.715442 -1.510604 -2.942416 1.894060 -3.225612 0.385267 0.418601 4.082481 
5709333435188044856.mp3 :-57.625388 58.981443 1.304341 46.002573 5.155317 18.374658 6.485887 9.706464 0.510936 4.678929 -2.302280 5.727708 -1.992940 5.108290 -4.337396 0.205811 -5.195671 0.653652 -3.821971 0.451255 -3.394201 2.501363 -1.965348 2.447855 -4.495208 -0.945860 -5.784147 1.533744 -3.452909 0.898183 -1.349738 2.764326 -5.911963 -0.966688 -4.373812 0.432260 -2.932676 0.874461 -5.085114 -3.778733 
5718622932150517782.mp3 :-94.573873 85.540331 35.543445 17.134124 4.624230 17.542381 1.178191 8.940829 -7.338097 5.708957 -1.990790 2.953634 -2.531323 2.276711 -1.078825 2.994002 -2.570207 3.938851 -3.208507 7.423245 -1.932150 -2.710030 -7.538905 -2.160513 -4.775005 -3.903849 -4.585253 2.632865 1.374272 2.491262 -2.916631 -4.015186 -5.684608 2.702637 -1.556681 1.798250 -1.890276 0.287218 -3.247732 1.842568 
5782262979959937526.mp3 :-238.841573 118.002909 16.384634 32.320088 12.940639 0.285144 -2.060128 -4.123958 -3.805155 -2.033002 -11.855810 -0.427732 -11.721560 -3.850130 -5.349036 1.156790 -5.799903 1.445236 -1.526696 -1.806309 -14.985715 -6.251416 -1.464269 3.218386 -5.248813 -0.360705 -1.926971 -1.059388 -0.487455 2.779963 -2.534268 -0.251299 -0.384921 6.066724 -0.325308 1.862663 -3.034116 1.701716 -4.582024 -1.898997 
5695827810764616228.mp3 :-168.940642 109.106430 -15.549396 8.770106 2.410654 -1.247532 -3.024313 -4.042359 -12.880024 -2.596469 -7.142434 -6.045536 -2.244214 -4.085051 -4.061838 4.709908 -0.414280 -0.285181 -2.886198 -0.157473 -4.240692 -0.696117 -3.513406 -0.609129 -3.533193 -2.991796 -2.051360 3.345864 1.506638 2.876450 -2.198320 -1.705503 1.293292 3.833820 -0.290433 0.351593 -1.985291 -1.411844 -2.275991 1.225288 
5796717981782132425.mp3 :-122.440303 99.282788 14.280250 39.403127 11.275845 14.119408 4.102243 3.479099 -3.270016 7.617049 -1.427425 1.124838 -4.495515 -0.838141 -7.176908 -0.688233 -8.352554 1.251030 -2.981045 1.618225 -2.814883 -0.517573 -2.954333 1.217954 -2.827192 1.481930 -1.541597 0.664459 -0.032262 1.044690 -5.309907 -4.567857 -0.385404 3.525998 -1.884188 2.769150 -2.886395 -1.059687 -1.534139 0.741637 
5690599214118675526.mp3 :-159.414433 115.256293 -99.871835 27.038319 -20.047978 -9.742339 -2.540417 -15.596035 -23.485334 -5.882759 -6.453384 -3.063052 2.447310 -4.096685 0.253233 -3.146116 -1.348327 0.173088 -3.017026 -2.655361 2.581413 6.134706 2.986081 5.122626 -0.982962 -5.057277 -2.352804 -4.824371 -1.495546 7.106546 2.836117 -1.072623 -1.172560 -0.308661 0.452959 1.627416 2.600520 1.794284 0.080192 -1.438464 
5758060003266984198.mp3 :-90.929956 104.537276 8.947353 30.100640 5.907258 20.688246 0.287032 8.011658 -2.860551 -2.229512 -1.434200 -2.169527 -1.445170 4.868665 -4.414672 4.044169 -3.013908 -0.024755 -1.283504 0.439893 -8.780259 -0.134685 -1.537255 1.675634 -1.889908 4.635191 -3.244735 3.009847 -3.424877 0.389923 -1.508252 2.558713 -0.552388 2.561278 -2.520663 -0.135319 -3.514020 -1.489014 -5.619538 -2.396382 
5781241729449388709.mp3 :-132.861794 91.995460 7.092314 19.001426 1.689410 2.498774 4.143303 7.150598 -6.924591 8.063610 -5.835375 4.183926 -1.036998 0.506457 -4.927061 1.690672 -5.994214 1.723083 -5.079876 1.049681 -4.645841 -0.947065 -2.216913 4.362517 -4.302438 1.059702 -3.109571 -2.371791 -7.192405 -0.503991 -0.110571 3.395927 -2.271669 -0.022637 -3.581483 0.451914 -4.013579 -0.701830 -1.723709 2.229283 
5776705389710554110.mp3 :-89.608822 88.774384 3.974055 26.279118 3.844844 20.233331 4.458629 3.919819 1.802055 6.716238 -1.537666 1.962411 -0.541249 0.066987 -2.416130 3.780704 -3.134432 4.903065 -2.667880 4.107865 -0.033220 0.036071 -6.630868 -2.057947 -3.618399 2.543299 -3.049415 2.316161 -6.070109 -0.857300 -2.387498 1.597936 -5.457123 -3.802717 -5.534870 -0.268825 -2.916224 1.667824 1.897026 5.373106 
5706206994971151931.mp3 :-228.387871 117.593086 18.886289 16.598561 5.680684 7.486158 -0.254794 0.958648 -5.408078 0.701226 -4.059495 2.152417 -10.587579 -6.794089 -4.401389 -3.237189 -0.736840 0.340906 -6.080562 -1.019472 -6.734062 7.076571 2.406933 -2.644407 -5.470961 -1.136085 -6.284011 0.336930 -3.364641 -3.139090 -4.970169 5.407716 3.209785 0.263798 -5.700088 -5.670398 -7.359795 -1.061104 -5.210128 -2.784172 
5695876396578955433.mp3 :-153.276345 55.274886 5.368363 12.719362 4.697310 4.293245 2.178266 1.755938 -3.095859 4.360849 -6.525259 -2.845196 -4.654576 -0.470781 -3.716342 0.657964 -4.546359 0.269981 -3.319543 1.170149 -0.408812 0.961647 -2.673667 0.638116 -5.195184 2.609353 -5.733387 1.482666 -0.532200 2.788040 -7.225307 -2.902996 -4.719399 1.498708 -2.637064 0.111025 -2.992730 -1.552919 -5.208807 0.085599 
5733516628191221868.mp3 :-99.671823 61.715537 8.317852 20.291942 12.332188 5.915848 7.746836 2.270756 -6.083366 1.944253 -6.086659 3.883700 -8.000589 -4.803707 -6.741409 -3.094640 -8.103718 -3.517900 -5.580209 2.776072 0.461359 3.178561 -1.052996 -1.175133 -3.309907 3.944583 -4.832953 1.470707 -5.876201 3.853763 3.767630 1.992530 -7.189106 -5.720877 -7.104293 -1.018999 -3.097154 -1.691477 -2.657824 5.408080 
5756326221665857909.mp3 :-127.660454 71.257979 9.285353 21.863395 2.457510 9.455882 2.306364 10.788803 -2.203666 8.847413 -2.160036 8.342514 1.223931 7.020043 -2.121665 10.218007 -2.750644 6.650946 0.572682 3.006172 -0.186450 2.233571 -2.640824 -1.885293 -1.245904 2.200767 -0.757849 3.642773 -2.061370 0.451520 -0.015073 2.726739 -3.578803 -1.648674 -6.070712 -0.687227 -3.310522 1.743806 0.973900 3.328554 
5747536622145172550.mp3 :-264.010517 131.516011 -11.659662 29.222437 9.437529 -3.166510 4.734837 3.277666 -2.152180 -5.703751 4.748722 -5.079976 2.593612 -0.600431 -6.668084 1.740163 -6.037939 -1.480986 -2.392473 3.535533 -8.159499 -3.056620 -7.006175 -0.944444 0.707343 3.428565 0.333699 0.684846 -4.560132 -0.607206 -2.197709 6.224389 0.755233 2.702550 -0.157151 4.439972 1.419370 3.916427 -1.959789 -0.711954 
5754439312502124017.mp3 :-98.586247 80.474396 22.599064 34.440857 6.998119 5.645108 -6.794318 7.772157 -10.389034 3.052854 -5.293043 -3.378083 -0.882978 -7.347445 -7.432732 -3.847503 -7.431991 2.341437 -5.995812 -4.762580 -6.284572 -3.671155 -6.135911 -0.691922 -4.085606 1.052216 -5.836366 0.618431 -1.720661 1.301146 -9.761947 -2.068351 -1.716335 5.093044 0.763293 4.948999 -1.849136 2.642995 -2.477018 4.107751 
5742320028913010889.mp3 :-120.822885 78.125100 -1.206770 23.852940 2.639134 10.501826 -4.311765 4.471451 -4.880739 0.180097 -6.043621 5.276935 -5.833091 2.844880 0.574583 3.863059 -0.855149 3.138029 -2.762972 -0.543874 -6.050497 2.172238 -1.299348 3.261521 -4.144690 -1.073484 -5.967541 -2.357392 -5.976211 -1.211752 -2.214907 2.100547 -1.635906 2.272892 -3.787533 -0.830472 -5.014805 -3.144890 -6.176238 0.759268 
575934309281762467.mp3 :-309.398586 114.857297 11.714964 18.197865 7.185655 1.286706 -4.020886 0.829766 -16.922875 0.382850 -14.143654 0.537451 -5.850766 -0.137166 -2.510283 -0.775431 -4.236307 0.972517 -8.864288 -1.489839 -3.316417 2.226443 1.052593 1.789895 -0.918247 2.269107 -0.621493 1.373281 1.383054 3.960247 -1.834692 1.113056 -0.171889 3.655054 0.078887 1.210472 -3.464105 -1.809835 -5.297507 -0.302935 
5701592038224781723.mp3 :-106.297313 104.234030 11.671945 32.108304 -3.969352 15.340915 -4.368447 1.118581 -10.777050 0.051888 -3.883663 -7.084744 -6.880081 -3.495196 -2.751462 0.886001 -4.141739 2.206979 -0.512372 6.179189 2.796680 2.803560 -5.390676 -2.508961 -5.136231 0.017221 -1.065521 3.858084 1.308598 4.751993 -5.747723 -2.395529 -3.059969 0.746410 -3.318253 -0.854189 -3.407876 -1.071638 -0.240175 0.979565 
5712078641297477811.mp3 :-126.787433 113.857315 -0.362984 23.936294 8.285541 1.186299 12.588625 -1.846207 -1.097665 5.848782 -6.976272 2.734984 -6.706046 -0.284942 -2.130576 -0.847128 -3.492965 4.370748 -2.497480 4.973162 -0.565847 3.208469 -0.333906 2.215424 -2.299206 2.178222 -5.088698 0.919164 -4.739890 -0.633209 -2.677269 3.266969 -2.779139 -4.247936 -6.489572 -0.641524 -3.215594 -0.578734 -5.001706 1.379771 
57454355817642173.mp3 :-133.446721 55.208720 -2.722775 21.837686 -0.732817 8.254479 -6.214522 8.213355 -4.822028 3.621482 -2.941512 4.538171 -4.639165 -3.160786 -8.910967 4.045072 -6.370588 -4.491163 0.044846 -1.466655 -6.115472 4.481621 -7.558638 1.398977 -1.362671 1.547946 -4.771631 -1.659333 -3.980357 2.492537 2.928907 4.251079 -2.907776 0.490339 -5.054905 0.788958 -2.151415 2.273415 1.125910 4.018418 
572362175313215646.mp3 :-426.428844 129.403309 37.988057 30.449396 24.994021 14.650089 7.461812 1.246485 -5.415089 -5.900927 -7.911659 -10.312696 -12.539435 -10.515231 -9.972402 -8.377687 -4.883856 -1.439545 -3.570763 -1.863626 -4.665393 -9.218889 -10.525945 -5.967085 -1.035197 2.030253 -0.033190 -0.923680 -3.999905 -5.786997 -5.224448 -1.834350 -2.909031 -2.073551 -2.479989 -2.298051 -4.068788 -5.724621 -4.823554 -3.134169 
5707376285390612508.mp3 :-114.292729 85.091027 5.733081 25.728500 8.147064 4.280949 0.263654 7.720001 -9.755968 7.093462 1.364478 2.680156 -3.506935 2.006056 -5.058547 2.236038 -2.616074 0.735314 -5.131568 0.461889 -6.946952 1.941984 -2.289227 2.806685 -2.525494 0.954005 -4.887951 -1.270287 -6.601288 2.421420 0.777576 1.720847 -4.122190 0.626627 -2.049798 1.931347 -1.198756 3.254450 -1.045400 -1.912369 
5761403129983679450.mp3 :-136.282631 135.295348 -15.976308 42.349857 3.375895 16.664204 1.406074 9.091977 -1.217196 1.874534 -1.762405 -0.843490 -5.624982 3.775487 -3.946412 -0.001161 -8.935380 -1.063239 -4.853707 -3.184675 -1.831796 1.170649 0.129492 1.021077 -1.113605 4.107472 -3.187134 -3.577560 -6.584151 0.748012 -1.019313 -0.698979 -5.276535 -0.284746 -0.098619 1.219020 -1.506355 -1.277347 -2.952268 1.247014 
5721098307222271152.mp3 :-332.578231 35.469350 16.687732 4.730782 4.112961 -4.373935 -7.196611 -4.044762 -12.664094 5.223074 -14.216274 -2.367353 -9.396635 -2.057730 -7.283417 6.618524 2.845383 12.362526 1.073270 2.334627 -1.169366 7.034382 5.767183 6.172605 0.941796 2.905685 -6.833656 0.063225 -2.902709 2.746331 0.148108 2.726756 -0.678396 3.125028 0.519986 3.863549 0.342985 1.152572 -4.610288 -2.732650 
574900599017533282.mp3 :-112.739844 110.233329 0.818558 27.921716 2.926463 15.408626 -3.095188 2.834187 -6.390845 -0.506026 -7.063787 1.081467 -4.497189 2.908002 -1.885781 3.784959 -4.988787 -1.905245 -8.486691 -0.871268 -1.612075 3.142066 -3.403329 0.174889 -5.334918 -0.500037 -2.809835 4.121894 -3.761049 -3.974230 -5.828771 3.397888 -0.725561 -2.255038 -6.512040 -4.970349 -6.643235 -2.187251 -2.756089 4.934258 
5722428112435682628.mp3 :-236.432548 132.578151 8.353962 13.461997 -2.341147 -2.966437 -10.904397 -3.032471 -8.619757 -3.284447 -5.148752 -3.917084 -5.719045 -2.876443 -8.216613 -0.406616 -7.935782 -4.452035 -3.288712 -2.085267 -6.202081 -0.879219 -1.711230 -0.524344 -4.805570 -2.407956 -4.610171 -3.281528 -3.534652 1.029636 -0.905009 -2.105175 -4.677976 -1.009500 -1.614255 -1.992853 -6.680978 -1.640213 -2.854122 -4.920131 
5740319585634240139.mp3 :-153.979603 130.806201 -6.318446 32.487927 -2.412655 0.414958 9.771058 -6.658975 -10.447443 -5.964684 -16.343531 -6.594022 -9.136305 -2.820409 -4.311884 -0.059755 -3.935025 2.670663 -5.341211 -7.357344 -8.058091 2.268562 5.468809 1.565704 -2.265005 -1.129797 -5.894363 -0.598745 -4.729093 1.627232 2.154509 -1.204655 -1.187663 3.544784 2.208444 2.113439 -4.514494 -3.258162 -7.345831 -4.026348 
5709632871460750353.mp3 :-186.243111 100.499761 9.637335 22.934676 -4.345085 2.760826 -6.469718 0.190209 -10.692139 0.816293 -8.594156 -1.897720 -7.186067 2.330983 -2.481980 -0.629781 -3.253273 2.273051 -2.540013 6.643303 -2.351748 5.341111 0.006512 4.813603 -4.056567 1.647509 -2.321599 -1.497410 -3.025414 2.753497 2.651766 2.811615 -3.930014 -1.435845 -4.467536 0.561057 -1.243072 -0.383079 -2.935733 -0.791191 
575863642778632594.mp3 :-144.128823 74.151460 -40.635638 23.661907 -32.336680 0.909163 -18.418480 -17.835201 -15.986981 -10.401191 -14.528244 -5.826010 -13.251489 -5.633233 -11.484298 -7.567052 -10.310268 -3.501307 -7.121827 -1.025945 -5.501307 -4.558622 -5.975056 0.487849 -6.795970 0.938657 -0.276759 4.951382 -1.306875 -4.286767 -8.204913 -0.790148 -0.280201 2.812505 -2.350317 2.000866 -1.110303 1.178995 -3.395573 0.335552 
5745460441709445725.mp3 :-87.857760 80.275183 0.757972 25.963953 -2.603185 0.819321 1.946759 4.470132 -12.922192 4.990877 -2.070099 2.139866 -0.882686 0.871362 -7.866630 -1.601431 -7.993978 2.442790 -4.323220 0.972764 -5.621615 -0.339654 -6.371340 -0.158670 -1.740550 -0.712055 -6.015054 0.391140 -3.083926 -1.115297 -7.177843 -3.626398 -5.887137 0.701956 -2.426827 -0.234046 -3.280395 -2.287227 -5.182344 -1.185835 
5748221003701896836.mp3 :-61.545809 79.282255 5.570192 16.256342 2.457147 3.007332 13.256963 -3.558079 -5.437757 10.105680 -7.963279 1.950933 -8.692388 -3.890292 -3.928973 0.223009 -5.741944 4.821736 -10.497911 4.615402 -2.878611 3.903071 -1.765479 -2.752986 -6.668486 7.246834 -2.720211 6.717201 -1.308747 -2.596154 2.597423 3.834337 -0.353544 -2.707601 -7.822587 -0.387830 -8.352047 -0.207411 -1.815334 2.389800 
5697790980266222467.mp3 :-106.694994 61.380669 16.930048 26.998687 8.196669 7.995161 1.207969 4.932149 -7.557389 7.285666 -4.350570 5.460612 -0.611156 2.508904 -3.508609 2.365505 -6.405111 3.979463 -4.739443 2.140083 -5.863997 -0.556584 -2.607974 4.114275 -2.602160 1.118538 -0.334806 -0.185375 -4.392510 -0.295330 -0.375566 3.238525 0.155572 1.459556 -2.684386 0.957287 -3.906490 1.088515 -1.952905 0.622237 
5766525345247056556.mp3 :-77.589224 107.657211 0.432748 20.791542 0.393730 18.033362 6.787870 -3.893906 -0.888929 0.249713 -5.889110 -2.894804 -6.766761 -0.530025 -5.791357 -1.763777 -5.737763 2.131750 -3.647895 1.659683 -2.912533 0.936212 -7.621567 -1.183547 -4.097245 -0.484177 -3.884214 2.561917 -2.086613 0.421780 -6.522703 -1.872524 -4.999453 -0.907009 -5.807919 -2.925600 -4.953446 -0.022744 -4.523016 2.313384 
5794790690985915167.mp3 :-69.282015 77.268939 14.370740 21.183255 5.168140 9.880918 -2.240885 7.233207 -5.825190 4.486856 -3.300580 1.768406 0.326385 2.552065 -5.034761 3.211448 -6.132622 -2.047629 -3.956480 3.571785 -6.844215 -2.248734 -4.156780 3.771413 -0.155737 6.288111 2.501763 3.833667 -3.334265 -1.835782 -5.532381 -1.894732 -3.073709 1.433737 -2.140039 0.816006 -2.158563 1.655618 -0.218151 3.098295 
5782697527468039159.mp3 :-160.433087 98.504963 15.078596 14.271339 8.844432 -3.837549 9.017524 0.517124 -5.099903 7.614038 -16.660288 -3.479656 -8.567514 -6.903837 -12.607206 -3.121331 -4.535779 5.071838 -3.267612 4.523618 -3.562758 -0.265229 -0.483858 2.635072 -5.993390 4.640239 -6.182690 -2.721069 -2.962827 2.844052 -0.412435 2.431157 -6.435294 0.436270 -0.802129 0.900152 -0.995985 2.014409 -1.682999 -2.912828 
