4675306377609380977.mp3 :-244.136961 69.029154 41.342190 33.344964 16.632896 20.941137 4.371632 5.981496 2.822899 7.860650 -7.955975 3.162133 -3.611260 5.561619 -7.789005 -0.022049 -5.187178 -1.734557 -4.567278 1.966592 -0.461828 4.142588 -2.357986 1.272740 -2.491817 2.988457 -3.765407 1.923166 -4.921599 -1.271875 0.891860 5.589862 -3.011750 -1.434355 -5.758809 -0.561058 -3.649441 0.243179 -0.664166 3.419366 
4615838307313825348.mp3 :-63.412884 86.553273 -1.340157 20.130261 3.621471 19.271515 2.467575 6.628521 2.602911 7.703022 1.296552 3.982658 -0.637109 0.425566 -2.698364 3.157225 -2.671824 3.041209 -3.555343 0.144908 -2.238792 3.521347 -0.303370 4.493940 -4.347754 -0.369660 -3.448752 1.162292 -6.313745 -0.756076 -1.834592 5.649351 0.807797 2.792966 -2.251725 0.619529 -4.248099 -2.440027 -2.561798 1.975523 
468546047323997305.mp3 :-78.923526 67.699532 18.678094 30.159171 8.116514 9.337445 9.361609 -1.358542 5.397443 -2.337057 -6.245440 -1.737343 -0.776973 1.476909 2.246545 0.435963 -4.021272 3.304047 -2.159931 8.177872 -4.025849 -5.092159 -6.494285 5.055879 1.763827 3.037246 1.566205 7.250967 1.126160 -3.611544 -11.811320 -1.914498 0.332058 3.391712 -3.534516 -0.108814 -6.785140 -1.330155 -3.864833 -2.046351 
4703741706316664244.mp3 :-84.045983 81.032320 36.052706 21.000740 6.183012 1.529847 -1.019083 10.323042 -10.161994 8.141835 -9.789150 -0.323767 -5.911105 0.888283 -9.446699 -0.379435 -8.885477 1.268776 -5.918431 1.891758 -0.569885 -1.935908 -6.226195 -0.616485 -6.458005 0.237218 -2.038988 2.460146 0.088610 -0.235492 -4.471083 -1.181804 -3.118259 0.159707 -4.197079 -0.309955 -4.031424 1.222568 -1.755151 -0.585872 
4698760527776031948.mp3 :-118.079134 77.357576 12.431725 33.144185 -4.020416 1.885658 3.238017 -7.524725 -4.374932 1.326346 -3.877997 2.997441 -4.666588 -0.034149 -9.668662 -2.862332 -4.995263 2.864136 2.078280 9.375386 -0.916660 3.612328 -1.902697 1.301630 -5.091459 2.715144 -5.579299 -3.464487 -7.088155 2.153008 -1.306729 -3.307186 -9.150836 0.351188 -2.581995 2.554483 -1.320357 -1.961350 -5.678745 -4.708841 
4629167145966599961.mp3 :-154.684496 97.963243 0.013214 36.407928 4.993586 3.639431 -5.893078 7.156737 -10.121247 2.293384 0.370043 -4.941187 -4.918525 -1.976174 -5.333478 -1.268132 -6.504025 -0.981132 -4.077092 0.348848 -3.513547 1.485227 -9.141298 -2.845007 -6.911165 -0.891921 -2.822504 3.798868 -1.647543 -1.237286 -4.408945 -0.141693 -3.782195 1.437414 -4.606205 -1.723706 -4.294702 0.717140 -5.246209 0.228226 
4622844089596342020.mp3 :-136.993768 115.359413 1.280370 29.901432 8.550942 -5.772985 0.841789 9.077327 -21.266798 4.542755 -7.734402 -4.858748 -1.160228 -3.629474 -11.247223 0.054673 -5.931911 -5.669060 -5.423692 -6.263978 -6.585722 -0.356630 -1.777141 -2.457363 -1.080691 -0.305481 -2.166446 4.066350 -4.791482 -0.706126 -0.029904 -1.338579 -2.890330 -0.694847 -8.386017 -3.933761 -3.701464 -1.297085 -6.302961 0.194601 
4683063373848095074.mp3 :-101.762450 86.041783 12.205821 19.538125 7.684163 7.698691 7.685024 1.402276 -2.899997 7.344837 -7.023383 -0.128300 -3.380804 0.462075 -1.622238 1.889385 -3.769713 -0.757044 -6.504901 -1.109301 1.839319 6.933860 -4.042336 -2.481091 -8.807303 -1.993834 -4.026873 4.195034 1.637654 2.429968 -1.726088 1.784276 -4.297144 -1.798790 -7.427039 -3.382017 -5.648799 -0.136669 -7.835701 -1.191019 
4674141160534785490.mp3 :-136.021865 63.143362 6.557877 20.515794 3.840715 5.281154 3.767619 2.590811 -3.399172 12.067124 -2.633072 3.545200 -0.783470 2.504870 -3.262572 1.728575 -4.642531 3.448159 -2.927203 -1.173784 -5.335535 -0.366120 -2.074123 3.879055 -2.208284 0.397489 -4.330926 -2.628850 -6.681940 -0.520908 -1.796083 1.631589 -4.594150 -0.357326 -3.778276 0.580705 -4.391784 -2.085735 -4.778234 0.198170 
4678359801601444974.mp3 :-262.607907 86.029004 -33.294352 28.576830 8.231992 14.300685 2.276120 2.725368 -6.338599 2.568408 2.884995 2.387935 -1.436201 0.849178 -2.006167 0.246466 -2.207550 5.759860 -0.925780 -9.178564 -12.104387 -0.389791 1.118743 2.388391 -2.506186 -0.841487 -4.658883 -4.941010 -8.174571 -8.123447 -5.377282 2.654920 -1.588212 -0.712633 -5.020931 -4.526113 -4.905992 -3.756555 -1.642225 -4.218570 
4662960036241329363.mp3 :-159.593369 90.890074 25.200117 40.807042 15.041855 11.692496 0.439360 9.357752 -5.004494 1.962208 -2.551931 0.702678 -6.211697 -1.279616 -4.076403 2.599804 -4.925972 -1.228761 -6.052716 -4.867309 -7.549453 -6.079436 -6.600734 0.231275 -5.011581 -2.390394 -1.569737 -2.038190 -5.667941 2.677436 -1.249685 0.062625 -2.581036 -0.014369 -2.789315 3.829733 -2.970167 2.928564 -2.320127 -3.592234 
4669577014122704805.mp3 :-94.527262 110.669438 -7.022852 27.640186 2.568551 4.561644 -3.719224 5.352454 -6.234423 -0.134330 -4.317044 -4.227506 -4.958899 -0.704967 -7.387976 -0.014943 -6.243428 -0.988390 -6.854665 -3.348130 -4.748870 1.984788 -5.598140 -2.651416 -5.882791 -1.857643 -8.367037 1.637739 -2.407634 0.719912 -2.733676 -0.008942 -4.353154 0.851930 -3.134905 0.473119 -3.987310 0.655679 -1.925977 -1.301354 
4629619513019318764.mp3 :-64.310860 86.585488 -6.240219 35.029581 13.876728 6.480981 -0.519335 4.912777 -4.058511 9.087481 -9.849858 5.443366 -4.408849 2.064008 -1.022408 3.371501 -2.638479 6.081903 -3.128233 2.534737 -5.518945 -1.495717 -5.643176 1.033398 -3.421048 1.117693 -2.840771 -1.980278 -3.579928 1.407934 -6.061685 -0.692649 -4.306850 2.513240 -0.085401 3.914005 -0.572395 0.881397 -3.577334 -0.611264 
4640311123998629111.mp3 :-41.848257 75.839430 2.874458 15.079485 1.134201 9.276815 -6.476056 7.359924 -1.225327 2.524673 -1.336834 5.347840 0.085823 4.306561 -0.950870 3.882029 -5.448788 2.235985 -3.862126 2.278240 -4.244000 3.159260 -3.497262 3.587143 -1.208130 3.456669 -2.822806 3.247828 -3.122761 2.086494 -4.386799 1.851069 -1.442628 1.260668 -2.364394 -0.149090 -5.219791 -1.456962 -4.514622 0.623286 
4624514499066189339.mp3 :-119.552739 87.999012 11.231856 11.372542 -12.049632 -13.275803 -0.788182 -20.596624 -13.082393 -2.181465 -15.685387 -4.950356 -14.334778 -7.655369 -6.251977 -1.317236 -1.393046 2.460919 -6.800149 3.106668 -7.925784 -2.019743 -5.203125 -2.040408 -3.840498 -0.487048 -10.701163 -2.636160 -8.414235 0.077163 -4.155749 -5.848612 -8.612772 -1.799618 -4.161559 -2.080620 -6.308782 1.756601 -5.642005 -4.380045 
4633797705992380342.mp3 :-122.127015 90.595435 17.059960 18.396842 -0.685559 0.804054 -4.344670 3.672840 -13.897491 1.688279 -10.362039 -2.632607 -8.638689 -4.740420 -6.843611 -1.025143 -3.961662 5.901738 -3.699804 0.348361 -8.083121 1.097933 3.065243 3.179488 -0.776077 -0.873013 -5.344157 -2.162981 -6.615971 1.800423 -2.026768 6.210109 -0.435142 2.528347 -0.483018 3.108302 -3.755172 -3.122056 -3.458573 3.356292 
4665355793583078444.mp3 :-96.470186 84.905037 -16.609801 6.749711 -6.564705 1.568680 -0.783773 -3.988631 -4.478217 3.007646 -12.205974 4.530075 -5.913665 5.902452 -0.962663 8.116801 2.735422 7.784077 -1.730123 1.341574 -3.420419 2.760644 -0.738384 -0.135484 -3.948652 2.002682 -3.988275 -0.127117 -1.999817 4.284073 2.161624 1.385672 -3.225397 1.228780 -0.962969 2.589507 -0.284297 0.871244 -5.464371 -3.344484 
4619863240390947569.mp3 :-82.806911 88.514919 18.457315 31.226058 11.276112 8.220101 5.023143 5.772708 -3.304605 4.878569 2.723422 3.388044 0.218454 2.650551 -3.024213 4.589499 -5.174472 2.242291 -5.186831 3.614036 -2.637561 3.705515 -6.561092 -0.042852 -5.585962 -0.304572 -0.998022 4.766865 1.164469 2.248343 -2.920333 -0.334678 -2.446811 3.520432 -1.672576 1.542759 -3.320180 0.122828 -1.900401 3.471960 
465581784427893835.mp3 :-48.307958 82.064499 14.206948 18.588901 3.774006 11.848011 14.087401 -5.346967 -4.156320 5.791965 -5.493067 2.951661 -8.318629 4.562021 -1.665972 1.127934 -1.594126 1.610848 -5.505662 2.058495 -3.150338 2.335675 -4.431782 1.047726 -3.458911 5.094840 -4.541653 3.851389 -0.991547 1.160060 -4.264519 -1.243904 -2.790176 -1.018521 -4.271708 1.248923 -2.167280 3.349473 -3.307332 -1.371705 
4668977548363667966.mp3 :-143.633400 127.116543 -0.452211 13.880435 2.245783 -9.538832 -2.106130 8.621890 -20.691584 5.206573 -3.383728 -0.028928 -0.188791 2.583674 -7.338557 -2.222989 -2.844785 -2.974213 -5.841359 0.167727 -0.373834 4.682582 -0.020566 2.259814 -4.077873 -0.632030 -3.139627 0.964043 -0.846228 -0.452007 -4.349522 4.299195 -0.675175 0.855210 -3.223158 -3.938130 -4.161383 -0.012506 -1.599806 -0.073597 
4619711975772403734.mp3 :-165.064067 111.668702 22.883352 29.609089 12.368939 6.572708 5.281427 8.218756 -4.864635 9.123561 1.326646 1.093366 -5.954788 -1.592906 -10.023410 -0.935491 -5.556961 -0.979328 -1.789016 1.824312 -1.076016 3.146391 0.086353 2.932669 -1.203701 2.434399 -1.151056 0.484094 -3.461492 -1.146852 -5.339808 0.024961 -3.732875 0.233376 -2.950579 0.420116 -3.039243 -0.716884 -2.188779 1.747439 
4654419747627579449.mp3 :-96.429284 85.421229 -20.158792 35.295559 5.339859 11.425421 6.648489 2.452486 -3.088671 2.966662 -10.285482 -0.065201 -9.731976 -6.640654 -7.343563 -1.442501 -6.500405 -0.312496 -6.953180 -2.366407 -10.596857 -3.286947 -5.872371 1.179696 -2.767360 2.716034 -5.762124 -0.334483 -3.767873 1.266386 -7.927403 -4.178899 -5.772782 2.110043 -0.924499 1.993733 -4.291588 -1.435112 -5.624611 -4.525748 
4677630475010644661.mp3 :-89.773178 114.292659 20.295165 25.268933 12.191894 9.899371 -1.516529 7.943534 -9.594704 4.576760 -5.475373 1.775886 -2.274405 0.044152 -2.635681 -1.932689 -4.935447 1.297631 -4.387602 -0.567334 -4.874614 -2.321047 -3.252672 5.319023 -1.228811 1.001094 -4.482183 -0.947343 -1.863197 2.911711 -3.483285 -3.816443 -3.240131 1.522066 -1.246111 1.478905 -4.698832 -1.329984 -4.957680 -3.900344 
4699731972708930403.mp3 :-187.784488 100.471916 8.932405 15.706513 2.613523 8.522140 -7.982198 3.529096 -10.721464 3.812879 -13.207711 -1.817055 -8.935959 -5.142690 -8.027134 -5.807332 -4.692021 0.298713 -6.459385 -2.974135 -11.034600 -2.053165 -0.327240 -0.362366 -5.114181 -2.460982 -5.690031 -3.373186 -9.002264 -2.852219 2.229811 4.914581 -2.495559 -2.179303 -4.910411 -1.423638 -2.752729 1.469025 -1.752263 -1.732830 
4622732423207275091.mp3 :-117.312876 93.302060 9.056962 19.374577 11.383721 9.349348 5.778799 4.554251 1.494347 3.283060 -2.575054 0.286919 -3.458621 5.073870 -3.425644 6.920034 -1.284486 4.309059 -0.490747 3.183316 1.917031 7.377560 4.665654 3.401240 -1.885111 3.078155 1.898539 5.983175 -0.922334 0.396755 -3.082674 3.267421 -0.022480 2.664091 -3.729363 -0.899456 -3.979069 1.189260 -0.462984 -0.300374 
4710937651892512603.mp3 :-238.184519 116.378659 11.689204 25.825328 5.232039 3.110051 -7.042358 -4.130838 -9.542873 -7.701532 -12.377000 -7.576496 -14.083931 -6.483453 -8.427984 -4.438216 -6.580545 -1.989734 -7.766096 -5.426509 -6.836410 0.741644 -1.053632 -2.196034 -3.163413 -1.148713 -2.307328 -0.216859 -6.504346 -5.624387 -1.278333 3.493961 -3.403317 -4.573596 -6.869306 -5.388367 -7.054012 -5.227244 -6.125669 -2.361539 
470774628778028361.mp3 :-109.994028 105.918447 12.824106 20.055477 0.088237 8.460712 -3.522667 6.809366 -4.095647 4.148232 -5.135534 -4.493688 -2.173664 -1.137576 -3.201294 0.504489 -8.381563 -0.711513 -6.563718 -7.654044 -4.383384 0.389211 -4.158957 0.812291 -6.210666 0.166283 -6.851780 3.173908 -5.846820 1.097719 -2.779334 2.224415 -3.051336 0.413953 -5.363437 -5.491664 -7.066812 -2.584187 -2.948000 -0.471189 
4660772125377800142.mp3 :-97.003708 89.875214 20.937810 43.711308 13.998163 9.022795 4.083537 8.678639 -7.736716 6.492159 0.873126 -5.412796 2.296946 -1.850174 -6.601983 2.055017 -6.751770 0.676060 -2.910555 -2.612939 -2.842621 -0.367057 -7.519473 1.460535 -6.396916 1.847277 -4.921848 2.104183 -4.648393 3.275675 -2.111164 -2.938557 -7.080336 -0.250599 -3.691352 2.058414 -0.043716 3.517680 -0.092826 0.914250 
4710115873878313440.mp3 :-52.765228 82.876833 -13.724639 16.577460 -2.172866 13.461707 -1.317583 2.540097 -9.092641 -0.264219 -4.359497 -3.610440 -5.160915 1.325180 -5.163239 0.855956 -5.452318 0.303459 0.444695 4.380981 -4.508765 -2.536161 -3.031645 3.649946 -1.091011 4.455872 -1.522605 2.389423 -2.695658 1.903868 -4.323710 -1.013926 -3.354537 2.440347 -0.880468 2.928430 -1.711863 1.413761 -5.436273 -0.941812 
4626370697236849099.mp3 :-94.078784 86.758533 -9.758580 13.098421 -0.692835 -4.465032 -2.253623 -0.129029 0.929093 -0.137391 -10.247553 -1.664149 -8.177440 3.474458 -1.054282 1.991190 0.722959 6.463458 -5.256791 -1.023699 -5.868992 2.344083 -0.543920 2.716345 -4.061438 5.046114 0.936060 8.354592 2.076642 8.271588 8.158258 9.550077 0.982062 1.357525 -5.677122 -1.588416 -5.557451 1.998891 -0.750463 -0.031387 
4641035127813570329.mp3 :-173.021531 116.097624 -0.440696 7.011588 -9.758199 -5.796946 -16.820326 -1.400269 -14.044430 -1.442311 -16.644544 -7.899235 -13.062681 -2.166094 -8.628457 -4.117219 -7.891230 -1.159528 -6.926657 -0.482051 -5.647637 2.411260 1.289581 -1.447571 -0.762422 0.591885 -2.412373 0.399412 -0.551764 3.084573 0.635235 0.346008 -4.112912 -0.621839 -4.297682 0.045370 -3.824890 0.446193 -1.670285 0.900376 
470957905094498597.mp3 :-140.152317 117.750796 -17.682907 8.603182 -2.787705 -4.026390 5.451151 1.141155 -12.318705 4.464348 -13.158004 -2.516485 -6.814753 -3.963508 -5.690611 0.921436 -6.552768 2.140981 -4.010871 -1.651157 -7.929372 -3.743467 -9.705597 -0.976359 0.314703 0.142095 0.108076 -0.222012 -7.686481 1.345985 -2.449136 -0.636076 -8.153483 -1.084341 -4.176687 3.631741 2.953413 4.284538 1.832470 -2.979887 
4635414821955982911.mp3 :-99.888962 96.708169 27.325228 34.017172 7.011399 10.439583 -2.461681 11.779237 -12.724183 3.129601 -6.191209 -2.996893 -0.412490 -2.906096 -4.903278 3.450812 -6.497593 1.056101 -5.820757 -2.461640 -10.730259 -4.616490 -5.529079 -0.108917 -4.125764 -2.372742 -6.957838 3.172501 -6.056527 -3.834382 -5.688607 2.274988 1.117720 4.539433 0.643545 1.245513 -4.070458 -2.629104 -6.182364 0.916111 
4711441917458652413.mp3 :-43.786148 61.397717 -3.849055 34.324274 5.757132 5.985028 -0.067209 14.012688 -7.361329 9.219542 -2.163103 1.097462 -1.306185 1.176752 -5.637215 0.405969 -5.769028 -0.053863 -6.783709 2.710015 -3.543059 0.278023 -4.257931 -0.279490 -3.759304 -1.008768 -3.294471 1.946711 -3.304398 4.801354 1.595803 3.682972 -2.450593 -0.144251 -4.595685 -0.175587 -2.985536 1.814782 -4.683446 -0.353044 
4650499632967648044.mp3 :-44.611651 82.773416 5.569971 28.746902 3.484269 1.820082 7.935638 7.830106 -7.121741 7.251953 -13.252543 7.259425 -7.306434 -4.383406 -4.176963 0.113239 -2.194459 3.333645 -2.833779 2.222328 -7.586259 -4.067009 -1.762106 5.593210 -3.602219 2.526807 -6.896030 -0.883918 -9.038701 -3.545538 0.171625 5.365573 -4.911812 0.117560 -5.432814 0.579540 -5.852301 -0.487638 -1.147011 0.196850 
4629498948514273763.mp3 :-135.400801 88.604911 19.570111 33.632597 2.454443 4.513658 4.316962 4.276383 -2.052600 5.069777 -7.072280 -0.709173 -1.789438 3.343671 -0.142552 5.792490 -2.153817 4.731434 -1.028937 4.819184 4.207783 9.389183 -0.409628 -0.803712 -7.557844 1.069091 -1.976592 5.524295 1.573248 2.447043 -4.248945 0.254896 -1.816896 2.290980 -6.042870 -0.412406 -4.496236 -0.767921 -4.829357 -0.820273 
4645737298881094100.mp3 :-83.283352 43.859396 11.565160 42.011268 3.968916 11.824301 3.379957 8.183026 -7.946048 7.970295 -2.944002 3.325776 -2.844648 2.258734 -2.295666 3.295505 -4.248843 0.179940 -5.491250 -1.106701 -5.233167 0.629791 -4.605157 3.135705 -4.009473 -0.325314 -4.757628 -0.602613 -4.921823 2.010382 -5.028627 -2.458813 -2.546654 3.349872 -1.082261 2.466333 -2.755981 -0.344278 -4.739050 -1.701974 
4679430190064486429.mp3 :-185.838117 47.722607 19.546644 44.945287 16.123521 11.982855 9.756597 9.158012 1.171585 6.203036 -2.891025 6.777397 -1.192052 1.555026 -4.851464 1.982193 -0.829010 3.944613 -2.236061 8.369442 -0.669993 -1.031991 -5.379166 0.074959 -0.697925 2.871931 -4.916791 2.229707 -3.123411 -0.608344 -6.108762 -1.554456 -5.153063 0.643748 -3.189770 2.453859 -3.723022 1.361440 -3.216035 1.241558 
465148505343377671.mp3 :-161.104507 121.400272 -16.749613 34.580043 -2.518304 17.789023 0.782234 11.001021 -1.665959 9.317763 -5.258223 1.863796 -0.545062 2.770776 -0.919137 3.960744 -4.405883 3.269694 -2.379625 2.506760 -1.055110 1.428730 -5.258470 -0.984224 -1.870944 -0.851498 1.158699 6.116481 -1.109102 -4.224169 -5.929516 4.096335 0.864198 -2.444396 -5.971173 -1.580415 -7.597737 -0.901926 0.028109 2.878035 
4706653888712364952.mp3 :-93.194522 114.550404 10.653118 13.708664 2.838089 0.798157 -3.487756 6.063487 -8.795401 5.343111 2.519259 1.091557 -2.527467 3.159722 -1.828401 0.763648 -5.212876 3.831849 -4.332205 -1.940386 -2.816700 0.015667 -1.914871 1.535193 -1.640469 2.373800 -3.777674 -0.803491 -5.748416 5.004164 2.011516 1.900993 -3.445585 2.608494 -0.826343 3.341884 -1.335945 1.197721 -3.600933 -2.439374 
4660551541405344540.mp3 :-239.781655 127.764884 -0.430932 21.573615 6.943522 4.375368 -1.888467 5.173578 -11.993532 -3.997170 -8.802136 -0.466331 -0.881343 0.319300 -0.564595 0.975666 -2.076347 -4.570084 -3.344657 4.651998 -0.500676 0.629036 -1.933781 2.080061 -0.983335 2.440786 0.708652 5.958766 1.716144 -3.691527 -3.321151 4.455614 -0.334922 -1.155761 -3.563895 -0.835536 -2.916752 -2.578905 0.839559 0.434859 
4644330887140818707.mp3 :-146.246918 113.933092 6.925123 21.632574 -1.545001 12.318355 0.096318 -4.855985 -8.472200 1.223937 -13.169255 -6.713963 -6.023732 -4.675164 -5.716240 1.839629 1.641235 11.197699 -1.110775 -4.877019 -13.108490 -0.744546 2.826882 4.147184 -3.829556 -3.741253 -8.401666 -3.425112 -8.486953 -4.287135 -3.521070 2.428828 0.099205 3.058241 0.737148 0.844546 -4.820981 -1.846969 -3.750895 -5.324019 
4713569879734194773.mp3 :-91.555918 106.271183 -5.593402 22.816462 -2.517188 -2.553339 1.778833 5.765885 -11.455760 8.190743 -6.194504 -3.088188 -5.908676 -1.419097 -3.886385 2.996872 -5.611138 0.156761 -7.923003 1.856647 -0.714986 -1.464897 -7.542323 -5.265731 -9.409299 -1.753672 -4.068361 6.681910 -1.074972 1.558787 -6.143120 0.314848 -1.811695 -0.570119 -3.416284 -3.741673 -5.954900 -2.343202 -5.738011 1.884961 
4678222196946875296.mp3 :-35.947514 103.450826 10.713253 25.538035 -6.209409 12.490783 5.818007 0.938163 -3.737789 5.528445 -8.423940 4.980679 -3.230348 1.997755 -3.250340 4.628710 -7.630095 0.368985 -3.401814 11.203015 1.914841 -2.682990 -10.343101 -0.727561 -1.774514 7.404865 -0.455893 7.001522 -0.519840 -1.467188 -2.310914 -2.163092 -4.367211 -1.585700 -4.757260 1.720058 -0.109965 3.046774 -0.558063 3.355977 
4696029415275040988.mp3 :-178.020540 101.368421 20.873694 18.941727 0.566427 -0.690170 -4.946029 2.851598 -7.698593 -7.885977 1.720763 -7.814662 -6.918162 -2.814534 -7.108835 -1.423439 -6.838658 -5.006553 -9.502462 -1.245197 2.173956 5.747051 -7.560776 2.549235 -7.030607 -4.934649 -7.583163 -0.349611 -2.582378 7.016580 1.493657 -1.803003 -8.093713 -3.097505 -5.054716 -3.073839 -4.782448 -1.974337 -7.665636 -0.059673 
4659966377341069104.mp3 :-169.319642 108.500565 -1.490295 39.246925 2.837638 9.186463 9.857456 -2.941917 -5.703297 7.222194 -8.350662 3.537567 -2.538589 0.407214 -0.254051 1.978612 1.472911 4.848476 -3.485926 -4.605780 -6.541304 3.349584 -0.176911 -0.705016 -4.555013 -0.308341 -7.999663 2.401981 -2.336682 1.017296 -2.557978 2.955174 -0.079723 1.315361 -2.790539 -1.556483 -4.729014 -2.151791 -6.439425 -1.930613 
4631759898576220245.mp3 :-75.637642 78.135259 13.404984 27.225657 -3.705375 2.801810 0.118872 2.194900 -9.626860 4.966141 -5.879958 1.738569 -8.389794 -0.052692 -7.024061 0.451591 -8.730199 2.529564 -5.542156 0.092741 -5.252224 -1.653512 -6.288683 2.946004 -3.091877 -0.371830 -4.632530 -1.491387 -5.487988 2.124372 -2.870145 3.093858 -2.635650 -0.337003 -1.967457 1.707415 -4.393403 2.290746 -2.170323 -1.033703 
462435598696551741.mp3 :-186.298554 107.797389 30.799288 20.855819 -1.453279 4.599117 -7.414400 -0.930005 -8.637176 0.514378 -4.521628 -0.815686 -6.669641 -0.485995 -6.304533 -0.591403 -8.825860 -1.537921 -5.702473 0.434079 -0.606861 2.729756 -1.696200 -0.338875 -4.584096 -1.376004 -5.345609 -3.755162 -9.135927 -4.695767 3.660386 2.247967 -3.659147 -2.172959 -4.860721 -0.986666 -5.309323 -0.025011 0.544916 0.428318 
4684253069426271778.mp3 :-125.412263 94.940553 1.009797 19.134570 4.123908 4.859151 -1.870997 -1.545667 -10.519561 0.708480 -11.667731 -2.377070 -8.623222 -1.925344 -4.215000 -0.673397 -5.490522 0.223579 -6.419879 -1.345265 -0.372820 -1.329201 1.911081 -0.255348 -5.293891 -1.646684 -7.295127 -0.318907 1.252231 5.110115 -0.078752 2.152618 -2.601996 1.737230 -3.336988 -0.519748 -5.194518 -4.261547 -7.095323 -2.369596 
4703211003279365343.mp3 :-69.806853 99.345481 15.684697 27.085079 2.049098 10.022050 0.350356 6.560267 -5.781169 6.250111 -8.446837 -0.014222 -5.133782 -0.143914 -3.664571 0.814509 -2.110684 4.896514 -0.898105 3.447113 0.064218 -0.216135 -4.267075 0.307937 -4.309793 -0.154785 -3.370995 0.232967 -1.048695 1.854602 -6.288385 -2.531982 -4.190650 0.082369 -3.105588 0.289668 -3.466352 -1.663073 -4.487686 -1.140903 
