1761858111695362301.mp3 :-135.718199 100.540344 4.650009 32.072546 -1.502206 5.910186 -8.842577 5.011085 -5.059199 -0.977904 -2.506232 -2.497754 -5.060833 1.221531 -7.929643 0.736561 -6.200277 -2.365823 -6.886897 -0.492691 -4.836914 -1.363748 -4.903305 -3.578973 -8.142293 -0.895252 -5.916909 -0.208390 -2.330116 6.050193 0.572919 1.170110 -5.154675 -3.220598 -6.379040 -0.643512 -3.727389 0.806220 -4.880302 -1.977199 
1742460827725547442.mp3 :-133.909942 92.676610 33.938067 31.103323 5.995298 -0.063232 -2.051159 3.794467 -10.130063 1.355790 -2.307594 -2.545406 -4.406262 1.962533 -6.493069 0.750277 -4.893307 -3.148520 -5.816994 -4.408946 -6.994661 0.522165 -3.493345 -0.048472 -4.651531 -0.666477 -3.813075 -0.606940 -6.624093 -2.079278 -0.094822 5.262981 -2.407755 -1.211688 -7.794682 -3.405230 -7.272685 -1.545587 -2.654815 0.996550 
1772407175663391704.mp3 :-120.424511 74.251886 26.697560 25.038598 -4.239054 13.177896 7.012984 6.927519 -2.238748 17.135830 -8.648788 1.751975 -1.361517 1.499216 -3.766187 1.810545 -2.593409 1.916696 -4.188255 -1.611130 -8.819248 1.174623 -5.893180 0.687608 -9.031361 -3.090025 -9.486286 -7.436852 -9.261058 3.567764 -1.246918 1.873982 -2.006195 2.694657 -4.319689 0.898005 -3.171039 -1.073112 -5.130016 -0.725699 
1730617062817263791.mp3 :-192.507191 91.543414 19.057631 21.316119 8.775675 5.743870 0.619543 -2.561732 -12.187256 0.624294 -10.809782 -4.856949 -9.173806 -2.170906 -4.683033 -1.026920 -4.175287 0.214644 -8.254512 -4.085204 -7.356510 -6.274414 -2.537095 -1.054696 -4.239020 -1.010559 -4.009933 -5.595310 -3.256446 0.581464 0.328328 -1.153152 -5.558626 -1.014418 -2.160454 1.950792 -2.979031 -2.442997 -4.918883 -4.513049 
1769708849255638329.mp3 :-243.089429 116.482155 31.958833 28.165020 10.781288 -6.826970 2.037738 -14.140442 -6.112899 -8.835089 -12.652251 -4.354417 -15.676196 -4.999517 -13.789104 -3.130898 -5.059856 2.597192 -8.752380 -5.349397 -10.718102 -3.567641 -4.531328 0.544341 -3.320741 -1.467463 -7.042960 -4.485908 -4.428661 1.252622 -0.423937 0.122271 -6.246900 0.848140 -0.515089 3.905938 -1.167978 1.974861 -5.502007 -4.134228 
1799867268986347522.mp3 :-133.101785 103.872252 33.016763 2.617268 20.486050 10.745132 0.513786 5.099817 -5.316176 9.182754 -1.469805 0.523641 -1.594924 2.734733 -5.546055 -0.510041 -1.796714 -2.926211 3.435122 6.790699 -6.968420 5.775903 -5.281455 4.323695 -2.860845 2.258302 -3.187092 -2.436595 -2.669952 -7.045507 -4.508081 3.562352 -4.433105 -0.601357 -4.492816 4.265845 -3.272702 7.335317 -4.156435 6.789566 
1762653351815192649.mp3 :-30.039626 95.671516 0.992198 35.448974 9.615852 2.528729 4.307838 8.293134 -8.377711 6.684203 -5.455477 4.968619 -3.298976 -1.781966 -4.274147 3.335242 -6.295897 0.112889 -0.486390 0.258161 -4.506899 3.793139 -2.569385 0.090868 -4.212063 1.527108 -0.644886 2.769068 -2.869074 2.661212 -1.885556 -1.203569 -1.743459 2.150279 -1.391906 1.921206 -4.148556 0.736651 -3.099876 0.401177 
1726566946108090607.mp3 :-136.143232 88.512758 2.401622 25.728916 6.993270 13.293154 8.966667 6.564114 1.438837 10.505042 -3.873659 6.784677 -0.667389 6.997423 -0.331172 5.817441 -1.441572 6.176009 4.707984 6.323107 -3.505212 -1.934961 -2.484811 4.788425 -0.215553 5.150520 -4.619394 4.382238 -0.687395 -2.221621 -6.854077 0.263643 -2.260915 2.699671 -0.741082 0.143644 -1.583553 2.127397 0.395849 1.802773 
173418222452179181.mp3 :-103.670559 100.015286 4.966285 22.379322 3.274137 8.118552 -4.528109 3.090825 -14.497068 5.052563 -7.677125 0.766430 -7.064245 -4.256608 -5.582237 -3.329128 -6.052620 0.938401 -4.936355 5.392773 1.061949 2.794287 0.773365 -0.355081 -5.289063 -0.773254 -3.076247 -2.379986 -5.196489 -0.229547 1.028606 7.105437 -2.547898 -0.865972 -4.289279 1.113897 -2.867665 2.173595 -3.669409 1.920774 
1725736738627224180.mp3 :-139.429717 107.370228 15.455399 29.852609 10.525486 9.267748 2.245947 10.711691 -7.455442 2.011400 1.116368 -0.886251 0.683459 3.222563 -5.226980 3.470071 -5.931726 -0.638369 0.110990 -3.130352 -7.233764 -0.282715 -3.327451 3.555182 0.497400 2.299977 -7.428579 2.463536 -5.396847 -2.197979 -3.910532 -4.413762 -0.379215 2.774031 -0.768572 0.548392 -3.307958 -1.304720 -3.802884 0.715984 
178990169657750517.mp3 :-108.277352 98.043844 5.074890 18.804892 7.446284 4.673158 3.527413 -0.894600 -12.773638 6.497924 -12.545638 -0.135160 -6.183279 0.238122 -2.306462 1.322795 -3.566159 2.543594 -4.956988 3.960325 -3.440861 2.294393 -2.334373 0.108056 -5.169803 1.882394 -1.957247 2.687665 -0.736815 -0.336122 -1.086823 2.567141 -3.536555 -1.833094 -5.797727 -1.130362 -3.384112 2.319926 -1.968259 0.692160 
1765852818788261397.mp3 :-153.617666 74.730271 -15.516544 9.797735 -7.534039 1.557095 15.895816 -8.811335 -4.213837 5.784548 -11.418777 1.769475 -10.315489 -5.791944 -3.954803 3.125791 -1.221773 9.795946 1.908400 4.509724 -7.021983 -3.310894 -2.393354 6.482244 -0.559591 -0.284555 -9.328024 -0.446543 -2.442051 3.438530 -4.240440 -5.429540 -3.413904 5.133345 3.523268 4.305536 -2.191186 -2.923743 -5.361873 1.317392 
1767872418477222196.mp3 :-152.162100 95.086646 3.397527 35.160531 7.217812 3.235856 -1.817395 1.455429 -10.701853 2.525988 -8.566711 1.854968 -5.479483 -2.378807 -4.975947 -0.192359 -7.748224 -1.112922 -5.936903 -1.522270 -7.459606 -1.377564 -7.307716 1.256359 -5.201316 -1.670811 -4.480852 -0.500784 -5.363065 4.064484 -0.287554 -0.009326 -3.016180 1.692455 -1.636522 2.714495 -0.153544 2.899306 -1.797542 0.717028 
1737702104621021358.mp3 :-259.494514 146.452115 -38.327539 26.220108 1.794840 -10.483630 19.031179 -19.467771 -19.535114 1.023406 -18.416998 -7.460835 3.056368 -2.991479 -8.497327 -5.505517 -5.897162 -4.212211 -11.432877 -9.192678 -8.808438 -2.973849 -0.433478 -1.381675 -2.607158 -3.833983 -6.715505 -2.609133 -3.574128 -2.131710 -7.143544 -0.501087 1.115303 -2.662756 -3.641605 -5.622646 -5.245004 -4.285158 -2.878213 -5.526304 
1757580566143287635.mp3 :-131.093076 93.773576 9.323062 23.989128 6.344517 9.761154 1.062243 6.396198 -9.811499 2.837458 1.227599 -0.543793 -4.958248 -6.261744 -2.191016 3.343757 -7.319072 -0.940127 2.131376 2.767056 -8.231862 -0.749772 -4.615108 0.765545 -5.011532 0.255841 -5.717821 -1.640975 -3.220404 1.287904 -10.628234 -3.787210 -0.215748 3.170954 0.419963 3.010013 -3.260539 1.616022 -4.801440 0.144758 
1742844886302748712.mp3 :-147.835670 102.559316 19.742842 16.717002 0.729300 15.741407 -12.133593 4.607460 -9.674712 -11.775713 -1.467467 -14.004201 -12.668360 -8.549571 -10.681939 -0.979696 -8.353120 -3.464581 -6.494102 0.236697 -1.407704 3.767450 -3.305858 2.952957 -6.701093 -1.724068 -1.761157 2.916889 4.099390 4.639440 -1.646214 3.065291 2.133708 5.014252 -1.613978 -1.008506 -3.278767 -1.306662 -4.985770 0.672335 
1737879062733017525.mp3 :-194.928596 107.599264 43.396209 26.359859 -2.941747 6.607783 -0.588219 3.426684 -3.488513 -1.957803 -8.123761 -4.907440 -8.135966 -3.568076 -7.742429 -1.882940 -5.651180 -4.882083 -3.451021 6.026047 -0.289639 0.807305 -1.521351 0.004807 -4.855751 -0.296961 -4.262202 -1.051137 -4.847673 -3.169391 0.808948 2.266573 -1.087314 -2.012597 -4.911338 -0.770735 -5.176719 0.632554 -1.893171 0.183597 
1785064122604704944.mp3 :-166.630198 79.267715 12.575161 30.113274 0.468597 3.348475 -1.342982 1.583307 -15.334235 4.118684 -5.463004 -2.118331 -2.789328 -1.099470 -5.606179 1.320067 -5.542628 0.776970 -4.274650 0.508508 -6.125368 -1.312496 -4.006261 3.831199 -1.644114 1.915987 -1.615831 0.903083 -2.287048 1.136385 -7.848742 -3.211700 2.567014 6.360372 1.018151 5.291932 -0.833180 3.020529 0.359002 1.632978 
1786411056699131891.mp3 :-108.685725 92.283773 7.957625 13.660170 -8.918258 4.780973 6.520592 -2.409415 -4.508907 4.785027 -9.654648 6.870828 -1.635546 3.500981 -0.027725 2.214223 -2.420253 3.515838 -5.634225 0.308251 -1.534477 4.986763 -1.712043 -1.771305 -5.942121 0.720783 -5.455360 1.912517 -2.311287 1.884951 -3.376237 0.077294 -3.122631 0.027375 -4.379297 -2.336300 -4.374702 -2.015357 -4.186458 -0.616101 
1797518133778539845.mp3 :-66.106351 77.210962 6.919484 20.814240 8.152622 6.797688 7.628524 -0.524957 4.036410 4.785026 -1.674773 9.673418 4.469614 7.685698 -2.399182 5.259821 -3.152531 3.014969 1.037025 2.819843 -2.757963 1.347105 -1.831580 6.825783 -0.374954 3.588546 -1.565590 3.601859 1.058746 3.393140 -4.003394 -2.331949 -2.557504 4.863922 -1.529384 3.599036 -3.571765 0.459282 -4.754113 -1.200794 
1773910858251492031.mp3 :-184.138590 164.561873 -11.046305 10.585014 0.052857 3.114756 -3.999850 -8.182680 -23.164518 3.173668 -13.205230 -3.052342 -4.024196 -5.963351 -5.560794 -8.227750 -9.160516 -4.614195 -6.449060 -2.200028 -6.966451 -5.325175 -3.958141 -1.688276 -2.178026 -3.257145 -1.192981 -1.406649 -5.656007 -2.066444 -0.332142 0.419211 -1.309611 -1.768441 -3.874131 -0.538643 -3.349636 -2.087248 -4.101693 -6.393207 
1784077458376843635.mp3 :-53.374648 57.457338 20.239060 21.211757 -0.095240 1.618909 -6.592297 0.445708 -6.939852 2.057177 -9.391538 -0.120739 -7.890679 0.784766 -7.475190 0.451146 -4.802432 1.766025 -1.554876 5.170777 -4.917405 0.934536 -3.829772 2.389547 -0.037155 1.582333 -4.000149 4.434375 -3.835555 -2.669622 -8.105945 -1.558744 -3.868071 -0.636065 -5.681023 0.037552 -3.864581 2.112349 -0.364778 3.956957 
1794243257015958179.mp3 :-55.488593 101.153631 29.791006 24.924570 4.367552 9.676814 -5.560724 2.251995 -13.567098 1.410746 -3.968262 -1.234919 -2.969475 2.027216 -4.426053 2.275530 -4.348131 2.426671 -1.957750 2.596748 -3.240427 -1.704726 -5.874532 3.028762 -2.691413 4.160465 -1.059552 3.128596 -0.286731 4.326644 -3.585876 -0.584642 -0.821098 4.656457 -0.149009 1.451611 -3.407010 0.152387 -4.576500 -1.201239 
1760986202927413819.mp3 :-29.781894 55.732989 6.571900 24.998661 6.444233 11.714578 -0.892852 7.310820 -2.874630 4.755292 -3.631346 2.671695 -1.691129 2.387952 -1.465750 3.475465 -3.004749 3.938558 -3.703983 1.159053 -3.604542 4.256480 -1.047932 4.204415 -2.795165 1.248189 -4.140003 0.464225 -4.652468 3.316460 -0.886023 2.992349 -2.367851 0.653871 -3.064140 1.454814 -2.280926 0.780859 -1.901306 2.421815 
1709712726231245671.mp3 :-103.771220 94.879706 6.980961 27.958288 -0.822950 9.175714 4.022724 -0.652362 -5.604666 1.951930 -6.354049 2.382442 -7.105230 -1.036020 -5.253442 -0.738716 -4.711807 3.146449 -1.161727 4.478902 -3.263247 0.894434 -5.400221 0.159734 -0.224108 1.302625 -1.972741 2.289639 -2.045747 0.379839 -6.155300 -2.623392 -3.355005 2.109494 -0.515862 2.986853 -1.436272 -0.216593 -2.894517 0.021843 
1738830122923855909.mp3 :-87.404214 98.720489 16.378852 29.519309 0.645037 9.956239 -3.547566 -1.501112 -4.519587 5.291198 -1.355025 -1.708399 0.876553 -0.581467 -0.614225 0.168888 -10.543584 1.130313 -2.391218 -0.692720 -4.551305 1.911976 -4.460352 1.492386 -1.844449 6.300906 -3.015919 9.069643 0.752950 -0.267841 -5.498160 -3.253275 -4.696517 2.646765 -2.553855 0.558070 -3.574680 2.139584 -2.504440 2.342663 
1721771704300590145.mp3 :-60.258157 87.683768 1.832669 40.530390 9.423616 4.931742 4.643648 6.795992 -8.270475 9.097714 -3.008037 3.723351 -1.535764 1.428322 -7.192193 2.197478 -7.068711 0.209655 -6.102830 -0.440154 0.840266 5.759816 -3.235012 0.947271 -4.005242 1.209848 -1.801054 7.113444 -2.364613 2.145625 -3.502782 -0.853302 -3.647050 0.656655 -5.519128 -0.777319 -4.244118 -1.732758 -2.535969 0.269154 
1718883590445220998.mp3 :-87.036282 100.611471 -1.124342 36.035438 13.819824 8.036506 3.056331 10.617471 -7.536023 6.271531 -3.030835 1.244515 -1.681270 -7.326926 -4.275638 1.044756 -3.029365 -1.554060 -7.570793 -3.331019 -5.651480 4.426911 -1.642399 -0.973159 -8.561754 -4.401166 -3.717254 2.743613 -4.454880 0.822552 -2.421701 2.016773 -0.992218 1.610633 -6.504906 -4.280168 -7.794239 -2.031010 -1.593984 1.842611 
1794288257626416827.mp3 :-176.333247 82.907141 10.779344 29.569492 10.414658 17.600902 13.503897 4.867332 3.216951 8.592477 -9.745913 1.366448 -3.598800 0.422441 -1.257299 2.828924 -5.029865 0.013541 -5.594506 -1.803096 -5.445907 1.344485 -4.667120 -0.371098 -3.605032 4.663153 -2.079226 2.212548 -2.236699 -0.685067 -4.147652 0.269299 -2.699963 0.941993 -1.941264 2.224544 -4.101522 -0.774880 -2.494110 1.885144 
1742238793859257714.mp3 :-192.747331 128.939109 40.894855 19.887521 6.885455 9.625157 3.743609 0.517384 -1.460276 6.790330 -6.286435 3.488326 -6.745414 -1.120940 -6.845858 0.510226 -5.921800 2.320729 -2.624006 0.223253 -3.067452 2.286177 0.567741 3.846153 -0.462273 -1.597972 -6.797096 -0.164302 -1.561907 2.161463 -4.598329 -2.815395 -1.612192 3.747155 1.058012 1.253979 -2.618774 -1.296807 -5.052239 -0.551329 
1744157677647618978.mp3 :-208.771238 119.239821 10.065460 33.493164 8.876097 8.349826 2.387579 2.470474 -8.443295 0.888432 -5.704585 -5.568894 -8.535425 0.313246 -6.439731 -2.218333 -5.665830 -0.279842 -5.880050 1.509323 -0.766022 2.162802 -2.342031 0.300086 -3.574635 1.500350 0.014302 2.927040 -2.498840 -0.434078 -2.957589 1.477602 -2.545235 -0.977412 -5.638518 -0.525883 -2.454144 0.889700 -2.372216 2.379970 
1716882101615976513.mp3 :-107.418674 98.372120 19.744813 28.849018 9.421398 13.168891 4.701034 4.421929 1.069438 6.569818 -7.139633 -0.582272 -4.236501 2.671929 -2.070159 5.115931 0.838084 2.810736 -4.256303 -0.277803 -4.847982 0.875847 -6.054018 -2.836226 -5.122583 2.950546 -1.490419 4.888348 1.600064 3.411174 -0.661747 2.108071 -0.389653 2.015419 -2.494007 1.094696 -1.564241 3.236691 -2.097673 0.251286 
1762447898800423485.mp3 :-116.690040 107.626691 10.119851 22.667140 9.022372 5.719779 -4.122783 11.112312 -12.223046 6.480641 -4.296260 -3.869570 -1.389137 -4.137485 0.212014 1.136109 -8.607213 -1.404010 -2.195015 2.054357 -6.342227 4.028662 -7.490084 -1.098172 -1.000074 -2.214091 -1.600292 4.938917 -5.560707 1.069509 -0.113947 5.485820 -2.346385 -1.605448 -4.754799 2.225142 -0.319457 3.442026 -0.663008 2.776458 
1735232125406971690.mp3 :-120.518975 64.121274 12.900929 29.976588 -7.660024 1.655420 -7.975027 7.550943 -17.782932 9.906741 -13.432172 -0.397954 -4.003075 -0.805755 -2.828245 2.593005 -3.462079 -0.171978 -4.716324 -6.169140 -7.241745 -2.462158 -4.808343 0.245211 -8.326972 0.100748 -5.672610 0.765231 -4.961129 0.844127 -3.948352 0.035300 -3.147121 0.307351 -5.239810 -3.439102 -6.279035 -1.975615 -3.915810 -0.251277 
1772491275517854554.mp3 :-118.348210 87.203931 5.804596 31.097849 3.523892 16.300355 -2.932507 7.822731 -3.370088 11.403759 -8.849546 4.911548 -7.580631 1.589968 -1.779309 4.146640 -0.536870 0.171884 -2.559390 -2.219559 -6.478306 1.425230 -1.417589 1.910009 -2.725478 -0.192997 -4.719687 2.926922 -4.027559 0.182814 -2.318682 4.085978 0.459945 0.545721 -4.748129 -3.700070 -6.772141 0.019464 -3.331867 -0.346687 
1798143128009473391.mp3 :-184.283582 122.545292 37.086275 29.682298 13.709737 7.028787 7.826698 -1.910687 -5.163908 11.717368 -12.848436 2.843610 -3.975156 -0.424269 -7.755884 -0.699254 -4.170544 2.243220 -4.328923 3.456181 -2.177199 4.037795 0.396384 1.337197 -3.297435 -2.504309 -4.736269 -0.211786 -1.031735 0.708319 -4.111925 -0.578727 -0.660487 2.913188 1.080662 0.673745 -3.223653 0.504075 -3.711260 -1.430277 
178964354644089080.mp3 :-153.093033 112.857448 20.027891 22.099208 10.986904 5.208184 5.823354 -1.102408 -7.568850 6.747685 -11.351688 -1.455610 -7.646190 -0.386626 -5.053651 -1.200117 -6.308969 1.823136 -4.841788 3.135419 -1.071711 3.133165 -0.470130 0.283568 -6.684059 -1.259495 -5.694144 1.689283 -2.512672 -2.009794 -6.942594 -0.290224 -2.045893 0.995305 -4.978926 -3.403975 -6.707931 -2.619422 -5.948518 0.772123 
1752529273973640608.mp3 :-133.484390 101.511303 4.909753 26.288100 2.588228 -4.745777 4.276790 3.708242 -20.574330 -3.665369 -6.614696 -8.375367 -5.458242 -5.235448 -11.807369 -3.649204 -6.870435 -4.916081 -7.770397 -4.840183 -8.723574 -0.573414 -3.291704 -0.244503 -2.639689 -1.205675 -4.963333 -2.169423 -4.104544 2.022842 -3.022207 -1.705540 -4.924510 0.805298 -2.991871 0.041391 -3.645602 -0.021298 -4.347455 -5.951637 
1759908766105650877.mp3 :-119.277905 105.107611 18.561379 23.281768 2.515694 7.926652 7.444878 -1.735933 -11.970687 8.049151 -15.094527 0.181354 -5.901257 1.383426 -4.106363 -2.064201 -6.229459 0.726085 -7.878103 4.139117 -2.011375 0.788557 -5.924117 -2.779326 -4.722511 4.117127 0.949255 3.745284 -2.815612 -2.864661 1.149631 3.289362 -2.993339 -1.630824 -6.096251 -0.485475 -3.245847 2.364298 1.174489 4.273867 
1798157955960186872.mp3 :-291.641902 130.869180 10.472824 16.349125 -2.814342 -4.097990 -0.565191 2.546742 -1.124306 -0.462371 -7.364355 -6.776934 -7.130563 -1.277035 -0.734945 0.113012 -4.628774 -1.275521 -1.641306 -3.798041 -9.274846 -8.399311 -4.610928 -1.959418 -1.219747 2.047721 -1.750468 -2.020068 1.562089 4.623895 -0.807826 -3.485002 -1.261921 5.140727 1.481528 2.366795 0.719431 -2.598144 -8.136208 -7.104179 
1769636457909256046.mp3 :-145.310976 106.062676 20.595808 14.298892 -5.433238 1.242133 -3.296281 1.710874 -7.544678 0.855918 -11.430939 -2.386965 -7.991788 0.560558 -4.444684 3.162552 -0.036920 1.504892 0.596272 2.131796 -8.054063 -3.779787 -3.087722 1.973837 -0.060224 5.676863 -5.037803 3.012813 -0.788932 4.420694 -5.490350 -3.509108 -2.585952 3.990591 3.624172 4.414804 0.083231 -0.819419 -2.955895 -0.280254 
1710373355123769187.mp3 :-112.866488 110.322576 0.690321 28.030984 2.904889 15.496510 -3.122577 2.781422 -6.374282 -0.482367 -7.090620 1.094769 -4.471486 2.948612 -1.994553 3.842654 -4.941976 -1.956438 -8.491140 -0.931485 -1.678476 3.205916 -3.328309 0.181248 -5.409184 -0.559087 -2.749256 4.130280 -3.746974 -3.929751 -5.884478 3.401619 -0.791808 -2.203684 -6.411334 -5.045677 -6.585960 -2.180089 -2.731654 4.899135 
1727668319542240777.mp3 :-123.514933 111.824002 15.111359 33.438015 5.105410 4.550954 -1.696234 5.287826 -8.985098 3.767305 -11.645355 -0.945615 -8.486142 -0.008124 -3.918453 1.882934 -1.781191 4.765791 -2.200677 2.782126 -0.586198 0.057153 -3.213034 1.409768 -2.708597 1.388044 -3.015218 -0.323619 -4.637983 5.723726 1.651026 2.994252 -0.582525 1.615604 -1.280159 2.682998 2.058645 3.722156 -3.538664 -3.120993 
1784153415132328878.mp3 :-122.251170 89.133861 16.220490 28.699935 -0.127455 16.155447 8.711510 4.131457 3.587564 10.660899 -6.398741 5.259661 -3.904375 -0.057649 -3.933208 -1.476644 -3.933047 6.407791 -4.180361 -2.753800 -8.231887 3.044804 4.590051 7.036445 -2.008335 -0.217577 -5.187774 -0.628607 -6.193260 1.836192 0.138898 1.737466 -2.559223 2.909153 -2.787774 0.998714 -3.444926 -1.267269 -6.782517 -2.250647 
1794711205525020626.mp3 :-68.079299 100.608513 -1.256585 35.189293 3.527113 9.026967 -5.875334 12.254658 -10.716597 1.518919 -5.240874 -5.277853 -4.617775 -2.919409 -8.041181 -1.892279 -4.124122 0.076391 -3.483650 -2.925359 -7.631015 -0.236055 -5.256937 -0.124459 -5.253837 1.754752 -3.033101 2.826375 -2.524854 -0.325145 -3.622957 -0.348952 -1.123579 3.727559 -0.698400 1.000736 -2.624460 -0.057882 -3.719743 0.128491 
1798581736124650223.mp3 :-166.719825 119.420964 -3.051589 35.602968 3.062370 9.887510 -3.288538 2.089817 -4.331118 2.018011 -7.431097 -5.514502 -4.460716 -3.264974 -4.150730 6.049729 1.183195 3.665586 -2.649838 -2.613046 -6.328800 -2.533558 -6.435759 1.562372 -0.191603 3.517595 0.307489 -1.968404 -7.331371 -1.135774 4.050224 8.372105 -1.623214 0.789808 -1.836277 2.355355 -0.429896 2.789241 1.453193 0.660811 
1800368093406022340.mp3 :-67.440169 84.651338 13.715153 24.940333 5.163710 8.034282 -2.510258 8.388194 -13.451795 3.924622 -3.852736 -1.785330 -3.736990 -0.900618 -9.832574 1.053746 -7.054794 0.923938 -0.612632 -2.205566 -8.128219 -1.117073 -5.228134 1.982460 -3.140481 2.956261 -5.930418 2.410466 -2.178411 3.297841 1.525489 0.036449 -0.891066 3.212666 -0.090026 3.239562 -1.925444 1.453819 -2.663392 0.206172 
1785135343243141527.mp3 :-107.976680 87.028352 2.064326 35.720317 13.283921 11.495094 3.641316 11.943153 -5.611227 11.516300 -5.442171 4.327305 7.493068 0.885332 -4.238225 6.177919 -8.554756 0.632342 1.032027 1.823531 -4.274711 2.801453 -4.118555 3.305941 -1.655946 3.447310 -1.069836 5.760929 -1.453159 4.769509 -2.609772 -3.707601 -7.259066 -1.464734 -2.521455 2.317494 -1.660471 -0.328930 -2.455371 -0.782153 
1715649263044294251.mp3 :-118.416632 105.708238 19.480275 18.236356 2.719869 7.064035 -2.478241 7.608854 -14.729871 5.093709 -4.114078 -5.281099 -5.469764 4.072020 -3.607300 5.898579 -0.871848 -1.666427 0.394952 2.810388 0.622958 -0.642969 -6.857346 -2.907402 -3.208431 0.520454 -4.533102 1.503720 -4.473972 -0.791551 -3.258369 3.491668 -2.245554 -0.517055 -4.024342 2.951578 -3.474493 1.038018 -3.431875 4.593915 
1779824582643308510.mp3 :-202.887308 100.051348 -3.682552 18.988291 -5.745159 -2.195688 0.094785 -6.096449 -5.064964 3.200817 -10.859925 -2.908774 -11.105247 -2.899667 -3.308156 -2.058175 -4.309685 0.096873 -5.542871 1.411828 -6.065241 -5.921540 -5.405439 0.593728 -3.518372 6.827498 -0.770431 1.683452 -5.011078 -0.367731 -1.161912 2.749442 -5.491480 -2.307083 -4.326915 0.651843 0.093963 4.132425 -1.052814 1.057762 
