613334249720945558.mp3 :-75.949309 68.535816 19.530170 25.364941 13.431137 12.891546 -0.547223 13.196048 -0.916257 10.607062 -0.160969 4.587375 -0.180280 2.177750 -2.890417 1.746118 -2.587959 3.628823 -2.254771 2.458856 -2.471249 6.967933 -0.299587 4.484437 -1.415978 0.022460 -2.852110 1.971522 -2.093289 2.904382 -0.706283 1.176410 -2.680148 2.056036 -3.568654 1.525314 -4.737856 1.006418 -3.090352 -0.173877 
6193203999683796438.mp3 :-112.853399 89.314471 14.015376 28.492578 1.721161 1.814074 3.262721 6.599807 -11.041394 5.107589 -13.705503 0.880613 -5.986817 -2.809517 -5.333149 -4.280818 -8.944423 -0.652359 -10.135037 -3.445930 -6.582843 -1.878342 -6.574886 -0.497319 -5.664469 -3.436725 -4.635391 -1.214796 -2.294860 2.385861 -4.715844 -3.202485 -6.077623 -0.982767 -1.937950 0.593787 -2.834732 0.774525 -1.103608 0.985941 
6119992405550833852.mp3 :-172.464878 111.960172 13.865912 36.912033 7.509327 12.508823 1.989522 5.438893 1.767560 6.030315 -5.727726 -0.283722 -2.026331 2.631311 2.557107 5.518904 0.112864 2.892502 -0.572574 2.291600 -5.270540 -2.275689 0.059273 6.628202 2.489562 6.642957 -3.973889 -4.359922 -3.227176 -0.482809 -6.582923 -4.667828 -5.366446 1.662817 1.598779 2.972554 -4.343989 -3.038647 -5.905773 -2.842544 
6142166352444073584.mp3 :-90.570989 56.775049 19.663821 30.688020 11.578591 12.106378 -1.190951 12.142797 -4.428457 2.968569 -0.054990 1.923465 -3.699295 0.092563 -3.373674 2.181359 -7.512665 1.427867 -6.821519 -2.356707 -5.855762 -3.777308 -4.830678 4.017184 -0.932042 3.336577 3.810751 2.396189 -3.075332 5.212953 -1.413197 4.818024 0.758960 0.610607 -2.881479 3.618355 -0.116125 5.380684 -0.416856 4.259916 
6123940618838241349.mp3 :-72.487563 100.117928 16.562755 17.470433 8.857288 5.965476 2.154609 3.004421 -5.626574 6.720343 -4.094697 4.952341 -4.341095 0.642500 -2.251775 -1.043390 -3.767658 1.583347 -3.560321 4.578752 -1.430432 1.923317 -2.723254 3.953790 -4.869939 0.323610 -4.864593 -1.382782 -5.087525 1.770497 -4.665047 -1.259564 -5.019644 3.155634 0.098078 4.613444 -0.653464 4.823726 -2.247754 1.225396 
6149538731564950766.mp3 :-172.337790 109.150997 -5.306494 24.787771 -0.516866 18.052362 -0.174992 9.025860 -5.662667 3.467196 -3.762635 0.168198 -7.791252 -3.294433 -5.377924 -1.692951 -3.711996 -1.168361 -2.684590 -3.316758 -2.122488 -1.594545 -1.287734 -0.591789 -3.139972 -2.761472 -1.568188 -3.617900 -0.545241 2.266169 -4.097220 -2.868340 -2.385456 2.238581 -1.285906 0.650875 -3.170732 -0.431285 -3.638845 -0.433586 
6143819740197363574.mp3 :-123.330364 84.321947 12.985911 23.895714 13.441473 7.163024 -6.413807 9.813960 -9.122248 7.340418 -1.800752 -2.480048 1.833752 1.030924 -4.100244 3.334227 -4.865039 0.030856 -3.180649 6.340139 3.273086 4.369677 0.719671 6.572601 3.247427 3.579286 2.154086 6.806685 5.322892 3.108076 -4.525225 -0.337636 -1.677180 2.379205 -1.675575 0.457760 -3.323169 -1.346470 -2.418476 1.881963 
6179215403044630247.mp3 :-263.289610 138.195866 25.056417 6.295059 -3.899870 -4.764831 -15.045329 -5.296355 -26.997624 -9.052685 -14.414852 -12.260198 -6.321762 -10.496550 -6.739010 -8.151630 -9.288225 -7.547303 -6.944698 -9.001400 -6.560895 -7.126111 -4.753615 0.889538 -3.226321 4.407474 -1.255682 -0.153657 -1.777292 -5.126758 -8.485208 -6.623457 -3.242505 -0.350139 -2.526553 -0.130579 -1.304926 -0.171442 0.444785 2.376181 
6112907656863952887.mp3 :-210.384691 150.087004 15.797440 16.673285 12.209968 -2.761303 -8.600321 -8.223060 -16.852202 -12.362321 -7.183719 -6.423469 -4.802706 -6.060496 -2.668651 -0.189364 -8.359527 -2.456420 -4.898401 -3.812237 -5.599610 -1.907218 -5.826400 -2.628104 -3.706859 -0.795310 -5.225477 -1.486454 -7.018937 -4.382171 -2.870076 3.463827 0.130240 2.869391 -0.868632 0.465078 -3.002495 0.693822 -5.044918 -3.596091 
611057759214397444.mp3 :-54.694553 83.452816 -6.020454 41.908463 0.750981 -2.476669 5.991709 5.973523 3.323160 8.060521 -9.422160 2.969058 -3.433339 2.285190 -1.030679 2.365267 -2.194977 -2.671788 -2.293761 -1.343583 -7.147487 0.533067 -4.595437 -1.873100 -8.975706 -0.055405 -3.638956 0.318293 -5.096378 0.066441 -6.063970 0.964638 -0.814458 -0.354110 -4.248263 -2.438857 -5.039387 -2.461530 -1.296497 -0.237109 
6165159723842869561.mp3 :-148.055719 104.660121 4.226551 42.315394 8.969982 9.231965 7.566737 4.715246 -2.430267 5.122285 -2.740451 3.909969 -3.523447 2.912063 -6.279965 2.551918 -2.363798 -1.028923 -9.344482 -0.531852 -3.003763 0.703645 -7.823236 -2.366690 -6.672070 -0.530792 -3.976242 2.513882 -1.209335 0.179262 1.468261 8.790264 -0.537915 -1.304535 -6.585292 -3.900624 -6.434011 -3.569508 -3.620212 5.870504 
6124248766324452513.mp3 :-46.725866 66.009419 14.200317 21.718613 8.102396 8.785856 3.068686 6.367539 -2.580757 6.546684 -4.904049 2.508855 -4.369680 3.260006 -3.060620 2.886311 -4.130186 1.562083 -3.178329 3.486774 -0.618884 4.300693 -2.158691 3.567268 -1.803662 4.509397 -2.402215 4.383643 0.829799 3.831719 -3.559456 0.182153 -2.932719 1.321273 -1.631818 1.867742 -2.061395 2.254429 -3.503488 1.979411 
6110658799099451273.mp3 :-116.177224 70.208947 16.509106 30.051084 2.127631 6.615764 2.526720 0.100236 -1.743438 4.452288 -1.280827 5.514475 -0.368599 3.522566 -4.338105 1.816101 -3.783669 4.931504 -6.261811 -1.456751 -5.461857 5.339811 -3.310432 -0.999422 -0.958633 7.266332 -2.204533 1.797038 1.401803 6.235689 -1.893788 -1.468490 -8.036606 -2.319444 -2.877973 3.967706 -2.671148 2.010720 -2.078043 0.902148 
6154265188785923672.mp3 :-177.175137 95.137928 9.716251 27.144069 6.096031 11.906957 3.031547 10.196704 3.119606 5.839943 -5.310469 -0.107121 -2.008235 3.399125 -6.595463 -1.196241 -7.279606 0.772031 -4.380964 1.253249 -5.812983 1.372983 -5.259439 0.319965 -1.713521 -1.318263 -5.081791 2.658314 -5.832447 -1.246361 4.611795 3.120077 -1.391998 -3.597610 -6.745169 -3.911876 -5.737296 -0.747096 -5.377585 0.958124 
6175966515301198432.mp3 :-104.170068 99.952798 13.401269 26.943556 8.122800 5.846395 3.250297 -3.226538 -3.268050 2.897293 -11.582819 -1.121306 -5.188570 -2.103563 -5.722376 -1.858379 -7.616259 3.157598 -0.463398 4.567323 -2.043740 2.543951 -0.250490 4.751842 -1.625445 2.521489 -5.843363 -0.032605 -3.961066 -3.447762 -7.733471 0.486892 0.054127 2.245809 -2.357151 -0.352038 -4.132225 -0.707953 -4.285373 -1.664966 
615694903198232691.mp3 :-140.977199 100.687522 28.188075 29.268928 15.192382 8.666287 10.954884 8.355011 -1.433086 13.517289 0.383490 2.720856 2.089766 3.032168 -0.944501 6.277692 -5.033994 4.459212 -6.338743 0.573686 -1.398228 -0.433268 -0.249716 1.489467 -5.207757 2.151413 -2.976579 0.954556 -0.563578 6.686396 -1.429401 -0.214647 -0.870301 3.748525 0.048784 3.254324 -1.781142 0.871839 -3.088212 -0.953583 
6153381964402419545.mp3 :-81.418604 55.039021 14.583759 33.196430 6.081494 12.509759 4.181466 10.275566 2.336926 5.971787 -5.165020 0.217999 -5.643427 -2.420703 -9.188586 0.316588 0.424400 5.097032 0.717161 2.285694 -6.561926 0.533953 -3.366573 -0.301917 -1.531461 -0.905355 -4.413411 -2.169147 -5.887788 -1.010771 -3.524147 2.185895 -2.673712 -0.716019 -4.407413 1.208866 -4.049800 -1.302655 -2.991895 1.184142 
6169983695261932711.mp3 :-77.764702 93.438908 31.440240 19.388314 5.966588 4.813719 -0.873773 6.889205 -5.772221 3.838328 -6.487313 -1.879717 -3.044834 0.807741 -3.676911 2.111857 -5.208074 1.646249 -6.868938 -4.446179 -5.535190 0.872996 -3.998126 1.611158 -4.044001 0.862177 -2.305825 1.269600 -3.961451 0.787257 -2.510456 1.560678 -3.788525 0.837946 -3.804320 0.835781 -4.076571 -0.459390 -3.232437 0.919528 
619081581322668760.mp3 :-105.495459 96.093442 0.983598 16.374335 1.605116 -6.858059 -3.313273 16.139686 -21.710512 5.987259 -1.184588 1.359163 -1.244093 3.696524 -6.679657 0.492418 -0.449516 1.432807 -5.599792 -2.212558 -3.073014 4.124292 2.405601 1.714318 -1.973160 -1.094456 -6.011703 -1.615622 -5.711880 2.071218 2.490599 6.208123 -0.352694 1.392343 -4.177932 -0.230932 -1.643352 1.038773 -3.559653 -0.291790 
61910276953846980.mp3 :-132.045871 74.988474 15.188654 24.392818 4.834449 8.840116 1.114727 7.089711 -6.433302 9.412103 -5.534538 9.811207 0.350677 6.090539 -2.130160 4.124115 -2.851640 4.944105 -4.194319 4.329873 -1.858261 0.372719 -4.821027 1.961025 -4.381837 0.164188 -1.412799 3.016902 0.890449 1.951305 -7.580738 -0.705783 -0.506518 4.883922 0.655186 3.790888 -0.945195 2.462427 -3.719478 -0.672876 
6148205459589091816.mp3 :-250.061882 102.432239 52.557185 16.757816 14.761465 -8.814757 3.400863 3.178916 -24.810548 5.186344 -13.651523 -7.806875 -13.234735 -7.937092 -14.364661 -4.060367 -10.250522 -7.135524 -9.864532 -2.280521 -3.572888 -2.114929 -4.653821 -1.136882 -9.099176 -3.019878 -1.764030 5.026567 -1.040295 -1.137313 -6.981936 -3.283563 -4.665500 -0.249436 -4.675562 -2.693776 -6.278335 -3.105071 -5.361836 -3.603095 
6111777847552131272.mp3 :-69.580954 95.197645 1.904601 32.972779 4.179818 10.320101 5.150727 11.297191 -6.809544 8.075072 -1.332523 1.144404 -0.709589 -1.619920 -3.652789 0.067158 -5.698385 -1.544716 -4.097987 2.299237 -2.568252 -1.786487 -1.980503 2.978432 -4.349523 1.495676 -5.999431 -0.587402 -7.790005 2.449501 3.620631 4.924862 -1.385561 1.806607 -2.893628 0.807269 -1.460573 2.278782 0.088494 2.480064 
6128356651047809132.mp3 :-143.472221 101.363531 18.217802 25.872742 8.937814 8.942635 -2.873510 -0.482450 -9.753987 -2.582342 -5.440378 -3.782982 -4.872493 -0.385387 -5.694230 -2.416841 -9.293474 -4.452904 -5.692517 0.023929 -6.532369 -3.052449 -5.973486 0.297873 -2.625398 1.752211 -5.144255 -0.634673 -2.320173 2.691809 -2.618937 -4.699109 -6.822236 -0.686300 -3.857586 1.981107 -1.795761 0.581333 -4.801560 -0.928563 
6123416102893570575.mp3 :-134.309441 81.598777 30.620654 29.551674 5.486901 8.320357 0.850104 1.155253 -6.934103 2.803257 -2.128578 -0.330141 -7.514855 1.129609 -3.811307 -1.028892 -6.229067 -0.835589 -8.101177 -1.201913 -4.972786 -0.343395 -8.304853 -2.453725 -7.843222 0.031658 -6.135642 1.367710 -0.035270 0.483924 -4.163012 -1.968140 -3.191054 2.370244 -2.821027 -1.400004 -3.527437 -0.709431 -3.793306 -0.138785 
616719238262751940.mp3 :-107.922747 63.532679 -19.157430 14.509834 1.922653 18.596125 -1.355560 8.578841 -5.169805 1.246926 2.879725 -0.047578 -2.837547 0.663629 0.923613 4.513276 -1.268780 0.200478 -3.916681 1.469387 0.073794 3.920812 -3.753083 -1.523234 -7.232009 0.216004 -1.477006 2.756131 -2.066962 3.331229 0.193916 6.078946 -0.325812 0.634856 -4.545615 0.182587 -3.515130 1.606093 1.096393 -0.043070 
6153219680182311553.mp3 :-73.124293 74.408760 13.963235 37.680989 2.886821 3.741909 -1.139300 13.260525 -13.775996 8.465276 -1.487100 1.174951 0.847647 -3.755410 -4.228965 -0.076246 -5.170956 1.908892 -5.755957 -2.079925 -4.818562 0.749977 -2.893103 1.682191 -2.800936 3.124618 0.162159 5.184537 -3.826161 -3.930724 -8.894854 -0.466886 -0.758463 4.826972 -0.181492 1.845158 -3.035109 1.307731 -2.516884 -1.083925 
6136331318194977857.mp3 :-66.295311 99.292022 7.544523 28.389642 1.868285 17.479095 0.052647 5.739581 -8.011186 -1.597097 0.347147 1.125618 -2.161877 3.257553 -4.627704 5.327671 -0.798381 1.683541 -7.208429 -3.831400 -4.487223 3.752868 1.421606 4.198761 -1.143613 1.699401 -3.071864 -0.211962 -3.018221 5.676759 3.339976 2.185099 -1.399792 3.043597 -0.552473 1.322467 -3.030838 1.179947 -3.212406 -2.930564 
6194611649443381168.mp3 :-304.732689 78.483076 17.240348 23.021440 10.848137 9.902924 3.258063 4.649697 -7.249849 8.922083 -8.967046 3.993485 -5.074130 0.298832 -6.349348 -0.530928 -4.454938 3.627161 -2.213725 1.706390 -3.340193 -5.346180 -6.168300 0.604066 -0.894564 2.486228 -2.818000 -0.866413 -4.073190 2.472474 -2.382591 -2.618106 -5.695840 0.534361 1.783930 5.160024 3.046317 3.083372 -3.976869 1.292444 
6168207255580935002.mp3 :-182.751254 99.854879 -19.444019 45.733158 17.493155 -2.058331 4.191654 11.902910 -11.887737 2.693150 1.177440 -0.964790 -3.517415 3.272164 -7.625398 2.036643 -4.073878 -3.383327 -1.287834 -5.424102 -3.687068 4.688993 -0.341936 1.016369 -5.172057 1.745877 -7.613264 -1.898895 -6.905721 0.192373 4.872472 3.696168 -3.821804 -2.351934 -5.011622 -2.021475 -3.485779 -1.005958 -4.336283 2.284692 
6116994073847253910.mp3 :-101.502809 51.222722 16.916907 36.179270 -14.415729 7.849602 -8.088972 5.251152 -18.660346 9.117099 -10.796564 2.357306 -6.529540 -2.189374 -6.586002 -0.150563 -6.464820 0.058832 -8.062552 -2.205626 -8.919834 0.346988 -2.977168 4.966415 -3.399374 0.362929 -3.347210 -2.849099 -5.258668 6.488797 0.127825 -2.313751 -2.561181 3.543594 -0.890028 4.133866 -2.450397 1.312589 -2.195072 -4.077725 
6152994460139286544.mp3 :3.826024 54.997462 12.183848 25.794627 5.492414 12.099093 -0.147429 7.696241 4.210826 5.468186 -2.111196 3.739890 -2.345021 0.923109 -6.091345 3.265069 -3.612492 2.155840 -0.255778 3.630046 -3.621962 1.307305 -5.174677 2.102022 -1.723721 0.840167 -3.378527 1.673959 -4.012005 -1.398147 -7.150944 0.157882 -1.830714 2.054129 -3.574083 1.141346 -2.588982 0.770465 -4.454076 1.448341 
6135282884017376869.mp3 :-109.351411 91.520105 18.823937 21.277524 3.776991 6.195425 -2.310713 5.372873 -11.413918 6.093483 -8.509516 -2.253848 -4.566689 -0.735982 -1.075618 -0.334653 -5.643547 -1.216450 -7.198108 -2.169414 -1.872152 1.606121 -2.285007 2.753097 -4.584177 -0.206630 -4.892150 0.782133 -1.437353 1.728898 -4.268110 -0.795009 -1.688977 2.659604 -3.640838 -0.655267 -4.199288 -2.076469 -7.570373 -4.317380 
6110186607208195918.mp3 :-62.733189 87.930411 -0.787433 23.587686 -0.662328 3.855623 4.489695 1.771621 -2.414949 2.123296 -11.271444 -1.247364 -5.316198 5.727119 -1.588925 5.333295 -6.652028 2.977765 -4.970140 0.552140 -3.232971 0.278143 -1.377612 -2.197792 -5.465533 1.430470 -2.660757 2.091227 -6.225582 3.059712 3.807442 4.989915 -4.965060 -3.866047 -8.673804 -0.249677 -3.159217 3.530167 -4.833949 -1.186943 
616491723435390188.mp3 :-127.184481 38.915450 13.627130 43.001739 0.904292 10.778879 -4.799532 5.938245 -10.747923 9.142299 -6.602091 3.319712 -3.271691 1.316805 -2.585466 0.310488 -5.144975 0.089673 -3.873265 0.606773 -6.007646 -0.861811 -8.446097 -0.285146 -4.476793 2.689848 -0.257093 2.013227 -6.405425 -0.914210 -2.055622 5.314571 -3.137917 -1.104888 -5.037524 1.929969 -2.901940 1.845914 -2.144236 2.983755 
6131007857180641588.mp3 :-46.790420 66.989225 20.292049 23.734503 7.648323 12.680580 3.278737 7.802685 -6.509430 9.793186 0.501358 5.979150 2.026597 4.636962 -0.345776 4.435510 -2.504525 6.946967 0.109111 5.819443 -1.989174 0.467313 -1.794678 4.179598 -0.609465 2.877378 -4.009912 2.732162 -0.815390 5.263401 -3.382590 1.072414 -0.358700 4.798454 0.897299 1.954636 -2.196657 0.815316 -3.280920 0.003775 
6165734405356065023.mp3 :-198.059106 107.239076 24.139654 27.368107 -1.127252 -0.495544 -10.234722 -0.314126 -19.293844 -7.195922 -3.169573 -11.015449 -6.870601 -3.833134 -8.456421 1.290315 -4.766087 -5.231297 -3.529037 -3.860809 -5.828941 2.950903 -4.119994 0.846066 -3.427224 -0.754648 -5.687657 0.085183 -0.505521 4.569808 0.750050 3.462326 -3.049418 0.471598 -0.498325 1.342130 -0.916744 0.016852 -2.711767 -4.812126 
613116348453980432.mp3 :-129.587231 98.223505 9.065199 16.893896 1.364900 5.432648 5.135789 0.470631 -10.047060 4.453987 -11.182470 -1.758512 -8.653719 -4.055036 -4.817587 -2.391012 -5.708431 0.953249 -4.601814 5.274984 -3.228217 0.180515 -3.593504 0.301861 -4.818538 3.243582 -5.316901 -0.748672 -6.879055 -1.147516 -0.666780 3.089819 -0.806294 -1.406468 -5.094460 -0.440817 -3.778359 0.359471 -2.673821 -1.076767 
6174062424014261404.mp3 :-271.069252 123.466467 -3.571052 32.087266 1.252381 -0.341373 2.288022 -3.744528 -7.913856 0.119025 -7.805847 0.159988 -6.531027 1.263914 -4.976996 -0.985446 -4.962993 1.043565 -5.442159 -1.609774 -10.374824 -1.191053 -1.487595 2.302740 -2.446260 0.580125 -7.379106 -3.707238 -6.492307 0.813009 -3.704735 -2.702398 -4.892295 1.331883 -0.231035 2.466059 -2.643685 -1.192726 -5.243521 -1.810968 
6114699252347860200.mp3 :-109.164289 71.508437 12.154028 19.860518 8.541258 11.239828 5.888960 -3.089848 0.936408 3.305492 -5.208306 4.853696 -7.223178 -4.220926 -10.627139 -1.305258 -6.226071 0.016694 -4.397566 2.864535 -7.375593 2.446630 -4.886506 3.267226 -4.454360 -2.702223 -8.885305 -5.841293 -11.060188 2.149328 -0.902065 -2.285304 -9.077594 -0.515319 -2.840016 1.088946 -3.333425 1.884269 -2.364299 -3.604963 
6131020200598171916.mp3 :-150.564593 103.967226 10.450971 30.358043 6.699820 2.664412 0.707246 6.084121 -9.654599 1.447073 -10.043084 -3.460401 -3.099326 -0.487867 -2.475596 -1.046120 -4.051292 -0.435403 -2.205397 0.588687 -6.880129 -4.438576 -5.240817 0.897109 -4.130642 1.137301 -2.658822 0.169570 1.681253 3.953449 -10.034277 -3.985790 -1.162067 3.172219 0.369038 2.414636 -1.961195 0.023325 -5.927470 1.852739 
6143120780753998130.mp3 :-149.932213 91.133898 22.200103 26.969597 7.606503 1.889424 -4.442311 -2.433635 -11.479132 3.673326 -11.582729 -2.450086 -10.764118 -0.257171 -6.651552 1.622928 -3.134105 4.234781 -3.285744 5.494721 -0.975633 -2.464550 -3.222214 -0.931723 -6.522246 2.529716 -2.514834 1.971511 -3.294398 -1.896035 -2.493801 0.940017 -5.342163 -3.175401 -7.656061 -1.799703 -2.782328 -0.003994 -3.666481 0.073125 
6135603951787006984.mp3 :-162.154743 103.479021 12.069692 26.069680 13.667154 4.057905 -1.855773 8.456095 -6.683395 5.198243 -2.342811 -1.123776 -2.504621 -1.215560 -1.778185 4.032776 -4.101931 3.347642 -1.192999 2.958274 -4.303888 -2.736923 -4.750765 2.076142 -1.205713 6.480170 -1.301862 2.127312 -1.177230 -0.549362 -6.474864 3.880348 -0.562055 1.687700 -0.393923 -0.522030 -3.377087 2.652601 -0.245278 3.447950 
6167962504738341555.mp3 :-218.274865 114.429605 -9.894946 45.910902 -1.072726 7.985520 2.258648 -2.242143 -8.111133 -3.477035 -8.095171 -4.678135 -3.970474 -1.956998 -2.217314 1.821029 -7.593521 -3.084564 -11.562211 -1.110903 -4.825597 2.755669 0.683203 -2.041886 -6.983976 -3.617536 0.782289 4.687302 -0.960837 -1.917621 -4.315486 8.153614 2.875891 0.634163 -10.728790 -7.507006 -10.589902 -4.296398 -2.698658 1.718207 
618373126707537227.mp3 :-136.576067 122.504065 13.267277 28.429494 5.420104 7.649032 -1.515871 -0.172868 -6.074939 -0.430469 -0.369276 1.876095 -5.042503 3.536242 -4.632916 4.162735 -4.226842 -0.246645 -2.308911 1.306425 -2.903932 0.175583 -4.257655 -0.552575 -1.745284 5.092787 2.935672 2.832904 -4.098619 -1.330887 -2.551234 4.314540 -0.369653 -0.921645 -3.932940 1.869515 -0.134644 1.414753 -3.033479 -1.416124 
6149261125325373050.mp3 :-69.875005 80.009435 29.654948 20.959297 3.063971 4.917462 2.385969 2.614348 -5.291917 9.254071 -7.568838 0.697882 -0.520182 -0.395803 -1.182511 0.612587 -2.544335 3.839633 -1.693592 0.326651 -8.068642 0.950424 0.286247 5.588013 -1.338437 3.933122 -5.289992 1.771076 -3.151849 3.080580 -6.153165 -1.370326 -1.297344 4.379121 0.707189 2.951269 -2.115272 -0.938465 -5.220116 -2.906182 
6157818935153975663.mp3 :-126.119037 81.640815 3.902168 25.568314 9.732916 6.862945 2.858660 3.275918 -0.109712 7.201236 1.897742 4.611018 -0.563487 6.298620 -3.313388 6.339795 -0.862948 8.934918 1.139858 3.226160 -5.344204 3.040190 -1.745517 4.606972 0.223056 4.004023 -3.293521 -0.841383 -5.586137 -2.843490 -1.457615 6.172643 -0.609333 -0.044542 -5.104828 -0.902629 -1.802434 1.041900 -3.499772 -1.440424 
6189109217725397745.mp3 :-23.352870 59.599704 14.149129 18.986403 -0.801845 12.136848 2.746223 3.844041 -1.674998 6.767868 -1.044052 7.638157 2.366267 1.479441 -0.997608 0.786972 -1.881301 1.521202 -4.796227 2.474440 -1.243022 3.800839 -2.456442 3.927503 -3.335325 1.896283 -4.029915 -0.808158 -5.565099 1.113787 -2.454897 3.147421 -2.599992 0.442620 -3.474801 0.793346 -4.222802 0.081476 -2.951539 0.340992 
6162449539117069038.mp3 :-63.702685 72.781311 7.202230 27.516317 1.814784 7.324189 0.835221 3.499811 -8.645172 7.620995 -7.525709 1.686226 -6.029274 1.698888 -3.193745 -0.274501 -4.026767 -1.813778 -5.521571 0.391383 -5.140600 -0.036939 -3.584163 2.728043 -6.885235 0.224745 -7.624757 -0.423226 -2.992090 -1.472385 -8.283213 -0.161963 -1.995249 3.245997 -1.554655 0.248366 -4.618366 -1.641749 -6.263342 -2.624652 
6111144790031060468.mp3 :-148.501267 102.578886 23.549885 25.827435 7.738703 14.632495 4.898041 8.582509 -5.373750 1.370123 -4.282517 3.997961 -0.464749 2.813425 2.273066 7.262410 -0.723700 1.012444 -2.019556 2.138651 -3.752669 -1.713750 -4.997591 0.045970 -2.470742 2.706638 -1.615975 1.275629 -0.744688 0.526297 -6.534552 -4.038015 -5.196742 0.123216 -1.564252 0.422142 -4.744836 -2.856070 -1.487622 1.395354 
6149980591284572521.mp3 :-142.582769 75.070392 16.317293 35.213748 4.509110 8.876092 2.657836 4.476343 -11.605392 7.026910 -6.576527 2.706611 -4.378592 -0.086469 -4.127191 2.300498 -6.440563 2.949101 -5.124543 0.077428 -6.344168 0.466792 -6.040967 2.149876 -5.353186 -1.287291 -4.729558 -2.230639 -6.369818 1.472147 -2.284991 0.676218 -4.859910 0.208484 -1.815839 1.571633 -1.690823 0.624854 -3.686743 0.012209 
