4312460202652257004.mp3 :-151.110032 74.130239 18.368057 28.756439 9.211200 10.307160 4.400511 7.691256 -5.271787 3.050247 -1.035927 1.734148 -1.616160 -2.527490 -6.089929 -1.857571 -10.056986 2.590142 -4.226849 1.211433 -6.766736 -4.462763 -5.241717 0.811626 -2.731303 2.340428 -1.037535 2.045891 -1.058629 3.663809 -6.705891 -5.439129 -7.274468 2.682470 0.900302 5.539182 -0.567054 1.799018 -4.817837 0.752101 
4328505799663087966.mp3 :-339.512798 107.815420 46.448467 14.702972 15.904055 -0.283981 0.484178 0.740723 -10.146254 -0.390209 -11.138088 -5.429391 -9.232875 -2.483553 -6.908508 -4.980071 -8.188011 -5.145883 -8.028500 -4.562758 -5.004860 -0.962925 0.078369 3.142498 -3.034738 -0.561688 -2.646251 -0.139346 2.881100 3.047847 -2.124564 -1.802176 0.182367 3.338276 2.981731 1.016646 -1.039846 -0.872427 -3.630617 -2.357062 
4328332548063479264.mp3 :-109.715324 96.012476 1.792929 25.377157 5.101913 19.407562 10.019202 -0.460166 7.308320 -1.322821 -3.695924 0.681037 -4.397704 5.255040 1.521541 8.228459 1.899544 7.601278 -4.208114 -2.525210 -3.948275 1.115821 -1.149552 3.972714 -1.874618 -0.293025 -3.815238 7.938694 -2.274178 0.102750 -5.335790 5.323605 1.925275 1.804482 -5.747906 -1.825984 -7.264876 -1.998415 -3.579577 0.822259 
4306108871088484652.mp3 :-143.133905 137.363643 -13.133326 24.097168 6.101154 -14.104114 -4.786428 1.248260 -28.543866 -15.245802 -6.883730 -17.633011 -9.779167 -10.569977 -17.329878 -7.382328 -0.534061 -9.427425 -7.101491 -9.805444 -11.086858 -5.663472 -1.735363 -1.222661 -2.607517 0.361134 -13.505732 -7.194877 -6.734386 3.163447 -3.761612 -1.133385 -6.726074 -0.406984 0.692854 1.542594 -0.002363 1.089957 -5.762342 -3.619128 
4283569867187782520.mp3 :-93.310249 85.079054 -0.801505 21.113909 -2.533662 5.228796 -5.082929 3.672414 -5.912636 4.768274 -4.119597 4.206203 -3.436100 1.530843 -4.675403 -1.191952 -7.252196 -0.965119 -5.174142 -0.864063 -5.659159 -0.503031 -7.247530 -1.261391 -4.905403 0.924542 -3.709341 2.514355 -3.964982 3.872098 -2.816344 -1.786508 -7.643834 -0.955794 -3.792636 2.745156 -1.671664 1.362951 -3.916565 -0.913829 
4303823009647692470.mp3 :-62.955482 61.736093 27.833049 25.833886 2.060941 9.049043 -0.935324 6.671366 -2.248666 7.524607 -6.685466 0.456745 -2.797509 1.452245 -1.977463 1.985417 -2.568843 3.760374 -2.744087 3.970054 -2.725692 3.794352 0.732387 4.063434 -0.527657 3.162006 -2.756786 2.715136 -2.191131 0.332111 -3.254133 4.231888 -0.592451 2.871074 -3.623398 0.568675 -2.842690 -0.553570 -2.444907 1.176208 
4333019794172865241.mp3 :-144.935692 155.652387 -39.586786 15.955879 2.648374 -1.475037 -13.981817 0.776675 -19.388191 -7.657996 -3.187517 -0.508470 0.520490 -1.486551 -3.784007 -1.301551 -1.392247 1.972594 0.786271 0.970293 -3.950912 -2.991730 -3.261820 1.414118 -2.046188 0.725471 2.071354 3.458613 -4.217184 -5.593508 -5.119039 0.787831 0.734525 0.052993 -1.762080 0.628362 0.622183 3.576312 1.415702 0.001608 
4308998085855805730.mp3 :-183.895064 114.813198 -33.233049 14.712014 -15.232351 -8.517082 11.140576 -22.179528 -4.258288 -11.921931 -10.667413 -6.697010 -10.705848 -4.783881 -0.999319 -0.144591 1.359301 2.679464 -4.237737 -0.808006 -7.325130 2.924285 1.691633 0.126313 -5.147175 1.845349 -7.528384 -0.845220 -2.105847 2.285365 -2.262772 0.182103 -3.239403 -0.719669 -2.174484 0.613610 -2.322060 -0.866206 -2.126176 0.397522 
4302169125922807474.mp3 :-47.458463 87.427367 -1.582368 30.847504 1.701741 9.461812 2.915851 9.608081 -2.893370 5.351836 -7.954149 1.277703 -5.874130 5.753880 -0.607207 2.954274 -4.676622 -4.514453 -5.902088 0.496484 -4.563881 -1.018510 -5.399553 0.204961 -2.142607 4.266514 -1.990725 6.270437 1.931237 2.919030 -5.219770 1.517331 -0.139706 2.457586 -3.045442 -1.725579 -7.154922 -2.015081 -2.179498 3.613382 
4318118696829534253.mp3 :-54.138329 80.436004 -2.292134 31.227255 -6.012197 12.080688 3.573844 2.598333 -4.323782 5.714840 -4.349638 2.431188 -2.403510 -0.759499 -4.201934 1.790689 -2.417899 1.505158 -1.269074 2.986045 -1.188436 5.578926 -2.456916 1.901293 -3.805475 0.126987 -2.215093 4.883042 0.309909 3.350899 -3.146505 -1.644369 -2.340522 2.788880 -0.602799 2.647040 -3.402623 -1.177150 -4.377633 1.791075 
4312692496755417204.mp3 :-134.418025 104.932771 27.844851 26.475320 13.515972 3.344760 2.960453 3.014439 -10.386085 5.985571 -8.916118 0.880392 -4.974022 -2.352804 -5.217584 0.409121 -7.052668 0.446173 -8.080402 1.588846 -4.904666 -1.063993 -9.712078 0.614580 -4.231460 -1.017601 -3.206770 -1.538179 -4.347977 4.337213 -3.112868 1.248303 -5.651168 -0.314676 -4.367125 2.944443 -0.069743 3.684337 -2.267123 -0.847068 
4293852068124417455.mp3 :-98.495056 99.477475 21.497056 23.904249 8.010629 7.122249 5.489222 1.816680 -7.605336 6.788199 -7.172725 5.915781 -3.605149 -0.508228 -2.730338 -1.000067 -3.543502 5.720035 -1.803576 6.369585 -0.938314 2.877337 0.573578 2.552967 -5.683104 1.715045 -7.051536 0.252562 -1.569003 4.085732 0.259569 3.157958 -4.469985 1.127215 -3.870966 1.223688 -3.332322 1.274180 -3.022977 0.245182 
4310546224187367837.mp3 :-100.977150 42.013791 -1.836048 33.692212 2.885122 1.471954 5.098045 1.103167 -1.289630 4.017482 -13.552306 -2.251623 -12.821421 -2.072846 -6.346706 4.741968 0.865424 5.602376 -6.828452 -2.781053 -7.107055 5.998309 0.267335 -1.094043 -8.761651 -1.945653 -9.277303 -1.546976 -5.661957 2.816532 1.405248 3.509278 -5.067485 0.856928 -3.877703 -1.527359 -6.476784 -1.143234 -6.055011 -2.159144 
4302918975189159417.mp3 :-85.636466 94.556068 3.167399 36.732317 3.280053 9.576564 -3.592067 6.817265 -1.741703 4.998374 -5.226686 1.404737 2.256200 0.383857 0.245293 6.296261 -2.618583 5.653737 2.912366 4.934141 -1.753977 -3.687321 -6.721507 2.197125 -2.751800 2.035552 1.114129 2.718402 -3.420051 1.072950 -2.477618 3.165586 -4.767324 -0.292717 -4.021536 0.614598 -1.713713 3.619258 0.191591 3.455781 
4324665553140013795.mp3 :-142.759302 89.619102 15.802269 25.750178 2.711733 8.282964 6.138271 2.364329 -2.574252 3.446147 -7.038125 3.674371 -6.261021 2.647206 -3.788781 -0.102301 -3.703333 0.589881 -6.825458 0.474990 -2.296039 2.016990 -2.978862 -2.276242 -5.339178 -2.494175 -5.843277 3.069058 -0.597153 2.251687 -7.528316 -3.235401 -2.232084 1.685486 -4.461896 -0.103703 -3.114488 -2.826536 -8.050591 0.931625 
4299161069891538088.mp3 :-140.945378 66.490453 16.477026 26.749700 5.218557 7.477695 2.197581 -0.569108 -4.618509 5.088608 -7.072975 3.050293 -6.325989 0.406658 -5.266999 0.130239 -5.311528 2.725012 -3.993495 1.820502 -6.670278 0.631688 -4.762160 4.665546 -2.256396 0.853465 -4.091232 -3.174984 -6.528012 0.014645 -2.339793 3.510079 -0.805120 2.909454 -2.412628 1.270568 -4.137287 -1.622537 -5.310994 -0.835860 
4320184676440350337.mp3 :-182.680070 105.969381 11.104458 19.040827 4.205026 2.816999 1.440635 -15.945641 -23.406195 -10.227841 -24.970057 -6.607893 -12.189065 -8.310901 -9.998482 -9.278465 -5.989068 -7.221409 -16.705141 -3.948239 -4.860141 -5.625353 -9.505670 -6.981391 -14.129671 -4.504505 -9.249698 -1.977143 -5.358039 0.010162 -1.378449 -1.982208 -7.247477 -0.469185 -3.063517 -0.099685 -5.779551 -1.371143 -2.253902 0.095609 
4291300734852954063.mp3 :-206.586484 73.353065 18.346750 12.086997 6.730879 5.320777 2.016828 -1.648629 -4.993706 6.208048 -6.063442 0.995377 -5.439614 -1.478159 -5.434127 0.263957 -1.515992 2.172304 -8.131145 -1.827457 -6.449933 1.209371 -0.252149 1.118625 -5.033174 2.528171 -6.451870 -0.629514 -7.555906 -0.344405 -1.087425 2.787611 -3.729244 -1.196998 -5.334889 -2.354712 -4.429680 -3.471748 -4.637354 -0.380952 
4309089563521927149.mp3 :-61.181433 99.987901 6.295486 22.413656 1.666710 15.213268 1.370107 2.881595 -4.363685 1.286831 0.216628 -0.485676 -1.671491 1.731259 -5.717105 2.486824 -4.644252 -0.532645 -2.574615 0.535499 -6.601845 -0.035922 -3.449484 3.427187 -1.721617 4.253511 -4.993276 1.190057 -6.279303 -3.653895 -4.928997 3.215194 -0.906392 4.229357 0.005021 0.636820 -3.538715 -0.349264 -4.016966 -0.425619 
4282300849554828450.mp3 :-135.296675 70.809813 23.840659 19.634886 5.598255 8.820726 1.532366 7.484265 -7.464436 6.009814 -3.517049 5.128079 -0.969526 1.373049 -4.531537 3.251338 -5.862462 4.253082 -4.472193 2.756465 -5.585980 0.464561 -0.976046 4.127661 -3.587483 -3.093649 -2.962205 -0.316436 -4.204300 1.263451 -1.218244 2.624187 -0.078067 2.802661 -1.557865 1.893927 -4.269959 0.442372 -3.444588 0.059572 
4313083690138869339.mp3 :-103.597277 111.620203 7.066139 35.093229 1.522095 9.364023 -1.093650 9.144731 -11.718476 2.056032 -7.330198 1.490878 -5.370045 -3.168442 -7.566446 4.734751 -3.086303 -2.086744 -0.947329 -4.992516 -7.557541 -0.370806 -1.750568 -3.084392 -4.330175 -2.563872 -8.841967 -0.282126 -0.046215 7.405197 -1.766444 1.518315 -1.867570 0.986486 -2.346943 -3.063283 -7.520264 -2.552153 -6.035258 -3.309433 
4311571488794464532.mp3 :-120.447839 118.373759 9.667785 29.358933 2.612946 12.251306 0.283177 3.644868 -3.852576 1.923426 -7.906396 3.691879 -1.641387 3.313301 -0.507498 4.001579 -0.340747 5.178521 -3.746862 2.326917 -1.828263 -0.202248 -6.170667 0.411230 -1.842774 2.171571 -1.108503 3.330305 -0.735432 1.298556 0.259878 2.888046 -2.168340 -0.689867 -3.658933 0.047898 -1.068964 2.890291 -0.377423 2.009726 
4286903456400509804.mp3 :-187.774907 121.741345 5.533259 25.641840 9.525309 12.237662 -2.857476 -2.925903 -1.276140 4.370748 -2.691672 -2.822106 -7.593082 0.978595 -6.603423 -3.868245 -3.127802 1.063119 -6.215002 1.132720 -6.053171 -0.394428 -1.316278 5.101349 -1.569486 3.354139 -1.109525 -1.403152 -1.071703 4.162414 4.395081 3.555819 -5.368651 -0.096154 -1.730446 2.912650 -2.773245 -0.151293 -3.285632 -1.054606 
4308805068180426216.mp3 :-101.347094 93.176774 3.752651 27.049226 1.930303 19.054794 1.348001 8.120467 7.753271 13.691153 6.525061 5.036268 -0.806898 -1.059247 -1.562887 5.311917 -0.438036 4.890823 -0.857883 4.385599 -2.862694 2.595399 -3.483307 2.096734 -3.769383 -2.491272 -3.403687 -3.608261 -6.328000 1.818088 1.575665 0.545109 -5.307005 -0.110811 -1.243447 0.710667 -4.039727 3.617897 0.657601 -0.464443 
4285616344081823381.mp3 :-211.806774 126.281232 7.603587 25.311198 6.554867 -6.440983 -5.155997 2.368662 -25.599308 -2.624158 -7.875126 -17.108883 -6.772913 -6.207566 -12.618104 -3.887060 -13.419191 -7.260530 -8.139614 -3.989415 -6.089993 -2.040235 -10.377967 -4.193140 -7.717851 -5.685076 -3.932880 0.486015 -3.797470 1.089690 -3.255449 -3.693991 -0.717823 2.674002 -1.049958 -2.556265 -6.665784 -3.211997 -4.433336 -1.842537 
4284652951663876432.mp3 :-99.413418 126.032935 -22.666613 1.074636 6.029017 -0.612007 -3.617607 0.549630 -10.758018 5.583982 -8.086235 -1.352891 -6.545548 0.647597 -5.249257 -4.244138 -6.812970 -0.848207 -7.439879 1.094241 -4.003564 2.569325 -2.353180 4.294990 -2.584113 2.971206 -0.679545 4.504597 -0.049258 3.091472 -1.994714 1.011359 1.055621 4.458984 -1.321734 1.178555 -1.710528 1.233544 -2.741082 -0.458864 
4307787856076815181.mp3 :-115.058941 98.070863 13.359032 31.924228 14.408798 14.797022 2.314100 -4.310423 -0.988262 3.463932 -3.257951 0.012566 -7.127465 -1.326616 -6.237936 2.453538 -1.927279 5.341516 0.925275 6.063668 -1.484218 1.655072 -6.738311 1.891378 -3.026697 1.842587 -0.788322 2.768602 -4.000467 -2.804427 -5.851209 1.846481 -1.823692 0.953744 -2.930762 -1.019212 -2.773932 1.280505 -1.572581 1.285559 
4328507314224984163.mp3 :-156.868640 89.007877 -3.428713 27.452870 -0.923059 4.433888 -3.028912 6.692329 -10.129243 3.784825 -5.179739 1.731784 -4.870177 -0.395580 -7.601574 0.018410 -2.527456 -0.540993 -6.099255 1.645001 -3.445959 0.478217 -2.999086 0.786644 -3.651224 2.549998 -0.675775 4.907918 -2.463885 0.260536 -1.965901 2.967916 -2.766327 -2.078389 -7.020929 -2.626544 -4.562399 0.779976 -1.709344 -0.936454 
4315695931772451562.mp3 :-202.453794 117.341286 37.436264 21.598142 0.687160 0.843490 10.491199 2.842897 -17.529831 3.647057 -10.575119 -5.154288 -6.911620 -7.490038 -8.349321 -2.712699 -9.870330 -3.417613 -11.418167 -6.573517 -3.911828 2.113343 -7.262600 -0.780828 -4.881974 -4.597051 -3.000719 -0.350278 -5.590110 -1.419653 -2.309877 2.059014 -1.353563 -0.529638 -4.806820 -3.341958 -6.217390 -1.749149 -1.300464 4.101158 
4331488451465985403.mp3 :-103.601879 91.051434 3.140177 32.392531 0.213842 9.437151 10.299142 -2.329739 -4.282126 -2.515235 -7.612788 4.683061 -6.791560 -1.968306 -5.384030 2.209149 -5.734040 1.677056 -6.776304 2.646545 -3.054022 1.324797 -2.395693 -1.303748 -4.115247 -0.202597 -4.790124 4.972418 -0.468452 3.214042 -0.835713 -2.474110 -3.798480 1.206111 -4.259471 0.639088 -7.774661 -1.160744 -4.688473 -0.228622 
4280750662399008000.mp3 :-188.973684 103.613908 12.609014 12.325665 1.153154 14.959506 -10.289514 -0.273788 -3.720138 3.190029 -13.091798 4.232691 -0.761571 -5.285474 -6.214370 2.026760 -7.719373 1.584329 -1.313265 -1.325192 -7.395523 0.272035 -7.371333 2.634402 -4.184325 0.507950 -3.468695 -0.903359 -2.001817 2.704026 -5.031830 -4.051187 -7.644795 -0.485471 -2.144675 2.934744 -1.952815 1.386482 -3.542932 0.606871 
4330786893112014411.mp3 :-173.626613 146.341949 14.396506 24.788117 -19.462570 8.159308 1.500498 -11.943623 -16.171358 5.385796 -3.147799 -7.592766 1.096377 -5.904311 -7.427353 0.337965 -5.515865 -5.451696 -7.806678 -4.853974 -7.897225 0.210449 -8.100773 0.205483 -1.774742 -5.477434 -8.961526 -7.935748 -9.341731 -0.275532 0.988259 1.331091 -0.837511 -2.475604 -6.864828 -2.595305 -3.067634 -1.535509 -3.911230 -1.967027 
4319781446688049767.mp3 :-62.835109 83.151746 8.485089 21.997286 0.735605 5.430667 1.934929 3.859019 -7.709545 6.448944 -1.126401 6.508660 -1.329821 0.973805 -4.402608 1.137978 -5.731493 2.141559 -2.461359 0.784899 -2.481581 1.581146 -3.928274 2.832095 -2.356439 1.649507 -2.541900 0.967775 -3.382406 1.091776 -1.547981 1.040722 -3.941564 0.092421 -3.316442 0.973948 -2.710616 2.237161 -1.195706 0.352910 
4301795382711643157.mp3 :-163.532659 108.282506 -9.249886 19.647174 8.126301 -3.649211 5.082700 -23.319567 -4.312648 -0.639654 -15.743296 -2.259117 -12.127048 -5.667258 -11.619503 -12.692699 -13.605903 -3.730231 -8.846578 -6.593027 -6.981992 2.370122 -0.342902 1.862732 -6.204973 -0.590399 -5.563247 5.658532 -4.131239 0.727982 -2.502841 2.751926 0.225599 -2.584452 -10.467086 -5.787620 -6.529465 -2.626838 -8.210417 -2.962101 
4315874839950241900.mp3 :-298.776019 62.738633 16.917132 30.524083 19.174780 10.011681 9.844050 2.625271 2.355689 18.170097 -6.904286 6.712537 -5.160741 -2.743720 -7.432046 1.476642 -2.815194 8.780712 -4.160623 2.378501 1.073364 4.967035 2.324301 -0.059600 -7.852436 0.740606 -5.760635 1.427728 -1.620726 6.722714 4.310272 4.581406 -5.001778 -2.617814 -5.159487 -1.455440 -3.077984 0.338947 -3.555686 0.713245 
4309511557339851904.mp3 :-113.155278 79.846203 15.112661 32.040644 10.288300 20.997882 12.055463 4.355365 10.167567 4.381132 -2.753301 7.584895 -3.469369 5.362916 0.598685 8.510489 -0.288547 1.305247 -8.077037 0.174873 -3.088775 3.836612 -0.631199 -0.532297 -5.967180 -0.959850 -2.260615 -1.250163 -6.443440 -0.033655 1.629271 5.574602 -2.764122 -0.034542 -2.781544 -0.978918 -4.410811 -2.155396 -1.631219 -0.359134 
4312838706809273180.mp3 :-134.024240 132.428354 0.933839 35.843816 4.914135 9.368109 -2.497033 3.170102 -8.436744 -3.573989 -9.961660 -6.823145 -8.016216 -1.872476 -9.028727 -4.531174 -8.083451 -1.315988 -6.022701 -1.881178 -5.024256 -0.726379 -3.325901 0.667628 -0.481482 -1.899043 -4.160035 -3.980274 -6.754929 0.601469 -0.459180 3.524841 -1.152714 -0.249824 -3.557495 0.434046 -4.289073 -3.104073 -3.635120 -1.281170 
4283394362014293411.mp3 :-129.572254 72.280223 28.229154 10.958405 5.851821 3.306332 3.894082 0.815165 -6.133428 4.355495 -3.936133 2.027483 -5.935368 1.107439 -1.939317 0.612126 -3.697824 -0.097552 -6.393545 5.339900 -1.021960 6.628817 -2.960632 -1.273070 -9.902904 -0.391404 -5.630748 0.984267 -1.651205 1.954622 -2.506386 -1.581543 -4.434249 -1.711919 -6.378100 -0.466683 -4.406281 1.135391 -3.780251 1.376716 
4284277456750782604.mp3 :-37.162966 81.258439 2.826417 24.794960 8.966339 13.591686 8.460191 4.130223 -0.240733 5.271720 -3.660146 4.229702 -1.251740 2.309987 -2.891142 1.616710 -3.403333 1.656491 -6.552600 0.324901 0.022537 3.913791 -5.376092 -0.210644 -6.647048 0.193867 -4.963775 0.098846 -3.039405 5.601391 0.021072 0.063589 -5.977387 0.407430 -2.610934 2.357911 -2.569903 0.136543 -6.012499 0.054730 
4318360654543709996.mp3 :-43.350182 61.926759 13.812832 32.681624 10.357377 5.399709 6.018578 8.657845 -8.929536 14.441101 -7.885144 4.216990 -1.611422 0.177057 -3.415694 3.172836 -5.983507 6.005580 -0.701008 7.338370 2.678307 0.161239 -1.749683 3.638226 -1.076854 5.344383 -0.360616 -0.469409 -1.947976 5.116534 -0.361586 -1.620655 -7.278681 0.035927 -1.033270 2.659612 -1.198386 3.506910 -1.788882 1.138027 
4282947453351766160.mp3 :-206.373582 126.428512 18.551518 13.826994 -0.141753 5.270219 -4.175990 0.708003 -1.048326 -1.744107 -6.419266 -1.939266 -3.138334 0.604569 -1.327242 3.332346 -1.425195 -1.397153 -6.590017 4.612987 8.964347 5.476667 -6.412076 -6.305563 -6.086752 -2.159058 -2.686924 6.007882 5.087831 1.566975 -6.946166 1.051064 -1.360193 -2.851224 -7.404559 -2.876942 -4.790753 -0.621296 -6.161278 -0.609467 
4284445121018829626.mp3 :-129.644408 128.276883 28.022884 28.280410 -1.817072 7.858926 0.027499 -1.103371 -6.185492 4.341471 -9.090975 -1.690033 -4.614886 -2.858822 -6.692789 -0.720152 -4.561818 -0.792958 -3.464851 -0.093833 -4.464029 1.852219 -4.351586 2.500119 -5.796255 4.859429 -4.359458 4.843012 -2.790513 1.728731 -2.898415 2.009471 -0.190645 -0.470302 -3.950851 -1.890229 -5.536040 -0.819536 -3.100098 1.108157 
4279819261181442181.mp3 :-92.437796 89.420855 20.858625 38.203262 4.163216 11.512387 7.756279 4.325262 -0.901746 5.063408 -7.371562 2.221686 -1.571056 2.534300 -2.403515 1.960437 -3.379911 3.516900 -8.800738 -0.177427 -5.671943 4.552778 3.553226 1.550606 -4.498578 -0.806460 -6.792239 2.830890 -7.232386 -2.301904 -4.207598 2.516447 0.222921 1.768954 -3.089117 -0.368380 -5.637586 -0.450592 -4.509267 -1.036506 
4288479492420402427.mp3 :-136.461205 92.643037 16.015565 30.441876 0.604282 4.439251 5.600599 -0.905761 -7.201810 6.031335 -11.232734 1.129806 -7.212266 -0.103055 -3.535162 1.527715 -0.674679 3.133943 -2.550934 8.993842 -3.829973 2.769611 -8.038971 -4.702640 -5.436246 3.776174 -0.571850 8.882148 3.140726 -2.590965 -7.907404 0.834211 -0.509833 1.570332 -4.912004 0.285891 -6.030846 0.568365 0.070909 2.323401 
4317104273374862719.mp3 :-86.832125 105.457277 -6.216311 30.407408 -0.671080 7.820594 13.373911 3.973486 -6.027073 3.049855 -10.941253 1.108102 -2.185408 0.780651 -1.965500 4.349827 -2.516922 3.960853 -6.145195 -2.071964 -2.063713 6.674689 0.671665 -2.729638 -7.630434 0.165487 -5.416286 0.782571 -3.291439 5.056277 2.073764 -1.065305 -5.850707 0.547409 -3.279276 -0.962484 -3.884998 -0.248788 -3.404890 -2.289892 
4321701955445921119.mp3 :-261.872651 72.402509 23.457045 24.913275 8.411882 6.702362 4.199276 3.465782 -4.341559 5.389531 -4.740227 1.597336 -6.237828 0.697592 -4.541769 1.492011 -1.443524 2.006435 -7.945848 2.311488 -6.047389 -1.218558 -1.014863 3.261692 -2.773220 2.975814 -5.831779 0.066116 -2.785002 2.949144 -3.260680 -2.051419 -5.537396 2.288411 -3.081787 0.282689 -4.573175 -0.276286 -4.431471 -4.597636 
4322591349289379062.mp3 :-135.585799 100.917083 20.133158 22.280472 2.328556 0.189304 -3.774123 -0.337305 -15.714902 0.770345 -9.470724 -1.044696 -6.677765 -6.007285 -3.371746 -5.198343 -6.995301 -0.781944 -7.655544 -1.579391 -0.755983 -1.172310 -4.038696 0.187566 -2.580185 -0.852695 -4.310095 0.768309 -5.741202 0.070952 -0.700453 0.501425 -6.349914 -3.242017 -3.662918 -1.588640 -1.852135 2.789018 2.692216 1.794479 
4290553252492618784.mp3 :-55.676959 80.884683 14.014658 28.254102 9.525583 5.293393 -1.016741 2.704265 -6.736763 2.345848 -5.875205 1.381762 -2.731175 1.528353 -2.834102 0.982949 -6.548379 0.658574 -3.656316 -2.248078 -5.995532 -0.926918 -3.077415 3.104916 -3.715037 2.817961 -0.419283 1.694687 -3.898911 2.969761 -0.357110 1.958327 -4.894604 0.333042 -1.330596 3.179690 -2.555925 1.406303 -1.782293 0.902792 
4325436679689160252.mp3 :-200.920145 107.432057 38.310455 17.219895 11.491738 4.588051 0.530692 -0.237778 -3.602884 -1.413733 -2.922411 -1.153349 -6.810481 -0.488519 -6.164444 -1.309165 -6.783260 -0.189403 -7.384649 -1.420458 -1.562529 -0.691221 -6.843573 0.104543 -4.851877 0.466414 -2.469356 0.516788 -6.948929 -2.762895 -3.311961 3.483762 -1.964961 -0.149135 -6.482756 -2.222370 -5.795877 -0.422597 -1.216089 0.837033 
4281911447747868009.mp3 :-161.634210 129.363211 -97.433015 35.715389 -26.627449 -31.378667 4.166991 -22.997331 -18.312574 -11.276317 -9.166113 -13.347811 -7.988696 -7.715474 -7.382538 -2.927523 -9.296094 -2.690648 -2.526338 -4.819833 -0.416927 -5.247631 2.415584 6.254586 1.324808 4.215258 1.604492 -0.501945 0.099135 -0.098455 -4.340308 -6.737056 -2.637406 -1.833583 1.913003 3.447918 1.935329 0.747487 -4.777729 -4.427038 
