844061366531851326.mp3 :-28.907029 84.362147 -6.967633 35.035473 5.476901 9.116406 2.665393 6.713138 -5.036702 4.040947 -4.410623 3.896782 -5.814492 -0.719342 -7.051172 -3.079640 -11.864019 -5.215614 -7.094053 -4.240649 -11.315401 -1.313869 -8.399631 -2.649934 -7.415616 -3.105989 -7.157868 -1.043831 -3.188753 3.068847 -1.935715 -0.969884 -6.343585 -0.106897 -3.375715 0.236139 -3.029404 1.187899 -3.999634 -0.108167 
8460499045352864346.mp3 :-136.678403 75.554405 5.379963 26.204602 4.978747 3.145618 -0.491988 -0.424980 -7.875371 4.435624 -14.189485 -0.348196 -9.771472 0.989494 -5.564337 0.457637 -2.788941 -1.745142 -6.005248 -1.252611 -7.743158 -2.843007 -6.793341 -2.900637 -4.084221 2.187912 -3.954949 2.710406 -1.800572 -2.055563 -6.168024 2.459662 -1.524528 0.775844 -2.477860 0.352093 -2.625572 -0.013621 -4.026658 0.424767 
8460773462805217785.mp3 :-177.310713 98.233126 29.870801 27.924248 7.587573 14.956772 5.021525 7.629799 0.549681 7.385364 -2.168418 7.027151 1.401521 6.023834 -1.921132 2.498325 -2.052256 1.479495 0.428489 4.170310 -0.467755 4.211991 -3.324505 2.673991 -0.007139 3.646582 0.755620 3.756022 0.264414 4.732203 -1.534633 -2.110673 -6.504235 -1.754638 -2.739456 1.066600 -0.150171 1.410796 -2.874726 -0.470346 
8462447134590241855.mp3 :-131.463861 69.481326 5.851654 23.683113 -0.736994 7.014230 -3.849948 5.650099 -7.900390 3.579043 -2.206936 0.679234 -3.643705 -1.842273 -3.835930 0.894191 -10.013114 -2.708121 -6.698166 -0.609578 -5.144755 1.098405 -6.568544 -3.029970 -6.235754 1.948995 -2.525062 4.138735 -0.339082 3.388875 -4.675126 -0.727613 -3.633870 0.170408 -2.574487 1.008886 -3.639438 -0.517750 -3.728712 1.342042 
8460610313979547581.mp3 :-63.801174 90.450821 11.415582 23.199418 4.910437 1.408317 -0.598317 5.043504 -6.496442 8.111847 3.118062 2.724067 -0.878369 2.954296 -3.290046 2.215889 -3.170094 2.215216 -0.048522 0.467521 -0.144216 -0.000353 -4.136308 1.180419 -4.349096 0.295083 -5.123419 1.950554 -5.719262 2.081908 -3.037616 -0.856685 -1.729361 4.113975 2.425455 6.619847 0.704275 2.629473 -2.719726 -1.134354 
8425964314298915220.mp3 :-112.518984 95.134887 15.362410 21.743098 8.021846 -0.211095 -7.847631 3.469670 -13.552483 -0.599440 -6.343990 -4.135342 -5.477995 -0.785775 -4.148978 -3.151834 -5.227880 -1.530175 -4.930162 -3.332943 -4.300618 2.344924 -1.526890 4.025400 -4.697900 -2.228109 -5.746738 0.535970 -1.067374 2.471660 -4.034525 -1.123965 -1.457105 3.861878 -1.777946 1.580029 -6.055982 -3.184209 -5.150997 -0.632367 
8439153326276192205.mp3 :-137.633491 95.982271 12.871669 20.943201 8.863980 6.314355 7.203957 2.629371 -3.295791 6.701121 -9.107640 3.883201 -3.642833 1.757269 -3.042559 0.075531 -6.254968 1.325102 -5.486505 2.652803 -2.020113 -3.702065 -10.707082 -3.386701 -4.098638 4.543503 -1.058349 3.798254 -0.283046 -4.325323 -7.072024 5.059426 -0.986232 -1.601703 -6.101329 -0.689074 -2.704251 4.333707 -2.660611 0.071309 
8452995923968206323.mp3 :-158.238590 90.823578 16.232049 14.296987 3.714054 6.375052 -5.414577 11.583514 -22.433868 -10.313992 -7.420996 -11.552177 -10.351173 -9.965188 -10.968168 -4.396455 -12.074499 -4.011914 -7.292396 1.151383 -8.604645 -0.185493 -7.175523 -5.045422 -11.090712 -1.853272 -10.668163 -3.853887 -8.296692 -2.584041 -4.534850 2.468952 -2.251715 -0.804483 -5.414613 -0.125070 -3.889574 2.302832 -1.977462 3.837291 
8418073440934127432.mp3 :-90.472523 78.755592 13.446492 19.497273 14.588556 16.695287 8.155135 5.244780 6.370509 3.471787 0.868068 3.365440 -0.223146 0.726689 -5.084128 2.002774 -0.811586 1.551027 -5.355520 5.726410 -0.145824 3.810796 -4.372108 -2.004919 -8.103509 -0.626815 -7.552771 -2.327317 -4.201004 5.060045 -0.388674 -2.652730 -9.101967 -2.703402 -2.703250 1.412662 -4.278424 2.890061 -2.175142 0.173475 
8446786860889716828.mp3 :-172.905777 101.179332 28.462246 36.337097 4.434893 5.728347 0.126909 6.603412 -8.270258 5.418240 -7.368312 0.527094 -3.827984 -3.829271 -2.535852 -0.342085 -5.453120 0.776933 -4.502388 0.290170 -4.839769 -0.783801 -7.434372 1.654761 -7.320679 0.273700 -5.394266 -2.538205 -7.678186 -0.036674 -0.447498 2.974090 -1.548091 2.222113 -3.575795 1.292893 -1.694708 0.655520 -3.102251 -1.450447 
8423508743878398664.mp3 :-69.052965 99.014801 17.914490 25.573787 11.498124 2.220862 -1.241637 14.886167 -8.544988 7.741359 -1.583412 -2.136629 -4.038237 3.305348 -4.580987 1.383329 -2.483250 0.445458 -6.729410 1.160222 -1.116183 6.301356 -2.051061 -1.437183 -6.695035 -0.062528 -3.363985 5.384977 -0.901957 -1.619056 -3.974019 4.588571 -2.266822 -0.256203 -6.657390 -5.609026 -9.409902 -4.165213 -5.698217 1.390216 
8435322350463128855.mp3 :-153.006978 137.552258 6.107950 31.571139 7.761288 3.456528 6.917466 1.967817 -9.315768 2.670655 -4.935389 -1.932590 -2.772572 -1.553536 -7.140584 -0.377568 -1.537218 6.202122 -2.434429 -5.837429 -12.078886 -2.423220 0.307588 7.712034 0.037077 1.737410 -4.616766 -4.306768 -2.971451 4.956982 -0.673094 -6.905915 -5.676150 7.174883 3.142208 2.663214 1.005410 1.839421 -4.960962 -5.958072 
8440667573751212981.mp3 :-140.342422 97.920548 13.925167 32.376943 -7.867968 3.240852 -9.794435 1.845193 -11.296211 -6.508534 -2.968442 -7.716600 -6.373830 2.605474 -11.320738 -0.300836 -7.865339 -4.531249 -7.325876 -0.407432 -5.791891 -3.415622 -6.890001 -0.809872 -5.575229 3.930001 -2.692266 0.784242 -3.083232 3.267599 -0.873566 -1.719427 -7.682007 -4.127388 -5.969202 0.012269 -2.989526 2.106737 -1.278005 0.014015 
8468940438024235845.mp3 :-98.395070 125.587465 6.995500 25.444763 1.674195 -4.054976 -1.474064 -4.452202 -10.456543 4.497163 -8.629820 -0.695603 -5.777326 -2.866966 -0.657408 -0.030456 -3.691100 3.729634 -6.167927 0.152831 -4.315737 0.331267 -5.365991 2.695496 -3.563395 -1.796010 -7.139077 -5.672189 -6.166732 4.694311 2.388169 3.915866 -0.477754 1.284951 -3.395895 1.504375 -3.590990 -0.593285 -2.310365 -0.639240 
8462673694042521992.mp3 :-168.769316 67.654291 6.722108 32.229549 0.222994 2.174257 10.741163 5.610185 -18.695460 11.623774 -2.288761 -5.756056 -1.217909 -3.790480 -13.924989 2.789632 -11.226754 -4.620244 -3.141772 3.209212 1.578916 4.899473 -8.865112 -2.570761 -3.067337 1.288732 0.934338 5.738380 -3.130644 3.262832 1.891942 0.966861 -6.640115 -4.151475 -6.941165 -1.073034 -0.393004 0.965874 -0.440622 7.181693 
8450915344245665924.mp3 :-96.874185 95.087590 6.374448 32.084595 -7.002936 8.073039 5.854904 0.446675 -2.016994 5.822124 -9.136859 3.337510 -9.903564 1.023172 -10.049050 -1.078243 -6.465534 1.505080 -1.418857 2.716850 -1.138476 0.480826 -3.847641 3.488541 -4.115706 1.606517 -3.406935 2.980141 -2.642747 0.441184 -5.925748 -0.413494 -1.772276 3.197938 -1.984063 0.102036 -3.950872 -0.426350 -3.871027 0.163456 
8450228159855478115.mp3 :-88.202062 74.624244 10.654959 34.157782 -2.639061 10.926201 -0.419203 9.081699 -4.839019 3.547645 -7.737363 -0.275479 -2.646530 -1.949750 -7.367125 0.600559 -7.604830 -1.164937 -5.510892 -2.216508 -5.595393 0.994454 -5.805705 -0.002087 -4.915937 -3.107526 -8.591404 -2.779277 -8.503284 2.126120 0.879405 0.653402 -5.109577 -0.970298 -4.364942 -1.655879 -5.219241 -1.239821 -5.746521 -2.059270 
8424614646828749257.mp3 :-148.082010 118.443204 7.472798 12.526515 5.994519 1.562781 0.569319 12.143344 -15.324236 2.363328 -8.272959 -4.576242 -2.958183 0.825358 -8.032619 -0.271029 -6.567719 -3.449385 -5.552499 5.188598 -6.755344 -5.120387 -7.460313 -2.618963 -2.620462 1.256705 -0.127294 3.053852 -1.815662 -0.901657 -2.062154 5.547963 -1.301544 -1.054750 -5.284395 -2.487326 -4.868647 0.961149 0.464317 0.426392 
8442719547115339491.mp3 :-80.008156 54.095220 8.519482 19.103164 1.180590 12.766307 -0.567784 6.567578 2.389003 1.488173 -5.168221 2.506538 -1.778344 1.677031 -3.846451 4.499166 -5.321497 1.028674 -5.137608 2.157181 -1.575085 3.510612 -4.611121 0.072269 -4.450661 0.375127 -3.318945 0.929926 -4.831957 2.231831 -1.960800 1.790727 -3.908421 -0.206897 -2.526240 0.383955 -1.321925 3.445195 -0.790816 1.027021 
8438380534114120937.mp3 :-47.176859 71.271330 26.124379 26.817633 6.462270 5.498929 -1.794591 3.218765 -6.423248 -0.453247 -7.262913 -2.103066 -3.833940 2.811448 -5.605474 1.985675 -6.359936 -1.041814 -3.752590 0.220639 0.131605 7.286432 -1.084765 1.969442 -5.418772 2.744727 -2.789562 2.599236 -1.018979 -0.146224 -2.038086 3.705721 0.035944 -0.947039 -6.373616 -3.143500 -7.727483 1.365813 -1.009734 4.124333 
8474258647849406434.mp3 :-85.219723 74.732708 21.082461 29.193572 10.138972 9.752157 0.077006 8.064830 -6.641408 2.925923 -2.835755 1.624907 1.314813 -0.525597 -4.792151 2.370653 -3.273842 2.733080 -5.873868 -1.386566 -3.086129 -2.478457 -3.575635 6.570157 -4.450876 2.129985 -4.419575 -2.440676 -7.676677 -0.224771 0.367075 6.420018 0.076779 -1.675984 -1.893294 3.382045 -2.145249 -0.613777 -2.591887 1.148313 
8456713755553329191.mp3 :-109.143419 54.780139 22.235052 32.823099 1.450908 13.803298 5.077746 5.480249 -0.041312 5.674019 1.393902 2.165451 -0.820708 0.867496 0.458389 1.392362 -2.193181 2.694135 -2.852414 -1.164832 -3.713282 2.198447 -2.546417 -0.484815 -0.986140 1.133030 -1.113430 -1.210670 1.431429 -0.119729 -4.908979 5.189209 -0.650419 3.618270 -1.755547 -1.874357 -6.218188 0.555556 -1.894296 0.820423 
8465167859053711407.mp3 :-130.447977 91.561977 24.373417 21.616221 -4.676721 5.389511 -0.160016 -0.826988 -11.322620 -0.272930 -15.131292 0.165786 -13.428768 -0.941248 -8.809068 -3.213308 -4.974229 -2.341577 -6.846142 -2.935680 0.490955 -0.161852 -0.665697 -0.525000 -3.477184 2.371858 -3.277509 2.390315 -2.711504 2.633153 0.469421 2.364074 -4.746800 -1.139489 -8.096714 -3.414149 -4.914334 0.059068 -5.260693 -2.978146 
8430635118288733428.mp3 :-481.769897 137.837448 52.901492 6.243631 0.246978 0.954423 -2.318299 -4.473520 -5.603301 -7.174260 -6.282541 -1.175604 4.313965 4.166115 -2.838879 -10.940582 -13.234091 -8.491519 -1.602469 1.196421 -2.078615 -6.186178 -5.558457 -3.779577 -6.175642 -8.216246 -4.409202 -0.392116 -1.716576 -1.954082 2.713124 4.477366 0.242309 -3.285351 -2.527313 -0.249783 1.559067 3.349025 4.281775 3.123247 
8423051040837126495.mp3 :-93.706346 83.822278 1.912821 13.592251 1.138310 3.352526 -2.260009 -3.808885 -4.751148 10.445849 -0.132069 5.879708 -4.424688 5.811037 2.382774 1.012172 -6.000900 6.635382 -6.859408 4.446733 -1.011982 3.567846 -1.935784 2.816146 -4.220443 1.884412 -0.543228 6.289219 -1.285526 2.994724 1.468209 6.081701 0.091697 0.813078 -4.822921 -0.124853 -1.857592 1.487957 -2.479326 1.205543 
8467776589225238321.mp3 :-95.006765 48.114551 19.369853 17.350343 13.198014 12.638102 3.317712 3.526433 -1.136862 1.106655 -2.125306 4.243300 -2.512006 -1.668186 -6.358899 0.815833 -5.426935 -2.741242 -7.136129 0.684058 -8.875546 0.139901 -4.428815 3.586418 -1.126481 2.703493 -7.432492 -1.205400 -3.660275 3.477616 -5.484638 -3.304492 -5.580295 2.877051 -1.776010 2.573785 -5.330121 -1.181846 -4.023031 0.063957 
8457209481282062440.mp3 :-143.350429 102.159879 4.750844 34.710516 5.660225 7.856845 4.044569 7.287718 -5.894758 8.514173 -11.262144 -3.123566 -6.010495 -0.996892 -1.705696 1.289480 -2.632275 -0.629190 -8.368433 -0.109955 -3.678903 1.353034 0.639644 2.177336 -2.193844 1.396962 -5.244835 -4.202108 -2.873574 3.624599 -0.483683 -3.193298 -7.068231 1.555237 -0.588145 1.071470 -2.453336 0.361502 -4.829524 -5.480606 
8419566854167700446.mp3 :-187.270257 99.054089 7.612105 38.431247 5.764760 3.965121 2.282322 11.961095 -6.990653 6.371985 -1.660039 -1.099929 -3.532664 0.130765 -5.890139 1.851572 -3.955555 1.842312 -3.245049 0.039238 -1.412674 -1.541082 -8.286201 -0.393084 -6.040475 -0.193601 -2.089184 1.552122 -4.430234 -0.607081 -3.123644 2.262035 -3.006346 0.790424 -2.698015 1.531412 -2.980168 0.887088 -2.945689 2.516833 
8418469866186577585.mp3 :-53.997535 60.317884 -10.640980 2.604374 2.589576 9.496049 1.212563 0.233797 -1.756537 5.922663 -3.086126 2.010242 -5.937754 1.575154 -4.712369 1.379075 -2.942304 3.291377 -0.825868 4.533732 -2.433007 3.768692 0.552829 4.879928 0.557120 4.173622 -1.224335 2.745714 -4.093173 -2.855657 -4.816258 3.340466 -1.521144 0.033607 -5.049527 0.017219 -3.218386 -0.275147 -5.679339 -0.694321 
8424503143180383530.mp3 :-152.820605 108.585801 9.879831 25.420465 7.306566 -1.562242 -4.513259 2.648318 -11.004487 -0.857125 -4.485853 -1.310104 -2.581176 -1.247611 -1.146837 -2.078453 -3.928080 -0.812928 -4.638653 -5.389944 -6.386034 -0.609180 -3.565977 -0.997721 -2.604398 -1.092807 -6.564603 -3.384353 -7.228702 4.463983 4.080994 5.339635 -4.122999 0.897056 -2.002546 0.380684 -1.487109 -0.057658 -0.793081 0.447741 
8458009072857504633.mp3 :-102.259093 83.736405 21.524600 28.581041 5.411766 11.729328 0.048555 6.160338 -5.161582 2.865878 -8.024312 -2.216514 -7.454919 -1.577620 -7.442210 0.403824 -2.693732 0.018648 -5.193844 0.893311 -8.886548 -2.591336 -5.502561 3.941344 -0.536943 0.010184 -6.112239 -1.282399 -0.725359 1.904169 -4.535683 -2.420521 -5.085233 2.990549 -0.540184 3.470858 -1.048365 -0.973113 -6.424129 -1.822182 
8433594990934867572.mp3 :-146.326151 122.422718 2.496261 20.707651 2.477694 -3.355412 -10.721877 -0.260285 -17.144185 -9.224157 -14.230933 -8.734327 -6.262465 -13.793283 -9.174518 -4.070194 -8.396688 -2.508699 -6.503666 -2.661384 -9.499296 -3.952434 -5.552485 -0.231466 -3.293978 6.146321 -3.573308 2.516765 -2.021988 0.403185 -7.317532 -2.087829 -1.460300 3.766657 -0.113696 0.536817 -2.303711 0.773850 -0.220365 3.928997 
8458775252724946789.mp3 :-173.654576 85.032893 14.496232 24.462902 5.623945 2.961979 -0.132348 6.424162 -16.622233 5.198768 -8.437304 -6.909591 -1.762338 -4.143483 -2.696385 -1.239415 -3.655044 -1.036023 -7.051955 3.435285 0.941717 8.741520 0.416803 2.004410 -6.012763 -0.962693 -5.440856 3.425959 -1.245763 4.501654 2.622079 6.552996 0.455040 1.016195 -5.889169 -3.854869 -6.129609 0.183539 -2.064110 -1.432059 
8415916106467416124.mp3 :-111.312965 104.232812 20.547954 19.549868 -0.378266 5.805113 -5.996465 5.437389 -12.594864 4.677688 -3.014427 -1.675952 -2.072505 -1.197046 -4.618692 3.092079 -4.967592 -4.146870 -2.894455 1.028459 1.234732 2.497523 -5.534695 -1.585878 -5.874284 0.248374 -1.061307 1.253137 -1.541463 6.978454 -2.561333 -1.190518 -4.610559 -2.653038 -3.878485 -1.540284 -6.952148 -1.544744 -5.792524 -0.699776 
8463557725041136228.mp3 :-126.095718 78.735975 5.852001 27.522130 2.059511 8.758232 -2.849529 5.602966 -3.599862 3.720807 0.179247 3.513579 -1.866498 0.959246 -1.881878 1.370254 -3.533866 2.436970 -5.920167 -1.398281 -4.160199 0.509743 -4.539331 0.615400 -6.444559 -0.014379 -3.760991 2.037330 -2.989099 0.947687 -1.480166 3.430840 -2.227979 0.068421 -5.935775 -1.582445 -4.877861 -0.210237 -3.836768 1.147635 
8474209536713854123.mp3 :-159.700226 136.642629 9.599962 21.111367 8.671143 -8.928046 -4.660100 4.517816 -17.939286 -0.182568 -8.885245 -3.152749 -7.458089 -2.065208 -9.104926 -3.264837 -3.921891 -4.971286 -5.368448 -4.270707 -9.103764 -3.784650 -2.646922 1.774656 -0.693189 -0.512008 -7.722931 -7.181633 -7.173039 1.333121 -0.254057 0.905598 -4.890926 -1.159298 -2.085036 1.314162 -2.654806 -3.638696 -5.154147 -1.340514 
8466105407502007593.mp3 :-183.870372 136.956681 1.535032 28.839149 -1.024785 1.614200 -2.974600 -1.277750 -10.708147 2.824075 -8.820456 -6.084599 -7.815580 -10.193911 -7.713493 2.658121 -8.646736 2.722149 -0.918665 -0.635359 -5.165081 -0.744662 -3.314348 -0.449654 -5.035386 -1.995157 -9.291943 -1.132263 -4.713773 0.978558 -4.504762 -6.377720 -6.845973 0.261915 -4.123756 -2.065716 -4.587927 -2.848461 0.259966 0.233383 
8432807546944291121.mp3 :-80.646109 79.537014 17.210446 35.382501 9.227717 9.768195 -2.102463 8.573072 -5.826146 3.370250 -2.511823 -0.461359 -2.637989 3.323106 -7.125869 0.365714 -6.838861 -0.285466 -6.049555 2.361082 -4.338655 0.307909 -3.601945 0.989760 -3.216467 2.154780 -1.896096 2.790964 -1.422870 3.043750 -1.508139 2.030760 -2.215786 -1.905579 -3.981216 0.387063 -1.557508 3.096895 -0.352652 3.170700 
8449121752299459069.mp3 :-125.857281 64.492826 3.929666 40.702019 -3.958487 20.815335 1.238718 5.548231 4.530187 2.562271 -0.394210 4.308404 -2.764341 3.053053 -4.877403 7.433500 -1.936110 6.494613 -1.840715 2.313107 -1.376826 6.768993 0.390231 4.968373 -3.561031 -1.136703 -7.712948 0.242079 -2.117719 5.773409 -6.828474 -0.997216 -1.602330 3.385169 -1.126359 1.440097 -1.778810 0.347720 -5.674189 -0.867734 
8455985858638392265.mp3 :-67.947684 97.627074 7.647141 25.210333 4.061856 5.970825 4.831444 2.791197 -8.680977 3.175242 -14.676585 4.671458 -1.835079 3.260558 -1.741099 4.155313 -4.771572 3.788108 -2.904022 2.927779 0.291409 0.798929 -5.449645 -3.139381 -5.050306 0.730768 -4.362451 1.450852 -0.578706 2.871410 -2.187858 -2.510294 -4.666982 0.851501 -3.985598 1.995746 -3.948745 -0.326130 -2.732961 2.797248 
8464139848958163208.mp3 :-74.038227 68.047820 16.755982 20.687569 12.534565 10.201999 3.479932 11.316303 4.910736 7.532802 -0.754284 5.073589 -2.079952 3.444641 1.428797 4.076738 -5.103653 4.014901 -0.503885 2.589730 -1.969291 4.453738 -2.613113 2.314567 -0.975635 1.856010 -4.097876 0.937422 -5.391399 -1.716401 -1.936592 3.195789 -3.465941 1.561024 -3.986185 -1.479325 -3.826538 -0.797812 -2.671680 -0.051267 
84436229545544592.mp3 :-86.980656 97.985624 0.184124 21.452567 6.575075 5.182580 -1.906973 2.919520 -8.925097 7.842316 -8.727472 -0.623420 -11.837020 1.950098 -10.122374 -7.987998 -12.490846 -1.702427 -8.810311 -2.563909 -8.947100 -6.903066 -2.241574 3.739227 1.194570 6.599884 -0.556713 -2.501775 -7.240788 -0.717036 -2.316551 -0.571385 -7.280429 -1.071883 -3.756247 0.771737 1.596964 2.523254 -0.736742 -1.954090 
8430538808900856904.mp3 :-107.808981 85.223124 -3.006587 33.118981 2.128135 6.166920 9.868410 -2.947112 4.080756 11.072193 -4.345323 12.106939 -2.217193 7.659752 -0.018526 3.595990 1.252339 2.564004 -0.988280 5.380526 -4.590628 -3.489149 -6.663997 0.851047 -0.826356 6.490948 -5.569599 1.336709 -3.617430 -2.009437 -9.725979 -1.968107 -5.354643 0.414123 -2.206217 2.725592 -1.409672 4.020371 0.503446 4.721400 
8414427292927325107.mp3 :-41.403800 83.127577 7.841040 23.578242 -1.247643 11.462614 -3.418011 3.281868 -1.448530 6.603554 1.746132 4.233159 2.584286 5.608242 2.829689 7.875212 2.208216 6.206602 1.158013 2.971144 1.859255 8.988509 1.027228 4.231630 -1.787663 3.625960 -0.843797 2.011019 -2.693669 0.650670 0.759285 8.171734 0.890436 1.324835 -5.890345 -0.147732 -1.949669 1.094721 -3.229998 1.351583 
8433512137623965501.mp3 :-147.436588 64.314055 -6.603661 31.070628 -0.129653 7.732810 1.592491 9.833084 -8.779862 7.247327 -0.826583 1.410552 -3.314871 1.734249 -4.315470 2.890894 -1.383747 1.880700 -2.949335 -1.380185 -3.629957 6.665723 0.534352 2.026688 -0.033832 -1.194362 -6.468801 -0.961105 -7.536635 4.998527 6.275978 3.707910 -4.357204 -1.824208 -5.459473 1.890792 -1.891308 0.801141 -2.418568 0.782312 
8431826570016213476.mp3 :-262.675530 105.728772 -15.906647 47.276918 18.879640 -9.409901 -4.353473 11.406095 -19.404805 -8.250462 -0.991912 -6.556279 -3.046239 1.130453 -6.491211 -1.479219 -5.021202 -3.444808 -0.026672 -2.340798 -7.803533 -5.364489 -5.587170 1.643021 -2.583395 4.996301 -3.201151 -1.009261 -5.502990 -0.864983 0.433433 0.136826 -4.573018 -2.681382 -1.050165 3.254860 1.260520 4.989083 3.158213 0.180787 
8460654712446790774.mp3 :-353.317244 180.378966 21.323057 -2.181848 2.426826 -5.857918 -11.163743 -14.927948 -15.605232 -15.395719 -14.732031 -13.724895 -10.686864 -6.810534 -7.621712 -8.205161 -4.845513 -4.373426 -5.507234 -4.992770 -5.662163 -5.723059 -4.573708 -3.965901 -3.427349 -4.319990 -4.575714 -1.971428 -3.133606 -6.152611 -1.634931 3.280878 -1.238674 -5.536001 -4.482454 -6.820912 -9.688116 -6.396670 0.689503 5.233365 
8474896262385238156.mp3 :-46.682433 37.321312 -26.108929 23.920444 -6.832959 7.621653 -5.560574 5.065981 -11.638071 2.443061 -3.007591 0.895510 -2.680501 1.937764 -5.844869 1.237514 -6.777605 -0.650426 -8.837505 -3.710763 -4.626535 0.858520 -8.184358 -1.989632 -6.140718 -1.896060 -4.328144 4.195325 -2.935586 -2.354780 -4.566271 4.024863 0.038806 0.464965 -6.810615 -2.590836 -7.613185 -0.328290 -2.378768 3.287819 
8465721225526607188.mp3 :-74.422853 112.590247 13.963845 23.967059 12.654834 1.891581 3.010725 1.752373 -5.562199 -0.360844 -7.941545 -2.725409 -3.786968 -2.523766 -5.401819 -0.408652 -7.030282 2.794402 -4.693263 1.935568 -2.342366 -3.915381 -7.008650 2.435226 -2.106990 1.938610 -0.238989 2.381803 -4.677834 -4.558002 -8.334705 1.137744 -2.793160 0.787644 -4.035031 0.096434 -2.240270 2.188414 -2.621645 -0.557650 
8450252103705392228.mp3 :2.951375 75.388779 4.847303 15.146860 1.753650 10.167300 0.244337 6.582151 -4.406932 5.783760 -0.620433 4.138651 -3.390026 2.269001 -5.542719 0.786663 -5.053800 3.389093 -2.522468 3.127543 -2.954287 1.026181 -6.537308 1.030626 -4.442392 1.003174 -2.175141 2.569586 -2.288612 -0.376399 -5.647680 0.895676 -2.158530 0.890311 -3.748219 0.097984 -3.762135 0.314981 -2.220015 1.420698 
