5275369812258379180.mp3 :-121.970271 107.910145 3.345585 34.233470 5.996408 6.658153 6.039592 -2.471494 -3.911314 8.624916 -6.837691 4.338511 -1.843281 2.989098 -0.826591 4.892553 -2.929846 5.567571 -0.631918 1.991288 -5.974794 -3.554037 -1.390739 6.058996 -1.963564 3.926670 -3.989808 0.493086 -3.088165 3.833621 -1.363306 -1.214131 -4.354330 3.240154 -0.145265 3.057923 0.693553 1.666485 -6.095091 -0.773206 
5269491651857192287.mp3 :-137.832309 104.684836 10.309828 24.199487 5.511561 -0.808932 -2.720577 3.554320 -9.807847 6.561386 -8.485764 1.742824 -8.546250 -2.220344 -3.974890 0.925661 -1.169608 6.688509 -2.598867 2.042274 1.259879 2.267566 -5.112318 -1.070884 -9.136080 0.330185 -3.894515 3.395135 0.021728 -2.746404 -3.791301 1.570630 -2.030381 -0.443529 -5.373690 -3.452457 -3.666041 0.545845 -1.491458 0.937803 
5348426623934375721.mp3 :-124.823015 85.552700 19.202401 30.654462 12.901824 12.755685 1.947387 15.240266 -7.392358 9.838101 0.178718 3.200134 0.125269 2.718516 -6.752995 0.355567 -6.552073 -0.544479 -3.505253 -0.297820 -1.731030 3.116792 -3.796753 1.168651 -4.878868 -2.486401 -8.360779 -0.635628 -4.390835 3.751026 -1.214588 1.482975 -5.185861 -0.067153 -4.501761 0.883390 -3.707823 -0.178515 -3.530970 -0.795371 
532523526977126407.mp3 :-132.361558 87.152640 10.507435 30.708268 6.122154 2.291829 10.543900 -2.040302 -6.295918 7.066011 -6.181257 4.172686 -7.709386 -2.813224 -6.751702 1.757998 -4.827830 0.564321 -8.653556 1.783325 -5.036967 0.760399 -4.198428 -2.577592 -7.758695 -0.735426 -5.912175 6.632608 -1.047269 -1.814347 -5.301445 1.166615 -1.216353 2.606020 -6.492813 -3.018610 -4.479472 -0.745063 -6.363934 -2.530010 
530878924499140498.mp3 :-58.007304 95.132544 15.432847 25.996744 5.558368 6.402607 -2.512486 2.344393 -12.122982 3.997943 -4.128754 -0.464154 -2.925973 -0.510943 -3.735675 -2.454617 -3.518355 1.620309 -2.006192 1.789769 -3.271048 -3.247392 -6.166236 -0.944758 -3.457846 2.928420 -1.594020 3.960928 -2.522946 -1.715187 -7.583007 -0.177819 0.326273 4.147531 -2.522181 -0.467024 -2.376050 0.421438 -1.600555 0.860628 
529583228000009964.mp3 :-162.031504 79.888825 -29.631707 5.348188 -27.405833 -9.673978 -16.939760 -8.464001 -18.711773 -6.209005 -16.756243 -6.759948 -15.302051 -6.266806 -4.991185 2.511849 1.901606 2.429325 -6.474880 -6.907686 -10.138662 -0.961719 0.747076 4.235948 -2.916685 -1.685379 -6.027075 -3.134417 -6.888969 3.024118 4.805637 4.281665 -4.509160 2.652578 -0.990643 2.001433 -5.988713 -3.869145 -0.221330 0.811351 
5335994942006418990.mp3 :-154.490482 91.450705 -0.454686 35.814920 14.753027 -8.021894 26.847044 -11.979769 7.634599 0.540205 -11.788955 1.901124 -13.926851 1.507937 -1.579469 -0.299871 2.262911 -1.037389 -4.567222 0.717746 -3.133859 5.307533 0.062261 1.579380 -2.918286 1.241899 -2.536507 3.286172 -5.362614 -5.163466 0.676428 7.900247 1.115001 -1.190215 -7.065582 -2.406958 -6.742253 -0.200536 -3.941200 -1.248564 
5306480716443433779.mp3 :-97.355081 83.493949 26.965145 28.244037 3.637168 3.513589 -4.015638 8.709645 -9.423709 5.883087 -4.375364 1.328914 -3.429321 0.471768 -5.947940 5.963156 -5.091545 2.235759 -2.733417 -1.876579 -5.549605 2.707092 -0.691883 -0.055427 -0.787202 -0.760995 -4.549102 0.786846 -5.507499 1.881816 2.642897 3.586906 -0.526635 1.568892 -3.391824 1.835638 -3.274131 1.324417 -2.575409 -0.949626 
5307990284239564754.mp3 :-121.252619 76.559032 -3.015983 30.990127 2.051051 3.804655 2.321564 0.313945 0.807699 8.599004 -7.642535 -0.431251 -3.746543 0.772278 -3.670848 -2.956344 -3.033631 8.699338 -3.436119 0.784545 -7.908062 0.471405 0.194984 6.080629 -3.537241 1.912100 -2.954688 0.846124 -0.727114 -1.318558 -0.918018 4.210829 -0.150796 5.491953 -0.325800 3.100746 -4.772647 0.429982 -3.690934 2.033430 
5268974834631704529.mp3 :-117.976102 85.228030 5.339447 33.144874 6.550345 0.572328 13.388433 1.657411 -3.225280 8.367370 -6.627584 3.559100 -7.411313 -3.167298 -5.838319 3.471572 -2.835443 -0.006372 -6.727351 -0.355790 -8.670694 -0.120822 -1.808955 0.850303 -5.775982 -1.424939 -6.087468 2.648892 -5.532796 -4.100545 -4.445997 3.219451 -0.941192 1.992877 -4.625584 -3.284935 -5.810170 -1.219612 -3.931536 -0.948307 
5275399312447682521.mp3 :-72.973658 61.247682 8.083852 26.865866 0.509057 6.607845 -3.371659 12.480251 -9.349829 7.723011 -0.189952 0.509974 -4.196628 -1.052262 -3.108589 3.732510 -7.593588 0.529171 -6.020277 -1.069210 -8.549077 -1.718088 -5.888378 0.858809 -3.459709 2.221470 -6.459268 -3.180656 -3.804818 2.623349 -2.824939 0.698521 -1.881421 2.199345 -2.238398 2.832442 -1.652586 0.712414 -5.500101 -1.654465 
5321006005275100394.mp3 :-206.451883 101.255052 -6.455429 13.241662 -7.707974 -1.198899 12.020224 -7.667888 -13.111778 3.556091 -16.068150 9.216490 4.487857 1.908739 1.206733 6.272469 -6.547874 4.210047 -3.427128 8.103186 -1.863207 1.969196 -2.354738 1.199477 -2.019578 5.570226 0.823257 6.108805 2.214036 -7.292888 -7.187304 2.584411 4.268716 0.829245 -2.554080 -1.381862 -5.540467 -0.848914 0.446758 2.557381 
5350949973781211367.mp3 :-64.610282 114.095859 4.514304 16.838003 -5.695161 -0.083660 -0.828658 9.308521 -11.115389 -0.840129 -5.945475 0.029148 -2.813535 -0.412115 -6.444209 -0.665615 -6.310582 -2.482583 -4.365825 -1.236471 -4.000313 0.861761 -3.783202 2.602142 -2.062441 0.651585 -5.187481 -1.572743 -8.951951 -0.302589 -0.784181 3.340531 -2.762659 -1.405465 -3.625337 0.092008 -2.840918 0.038642 -2.436381 2.557240 
533685610702414964.mp3 :-150.812033 124.992384 7.119782 18.116315 8.878278 -2.122871 -6.632386 1.657781 -8.950671 -3.365758 -5.120389 -5.372499 -2.759121 -2.282366 -0.598411 -0.552035 -7.934750 -3.977482 -5.976763 -2.308089 -4.427177 2.864881 -3.153295 1.935149 -3.250543 1.084429 -6.668702 0.752921 -5.230591 -0.693302 -9.808364 -3.273762 -3.993901 2.602928 -0.182171 1.819428 -4.333242 0.341030 -4.578736 -3.597511 
5293428633810485303.mp3 :-166.137966 110.900687 -1.164816 26.525253 -1.721488 -4.890155 -1.870976 -4.307072 -13.154717 6.900843 -13.162332 -4.811950 -4.179951 -3.582869 -1.126947 1.981381 -3.663121 -0.299852 -4.550910 -5.529522 -3.807622 3.693864 -2.975791 -2.052821 -8.945255 -3.735636 -5.839139 -0.389375 -1.192919 -3.948358 -4.699265 4.533299 -0.792253 -3.078819 -6.682378 -6.621694 -9.241284 -1.249624 -3.419861 -3.547103 
5312326514610748330.mp3 :-175.612355 90.605281 11.664147 32.234362 1.575883 2.692857 1.249477 6.786035 -13.181561 5.951545 -9.050396 -1.866633 -1.186373 -0.516745 -1.914547 3.009571 -4.671729 -1.473189 -7.640962 -1.308867 -4.488799 -0.804975 -7.231708 0.144008 -5.805809 -2.823936 -2.840073 1.313613 -3.980531 -0.818442 -3.123738 6.926421 1.510419 -0.009631 -9.023272 -3.543768 -8.336240 -2.262259 -1.531827 3.518215 
5270070955070861573.mp3 :-38.490400 84.573672 6.359418 16.073297 9.954837 13.165779 0.507951 8.219058 -6.390967 0.775562 -0.190745 3.178066 -3.777571 0.437578 -3.058075 0.973422 -3.418851 1.551589 -4.435295 -0.627420 -5.550623 0.827054 -4.842152 2.872041 -3.141546 -0.071203 -5.461521 0.204766 -4.119706 3.735702 -0.796683 2.722262 -4.685893 1.366295 -3.070158 0.698467 -3.003230 0.777738 -4.798745 -1.099438 
5331183334371848316.mp3 :-178.237413 126.775725 -14.539916 7.656096 -2.962248 -11.295621 -11.270934 3.870942 -19.888923 -0.875536 -4.824199 -8.072507 -5.135575 -3.567285 -7.810606 -0.986395 -5.519312 -3.621702 -5.434160 -5.704262 -7.403018 -5.713891 -6.598384 -0.487948 -3.135084 0.158510 -5.217522 -1.544460 -3.340443 1.825336 -0.926361 -2.003510 -2.564485 0.185975 -0.861008 0.884237 -0.157067 0.592127 -4.563789 -2.820241 
5267131428949522721.mp3 :-104.854755 73.838070 29.392097 29.885265 11.971976 14.548448 3.288445 13.981636 4.491504 12.530078 5.764147 8.112353 3.007260 8.050604 -0.277585 2.423523 -2.395073 5.115508 -1.619913 4.306772 -1.063088 1.533769 -2.488309 5.526318 0.225527 4.101620 1.189692 2.355040 -1.336316 2.873908 0.553687 2.354583 -6.785878 0.958379 -1.094510 3.141638 0.142943 2.939929 -3.304721 0.318910 
5333441722598119219.mp3 :-120.518704 75.942364 13.628129 31.768441 5.510052 5.458840 1.977502 10.305562 -7.814440 9.082950 1.692343 3.221435 -3.020698 3.618559 -7.100826 1.775209 -5.017398 -0.824158 -6.200213 -0.673342 -2.749266 0.936275 -3.856646 -1.814352 -4.047431 -1.758831 -6.148617 -1.403684 -2.912395 3.871639 -1.681566 -1.715945 -6.757426 0.573102 -3.857680 -0.624193 -2.977547 -0.777316 -3.866504 0.073800 
5342266360292373312.mp3 :-222.170631 77.832553 -27.276704 3.087925 -19.708914 -14.606273 -9.369253 -3.065316 -8.069353 0.959665 -15.935919 -1.986212 -10.697002 -5.494742 -4.187484 -0.957452 -3.532614 7.605279 -2.084208 -4.697377 -0.601213 14.569209 12.010755 5.973038 -3.802653 -1.317721 -6.425233 -0.182845 1.087460 1.981686 0.217746 5.923320 4.362704 3.404583 -2.272631 -0.591564 -6.494680 -5.146298 -7.777538 -1.908676 
5280624368049331614.mp3 :-184.297991 61.272686 18.446986 35.272504 13.302373 12.864650 3.456561 8.201340 -1.553207 3.666016 0.285828 4.037379 -2.630774 4.761634 -2.767767 -0.382138 -6.743782 2.974732 -9.860033 2.227442 -1.607972 2.016438 -3.511446 -0.992928 -7.957283 -5.603333 -5.805870 1.129822 -1.914502 5.278084 -3.456470 -1.281713 -3.277303 -2.020343 -4.584398 -0.642625 -3.889455 0.146398 -2.255992 -0.116761 
5326737153847462367.mp3 :-55.970136 97.981540 27.798004 28.770656 6.889518 4.990615 0.088282 5.559307 -8.936935 -1.915062 -2.610185 -0.493441 -3.329593 0.543354 -4.037216 2.592888 -0.794840 -1.636374 -3.802273 0.981604 -9.099784 2.441221 -1.414582 5.712283 -2.610829 3.793753 -4.125228 0.121582 -3.058524 -1.960889 -8.625309 -0.636413 -1.005773 5.112648 0.908150 2.196592 -3.558719 0.928206 -2.296817 2.964567 
5298668172369625238.mp3 :-103.941562 78.701571 -1.434120 31.014784 10.636862 11.915082 7.470526 10.730268 -1.739369 9.039059 4.356110 5.264988 -1.593258 5.761742 -0.426977 3.028171 -7.266812 3.636073 -10.362340 5.831081 -1.336572 -3.102984 -5.595441 -3.677938 -5.666753 -1.076894 -1.990916 2.401408 -0.837040 4.680255 -0.628911 0.819467 -3.150609 -2.354339 -6.361805 -1.689762 -3.764113 0.945783 -3.756696 1.706693 
5280253731954906181.mp3 :-119.311132 76.728463 16.539903 39.462536 4.380580 5.916499 0.626079 -2.603190 -5.349748 4.862872 -6.772329 2.117170 -12.349572 2.131562 -7.934255 -2.247460 -4.477316 -3.731921 -6.324171 0.515115 -3.970693 3.249180 -6.530981 -1.756177 -4.026516 -2.351506 -6.077643 1.507799 -0.284482 3.822239 -5.614772 -4.262811 -5.876590 1.067824 -2.162438 -0.376453 -5.845742 0.089304 -3.596021 -1.202943 
529860944074850095.mp3 :-208.110532 105.311997 -12.234096 18.955752 -12.292017 4.587195 -4.749029 -17.773118 -1.737015 -12.628478 -8.015169 -3.283747 -1.600491 -0.995426 -0.926901 3.097937 -5.723787 4.664122 -4.003130 1.798765 -1.452601 -0.567221 -4.626358 -4.484501 -2.601817 0.864378 -1.607595 -2.253592 -6.015510 0.173099 -4.374314 -5.077418 -10.237606 -4.054754 -5.364211 -0.992795 -1.972696 1.817742 -3.705396 -1.692171 
5280617898424853094.mp3 :-115.997127 48.493743 -9.338408 -9.564104 -22.975298 -5.186660 -22.490527 -21.390325 -21.677250 -6.787610 -7.488079 -8.706446 -6.406076 -9.353823 -11.232708 -8.662874 -16.180572 -5.487181 -9.041395 -7.429410 -3.371830 4.604475 3.156111 10.773166 -0.479667 2.315759 -3.232579 -1.085944 0.093357 5.209063 -5.448803 -5.193454 -5.052835 0.562551 -3.234046 -0.574706 -8.104897 -1.820592 -2.343877 -0.429956 
5346930204353962954.mp3 :-240.847129 114.198714 23.879863 12.136636 7.181437 -0.508996 3.742232 -4.585951 -10.993071 -4.528204 -11.363395 -6.524287 -9.647146 -6.289549 -8.732266 -8.613480 -7.380836 -4.775055 -8.744547 -2.511151 -8.489785 -5.150766 -9.286992 -3.410290 -5.942394 -0.306465 -4.344510 1.014764 -0.016371 2.801784 -3.843200 -5.904769 -10.203451 -3.505110 -0.289808 2.538488 1.088532 1.268958 -1.484132 -1.177108 
5317781796307424672.mp3 :-93.082812 107.840626 -8.659629 29.951424 -1.354885 5.775237 -9.463650 4.653674 -9.341113 -3.729219 -12.372499 1.148564 -7.280875 -1.717435 -6.014451 -1.174211 -4.327793 -4.577707 -0.832891 -1.100274 -6.436149 -0.742822 -6.362870 -0.271581 -5.526128 4.694045 1.896292 4.907182 -1.443351 -2.958616 -6.199278 5.581323 -1.975828 0.084767 -5.100211 -1.776623 -2.831914 -0.326543 0.954638 -1.396386 
5277822731047452606.mp3 :-132.361558 87.152640 10.507435 30.708268 6.122154 2.291829 10.543900 -2.040302 -6.295918 7.066011 -6.181257 4.172686 -7.709386 -2.813224 -6.751702 1.757998 -4.827830 0.564321 -8.653556 1.783325 -5.036967 0.760399 -4.198428 -2.577592 -7.758695 -0.735426 -5.912175 6.632608 -1.047269 -1.814347 -5.301445 1.166615 -1.216353 2.606020 -6.492813 -3.018610 -4.479472 -0.745063 -6.363934 -2.530010 
5339070943731471973.mp3 :-31.297512 52.625015 9.570325 26.480917 2.650697 13.404911 3.703324 10.050385 2.158915 7.226559 0.556731 6.139673 -1.581531 4.180791 -3.541314 3.481321 -2.789247 4.365075 -2.319501 3.013064 -1.348213 3.044252 -5.986855 -0.922605 -3.012957 0.887448 -2.607360 3.188162 -2.361238 0.823960 -4.968933 1.831471 -3.140092 0.680586 -1.609468 -0.123634 -2.064360 1.295555 -4.197985 1.213542 
5332889505017598373.mp3 :-13.007323 67.835203 -5.238736 16.452732 -4.942087 8.527185 -1.466126 5.412622 -4.442571 4.365312 -6.022687 2.482860 -6.371586 0.540566 -5.002630 -0.103246 -4.007548 1.278572 -2.426271 3.794690 -3.240336 1.639259 -1.053948 0.795712 -4.064395 0.991654 -3.692546 1.892662 -2.849950 2.601562 -0.508711 0.899105 -4.915872 2.567577 -1.015921 1.797147 -1.251165 4.004667 -1.843083 -1.433552 
527674542990171986.mp3 :-118.202347 110.874861 31.647968 15.663067 9.712986 3.274574 3.221906 6.563476 -18.141803 16.929187 -15.585021 2.072659 -5.604067 -0.832859 -1.098547 0.325125 -5.065645 4.201084 0.669776 5.072010 0.027188 -2.390134 -2.437675 1.159122 -0.398630 5.382739 -2.369255 2.784080 -5.178332 -2.576254 -6.310965 -2.783960 -3.345396 -2.295677 -4.957544 0.429361 -3.936424 3.299274 -0.522603 3.790442 
5331202877896634169.mp3 :-208.898467 187.506989 -44.994721 -0.375080 -13.118440 -34.320570 -7.082862 -16.823996 -31.715317 -13.567466 -11.533826 -15.125224 -8.109112 -8.118612 -4.932823 -4.447419 -9.466086 -6.625804 -4.641423 -6.793513 -0.385831 -0.737570 -4.236746 3.390547 -1.173012 -7.431521 -4.031471 -7.919477 -8.550254 0.740121 2.488051 -0.659402 -0.584199 0.309091 0.712613 -0.033700 -0.648195 -2.084169 -0.549557 2.648653 
527625624137344079.mp3 :-288.674272 104.609064 16.680522 13.118942 -0.153949 -4.036582 -3.065459 -4.883770 -16.142483 -7.471011 -7.818570 -9.520091 -4.962240 -1.995477 -3.435866 -1.411441 -6.056087 -1.697516 -4.192162 -1.856527 -3.123045 -3.063749 -7.427381 -3.623425 -5.315769 -2.531988 -1.615086 0.406837 -0.881360 -1.297898 -1.984640 0.159072 -2.964508 -2.578598 -5.450812 -5.454163 -7.958596 -3.789233 -1.192283 0.994531 
5268983030593107312.mp3 :-268.086568 102.493730 33.348703 14.566926 6.927319 5.587981 -0.833829 1.277800 -11.311992 2.731097 -10.270627 -2.346255 -4.083164 -3.514689 -8.622643 -2.996635 -4.231007 -0.529652 -8.552594 -1.017801 -10.509602 -0.799249 -2.622676 -5.087342 -9.918567 -7.659425 -8.874961 -3.123390 -1.995749 -2.581878 -6.524406 -2.041398 -3.199962 0.285016 -4.755530 -1.610886 -5.890103 0.194330 -3.520246 -2.076635 
530266646962823562.mp3 :-95.404756 90.690057 10.633196 20.255295 -1.079867 5.899015 -1.746226 4.664423 -5.415497 0.466507 -6.823642 1.370873 -0.966336 0.945127 -2.057762 0.936114 -5.262628 2.255986 0.982501 3.950906 -2.895975 -1.981340 -6.622858 4.182111 -1.342093 7.069024 0.751845 4.554475 -2.288642 0.545924 -7.033578 -2.085942 -1.335130 4.239609 -1.550640 1.052174 -2.634346 1.862336 -1.734776 -1.130166 
5329723411541066766.mp3 :-126.288662 78.260771 26.043917 21.127263 6.653043 9.763729 2.777046 10.042524 -5.021538 9.646300 -8.141282 2.683797 -2.665846 5.455407 -2.031159 7.087814 -0.762018 2.830334 -3.144891 3.267470 -1.060562 2.170271 -4.587865 -0.168159 -2.658162 3.792061 -3.496237 3.045956 -4.857719 7.051030 4.173507 2.320572 -7.043247 -2.521871 -6.102906 -1.005593 -0.487581 1.055515 -2.998052 0.962935 
5341762863880049123.mp3 :-89.304332 110.851646 -8.288989 26.857090 -5.910090 4.575036 0.728944 7.908245 -17.323903 8.969383 -5.800025 -2.090864 3.313970 -1.585397 -3.280900 2.878191 -5.490217 -2.536554 -2.661972 2.012434 -0.728867 3.378876 -4.134166 1.205861 -2.807606 3.895682 0.591283 3.710637 -2.646224 4.161579 5.259793 5.007085 -4.946931 -2.296933 -5.230776 -0.344169 -1.471587 2.498294 0.358011 3.851881 
5317280630067505422.mp3 :-73.551314 78.816928 -3.320173 23.304359 2.358234 10.390785 3.703682 5.480055 -2.817720 8.030044 -6.709870 8.262405 -3.584381 4.914495 -3.234797 4.578912 1.755384 7.895660 1.769383 6.455939 -2.539420 2.550359 -0.668427 4.030915 0.330550 3.848917 -1.712129 3.603916 -1.576225 0.232744 -6.296090 -0.173669 -0.939149 2.860604 -2.570822 0.204689 -3.476058 -0.409800 -3.989400 0.942428 
5298078349417459772.mp3 :-64.024026 78.921265 4.054979 44.673532 13.923404 8.691936 -0.706843 9.128002 -5.492331 2.452646 -0.764464 0.618818 3.129415 -2.653319 -4.269105 2.052402 -8.140816 0.445035 -5.167564 -2.825432 -4.268980 1.565622 -3.299842 4.188713 -1.304044 1.444829 -4.993031 1.369864 -4.196574 0.899698 -4.566668 -3.795632 -4.688797 1.344022 -3.705098 1.051817 -2.654423 -0.846853 -2.366747 0.114885 
5306727448636328035.mp3 :-113.241479 106.834373 8.483998 16.670893 3.862414 9.076911 7.838289 -5.045825 -9.472311 8.101912 -3.663513 3.687805 -2.024771 -0.783745 -2.838188 -0.826358 1.042772 1.304718 -5.997380 2.765531 -2.253411 4.042069 0.259351 0.943870 -2.041845 2.969205 -3.188345 -1.499180 -4.056727 3.473855 1.836311 0.943472 -6.628630 -0.661416 -2.873253 1.965537 -2.413288 1.708574 -2.496806 2.081848 
5318390395191794785.mp3 :-63.570057 58.650649 8.063473 17.203170 -0.989054 10.787853 -1.916641 -0.924815 -6.660266 5.754687 -4.284950 4.710632 -1.169371 1.109958 -4.482082 -2.275918 -0.617191 -1.273472 -0.134366 1.909006 -5.231878 0.638969 -2.114813 3.869287 -5.863080 3.975202 -6.074637 1.610567 -0.724449 -1.569273 -2.147810 -0.029115 1.717608 1.825801 -0.561819 -2.432303 -1.668863 -0.620942 -3.265752 -0.869105 
5273314909828420704.mp3 :-215.312800 153.503519 9.799749 31.100978 13.872483 6.327006 2.006962 2.480223 -2.624372 2.185624 -1.951288 -0.212749 -5.019524 -2.139550 -6.275801 -1.245524 -2.100580 0.881895 -0.757903 -0.923195 -1.929195 3.657712 1.408745 0.071547 -4.575877 -4.018727 -6.265324 -7.989294 -9.682736 1.051321 8.983651 5.389004 -3.872102 -4.092212 -4.211663 -0.619482 -2.151569 -2.273731 -3.617859 -0.345445 
5342159294773164981.mp3 :-78.229470 90.350609 15.182525 26.795614 5.878774 4.642462 3.121501 13.663553 -11.892177 10.086564 -2.451457 -1.506363 -0.278996 3.549624 -6.855749 2.848363 -7.611677 2.386747 -4.450293 0.118039 -5.570084 0.051467 0.343516 5.498359 -1.412059 -0.160208 -7.435496 -0.913787 -5.764932 2.335426 0.202897 2.821541 -1.395908 1.373374 -2.300334 0.057242 -5.008754 -2.147570 -4.607890 -0.829280 
5324949186304546577.mp3 :-145.299468 108.541704 7.041618 26.558802 -1.079271 -3.965690 6.524903 -10.218875 -5.884720 0.911466 -8.943127 -0.094410 -4.285026 -2.436306 -5.995838 -1.331366 -7.630232 0.291467 -5.536354 -0.043458 -2.757958 -1.220271 -2.310354 -0.827629 -4.637277 2.147534 -2.941883 1.633182 -0.638805 2.652284 -7.026191 -3.012283 -3.128568 2.961213 -0.620152 2.096648 -1.321548 0.148788 -5.746017 -0.834902 
5333336419792200678.mp3 :-162.916014 87.835569 18.204580 28.302217 0.836102 4.413382 1.948225 6.814248 -9.361134 7.892776 -5.370908 2.871650 3.421025 1.293576 -1.125029 1.813606 -4.582650 1.149702 -5.163016 -2.494554 -3.788029 2.952822 -2.928944 5.288540 -0.998969 0.838549 -1.887156 2.619029 -3.467230 1.309551 2.203108 7.362738 0.670604 1.172873 -5.415918 -1.820673 -4.383483 -0.354112 -3.320808 1.137818 
5306574075714327012.mp3 :-148.414860 80.711515 6.251074 31.985388 3.512522 10.476085 0.336297 1.799326 -5.409011 3.863955 -5.924933 -0.195864 -3.862853 -1.948329 -3.539207 -0.521743 -4.204128 1.249929 -2.277612 -0.142095 -4.800516 -1.597934 -3.263493 1.209779 -3.038839 0.967237 -3.790877 -0.657408 -4.934594 2.237352 -2.078366 0.001669 -4.266240 1.145357 -1.859224 2.907497 -0.771809 2.457007 -3.128560 -1.011774 
5333675186265875625.mp3 :-67.941478 93.248418 10.091897 18.655634 -5.193882 2.596664 -12.648210 -0.487813 -13.208611 2.851773 -7.341827 -4.882602 -7.882272 -5.621020 -7.569177 -2.084905 -9.960348 -1.153286 -6.945205 -0.588457 -3.338503 -2.167166 -7.189096 2.812007 -3.117263 3.643922 -1.340144 4.178005 -0.708091 3.935114 -2.757028 -1.505887 -5.319433 -0.071287 -1.760918 1.770778 -2.021320 0.913953 -3.817702 -0.385507 
5325938560676329116.mp3 :-116.548559 84.722816 0.277082 13.817053 -2.647868 4.228565 -1.321125 11.298251 -12.206088 10.123897 -3.541416 -2.426931 -0.822817 1.124552 -8.543415 -0.802214 -6.838615 -1.299121 -2.364394 -1.500865 -0.825518 -0.825941 -4.693909 6.038335 -2.361224 1.847662 -4.873432 1.461554 -1.920360 1.835793 -8.542641 -5.057873 -3.583253 2.433552 0.353132 2.451936 -2.720954 -0.499236 -2.696595 -1.774032 
