7207742820673840260.mp3 :-86.168594 71.851188 -2.869327 29.857584 5.548805 18.459444 3.862943 6.545302 -10.186597 4.543820 -3.754538 6.180330 -6.176095 0.313383 -3.402660 3.757221 -2.671087 2.737722 -2.512466 2.766698 -5.586999 2.565139 0.793768 5.523848 -2.501917 1.691650 -4.468791 -1.817496 -6.546813 2.969173 1.957605 3.267703 -1.897932 2.585304 -1.541342 1.626715 -1.238666 1.169460 -1.895998 1.843801 
7177130843605194691.mp3 :-148.229167 107.034389 21.747181 26.437371 -0.718106 6.880020 10.662182 -2.100006 0.062245 7.512584 -7.742058 5.367751 -4.695396 -0.947066 -1.302521 3.492220 -2.211881 7.623716 -1.068423 1.396238 -3.428476 0.511671 -3.302844 1.644802 -1.277392 2.252514 -7.477009 -3.175442 -1.685116 1.043815 -3.338901 -2.356575 -5.904489 5.255138 0.766786 4.881057 -1.097698 -1.653548 -5.638812 -2.085514 
7157207341683151630.mp3 :-142.140479 91.308437 -2.738790 31.684370 5.207492 10.719923 2.641205 9.690967 -1.887101 10.638804 -2.811215 4.866030 -7.262189 2.394792 -3.504578 4.999053 -4.975047 1.118493 -2.433396 6.373528 -1.519337 -3.002174 -7.512753 -1.277049 -3.836121 3.048884 -1.555313 1.762946 -3.883176 0.491850 -2.511053 0.253214 -3.814415 -0.215646 -3.328739 0.454415 -1.092031 2.643620 -0.631905 2.584471 
7188916149831952989.mp3 :-116.104997 100.024435 23.476613 24.623330 12.133759 11.580785 4.335691 9.047665 -7.291575 8.635253 -9.987130 2.120497 -2.327828 1.942508 -1.945782 7.822763 0.851531 6.276087 -0.718535 4.588306 -0.502482 5.727727 -0.295448 -0.247562 -5.549372 -1.356310 -5.468129 -3.137156 -5.168789 -0.629492 0.526863 2.009817 -4.414664 -3.167431 -3.604420 -1.164801 -2.352333 -0.167232 -3.941415 -1.222652 
7168529119947148707.mp3 :-230.960491 196.279113 -20.634623 0.923146 14.651288 -3.952469 -2.712646 -3.974656 -7.381050 -3.189602 -0.865107 -5.585431 -7.492833 -5.040091 -4.462305 -4.515345 -2.181190 -0.096237 -1.150403 -2.677811 -4.587923 -4.826122 -5.148031 -4.683900 -2.968348 -4.153821 -5.305233 -2.625594 -0.066616 -3.679205 -5.620828 -2.037657 0.868548 -1.650315 -5.193602 -5.370961 -4.282922 -3.276272 -1.861046 -0.131343 
7201863467385671784.mp3 :-137.373563 123.336481 17.526662 18.930770 0.337580 2.240113 -12.204553 -1.618801 -13.323076 -6.378504 -15.255630 -9.567104 -10.641476 -4.573007 -6.798800 -7.665160 -8.205621 -3.324091 -4.853233 -0.062733 1.463092 2.216899 -1.276266 0.076231 -1.686880 1.622641 0.824324 3.398108 -1.318252 4.039430 1.482553 3.319698 -6.123586 -4.389353 -7.393269 -2.336058 -3.363643 1.933423 1.363557 2.288934 
7167270419161268026.mp3 :-120.833004 92.189585 14.820098 24.666101 0.322821 4.350315 3.419278 3.497454 -4.227585 7.493545 -10.173226 0.869181 -7.034634 -2.713317 -5.959107 5.248671 -2.394609 9.755641 3.674697 4.976986 -3.775557 -4.279936 -7.463397 1.200943 -0.993153 7.324094 1.018892 1.959937 -5.969941 -0.287721 -2.943865 -0.497966 -2.828082 0.418810 -1.167044 4.380522 -1.623819 4.084927 1.286789 0.285267 
7201966672238479481.mp3 :-265.295654 214.779875 1.082304 -1.531017 2.172097 -5.471036 -3.055138 -8.431544 -10.113057 -11.677128 -13.578038 -9.153986 -7.081988 -7.744452 -8.513778 -8.169592 -7.721685 -7.627425 -2.673225 -0.634394 -5.275912 -5.615591 -5.140275 -3.453348 -1.880005 -4.322757 -3.151185 -3.032098 -7.482845 -2.904049 0.419756 -5.902620 -7.434377 -6.854870 -4.376427 -0.512613 -0.314762 2.203041 -1.683132 -5.373222 
7204289104677828820.mp3 :-166.070486 93.804725 -5.476734 3.655044 3.513285 -0.416724 1.538824 3.110003 -2.553311 2.862049 -3.546260 -0.111287 -6.259441 -1.149823 -7.418657 -2.150675 -5.701843 -2.889632 -2.427950 2.843027 -5.540449 1.629207 -6.294054 -5.199417 -7.770718 -2.402560 -4.670295 1.058406 -1.881915 -2.102278 -3.591724 0.418654 -0.741505 1.431351 -5.200437 -0.702836 -4.301425 -0.873997 -4.469756 1.923352 
7184829207265440182.mp3 :-36.727619 78.278025 6.023039 19.952027 4.436005 10.587778 3.702040 1.311361 -0.576534 6.496143 -1.098685 4.500457 -0.059173 5.685777 -0.804642 5.706727 -0.359519 5.180629 0.048628 3.524710 -2.549255 4.468581 1.474144 6.584169 -1.326406 4.572091 -2.010752 0.536490 -4.234024 1.572406 -2.147993 2.757190 -4.123320 1.372127 -2.530066 1.431321 -1.603475 3.397396 -2.363213 -2.313924 
720476640462687564.mp3 :-121.061901 100.198853 6.355514 27.008622 6.131674 4.388858 2.962906 1.263095 -0.480203 -0.337245 -2.979180 1.285879 -4.719508 -1.281901 -3.715569 3.298310 -2.964539 3.645524 -3.448645 2.485032 -0.739519 2.406418 -2.327228 0.356786 -3.804218 1.810950 -1.049699 4.886269 -0.515658 1.961746 -3.008435 2.054667 -1.005873 1.391154 -2.906006 -2.513212 -5.920492 0.132953 -1.961592 1.057690 
7169811047396703737.mp3 :-142.529076 74.062796 21.719565 26.082768 2.976168 2.053293 0.356625 0.099823 -4.600324 5.036833 -7.354166 -1.059471 -3.278895 2.605432 -5.926976 4.219662 -6.959297 2.787530 -7.987279 0.694022 -3.131212 3.414782 -2.653074 2.259519 -4.878800 0.391931 -4.259747 2.315246 -4.925414 1.269146 2.609232 7.639779 0.502485 -1.116592 -5.095640 -0.264868 -3.932483 1.303044 -2.518894 1.617747 
7149937824310654799.mp3 :-170.943436 87.232024 -8.124874 27.807701 -1.176679 1.495309 -8.163040 6.065407 -8.488531 -2.184426 -7.497984 -2.565453 -7.872112 -0.928931 -2.366963 -0.422155 -5.034840 -4.315146 -3.233966 3.514781 -3.421781 -4.019055 -9.394313 -1.501045 -0.098031 3.654606 -0.359999 7.575776 3.185314 -2.531139 -13.868159 -4.235085 1.276027 4.676215 -1.508604 0.013324 -3.242665 -4.116760 -6.044390 1.082298 
7175104348321751249.mp3 :-261.009113 98.552478 15.882068 29.214465 12.599813 9.021149 -0.827918 7.657219 -8.225511 -3.991124 -6.898687 1.191143 1.444347 5.413967 5.048342 5.544940 -2.079108 -3.777760 -4.739686 2.178302 -2.153109 -1.335291 -1.290503 5.048188 5.845185 6.024112 0.572221 6.240917 3.057591 5.887222 -5.057241 0.052247 -2.646125 3.211984 -1.608082 1.247238 -4.715416 -4.370148 -2.678580 0.675633 
7153202406398120235.mp3 :-43.028177 74.083076 15.507795 26.877858 6.365743 4.861050 3.546708 7.724754 -5.757247 10.090177 -6.982465 1.882197 -4.457822 3.115132 -2.567463 2.455160 -2.793128 4.135187 -2.168363 3.019192 -1.084334 3.273815 -1.802135 3.036621 -3.288590 1.283640 -2.187161 2.288940 -1.427968 3.701728 1.383509 3.513595 -3.106720 0.824492 -3.504945 1.451000 -1.822960 2.012268 -4.071979 0.690588 
7203122044706436028.mp3 :-124.955739 146.870018 -7.894844 22.598679 0.298560 6.174197 -8.978117 2.728175 -11.442746 -6.128181 4.670237 -6.006071 -1.151239 0.780420 -8.609361 2.326132 -2.854021 -4.337827 -0.737790 -0.736632 -9.633536 2.341051 0.274204 5.480781 0.013127 1.558069 -6.676886 -3.699989 -2.758745 -2.956755 -10.369989 -6.226960 -1.167062 3.252335 5.196080 1.445652 -3.212335 -2.725479 -3.513641 -2.890098 
7199085033297285301.mp3 :-141.507796 51.991587 -2.552097 31.708683 24.643664 1.385226 13.981119 16.033759 -0.515941 4.525076 1.658446 7.185141 -4.225516 5.771082 -3.147175 0.677696 -7.583426 -0.158042 -5.107920 -2.669315 -6.538676 1.583483 -0.692964 2.007440 -3.831515 1.290975 -9.704776 -2.311013 -7.984472 -0.223594 2.144743 4.285629 -3.860720 0.303241 -4.206962 1.491965 -3.158836 1.023623 -2.689292 -0.615909 
7203826012941755515.mp3 :-11.345960 61.384983 2.962726 20.764303 10.229814 11.456223 0.353696 9.100698 -0.044488 10.168096 0.622226 4.388778 3.071580 6.882983 -0.567136 4.796731 -4.290447 3.040397 -1.233242 0.822276 -3.706887 2.338517 -4.045221 1.404247 -2.615348 2.531465 -2.084413 3.934100 -1.299472 2.939009 -1.263102 4.952901 1.927504 4.662547 -0.458024 2.015056 -2.135644 1.014907 -2.361971 1.230455 
7177973321256260481.mp3 :-89.151234 95.779514 26.744194 21.527306 12.495183 6.471330 -9.396839 7.875245 -10.136216 9.151339 -4.574581 -2.922189 -4.058508 -0.810417 -0.121994 -3.739392 -6.781468 1.461728 -3.829579 5.027396 -4.245182 -2.290549 -3.575493 -1.830221 -5.446239 -1.630769 -3.586160 1.136533 -4.152812 1.951613 3.579430 5.085713 -0.597777 0.990596 -4.731309 1.105007 -2.412922 -1.023029 -1.790267 2.858155 
7150269004461713219.mp3 :-105.611915 95.492498 13.450739 25.638164 5.033253 16.407691 7.387836 6.195453 -0.243798 -2.902431 -4.709038 1.764510 -1.975107 2.107483 -4.440642 0.530219 -3.617963 0.296144 -5.416306 -1.244063 -6.943420 1.209033 -3.159849 2.227244 -2.046724 1.254811 -0.346872 1.661240 -5.250780 -0.584489 -2.266631 0.706299 -4.174754 -3.140273 -5.894234 -1.913317 -3.935997 -0.263940 -2.391898 -0.970083 
7152885909719412144.mp3 :-164.632581 80.677290 3.176319 27.605386 -2.878159 0.728305 1.636092 14.738583 -12.856142 2.746626 0.298300 0.041305 -1.597330 0.229749 -5.482882 -0.662119 -5.266186 0.335112 -4.953915 -2.812389 -6.542640 1.736518 -2.645028 2.413089 -4.913004 -0.937737 -5.230505 -3.541142 -8.700602 3.713575 5.199963 9.620971 -0.326107 -1.156765 -6.527739 -1.580864 -4.518515 -0.314436 -0.734397 2.670235 
7169198853178736409.mp3 :-154.503279 78.074605 34.560450 33.185547 4.282119 11.038216 -0.252690 11.857419 -5.853273 6.949593 -0.314831 -1.274402 -0.178715 2.562862 -3.939039 2.257003 -3.504851 0.462076 0.601633 4.465425 2.192006 3.754854 -7.074175 -0.704419 -4.293370 1.359646 -1.352823 5.601232 3.795151 3.012057 -5.325589 -0.694354 -0.384323 3.433972 -1.277402 1.739247 -3.744702 0.341683 -3.060027 1.540014 
719256420169754471.mp3 :-91.701077 108.896169 21.562261 8.582438 15.038981 -3.640430 5.939035 -0.134777 -7.467486 7.017884 -9.489369 5.904467 -8.374166 -0.180631 -6.347004 -3.903444 -5.867395 -0.993805 -5.837673 -2.203953 -2.934454 0.705093 -5.230002 0.951214 -4.982258 0.324860 -6.481261 1.093912 -5.845092 -3.231617 -5.979926 2.642615 -3.576131 -0.122689 -5.334597 -0.224158 -3.057379 0.188943 -2.835233 -1.930934 
7180330710334323989.mp3 :-66.527325 57.939847 -6.740470 27.898267 -8.261576 -3.013126 3.254285 -7.692081 -0.992336 -2.331612 -11.985883 -0.851069 -13.255860 -0.686220 -10.038331 2.005783 -7.298334 -3.727045 -10.911966 -2.766795 -4.544144 2.982868 -3.900673 -2.317864 -4.413223 0.771908 -4.863190 5.294369 -1.387737 2.082491 -1.387686 3.603495 1.739054 3.736864 -5.558465 -0.741353 -5.840451 -1.273662 -1.932063 3.198625 
7189366731167136350.mp3 :-309.398586 114.857297 11.714964 18.197865 7.185655 1.286706 -4.020886 0.829766 -16.922875 0.382850 -14.143654 0.537451 -5.850766 -0.137166 -2.510283 -0.775431 -4.236307 0.972517 -8.864288 -1.489839 -3.316417 2.226443 1.052593 1.789895 -0.918247 2.269107 -0.621493 1.373281 1.383054 3.960247 -1.834692 1.113056 -0.171889 3.655054 0.078887 1.210472 -3.464105 -1.809835 -5.297507 -0.302935 
7150724308040960561.mp3 :-91.260089 98.260944 -20.925164 38.646443 3.419419 2.356439 6.114683 6.431181 -11.333550 11.309002 -3.637127 0.023254 -0.336747 -1.201170 -10.395909 1.855290 -6.328556 1.591714 -1.416941 -4.623031 -4.024828 6.685152 -4.455814 1.482675 -2.629973 -2.382225 -3.306119 4.431665 -0.065255 0.361583 -5.383008 -0.036218 -1.716403 2.611511 -4.432269 -1.614216 -4.089840 -0.959320 -2.596952 0.759935 
7153568675740762961.mp3 :-187.391545 67.049076 9.915390 17.284960 6.846412 18.913292 5.046203 15.300031 5.868960 10.905408 2.659256 2.825293 -2.314391 5.643790 -2.137772 3.407867 -2.698375 0.546274 -2.773024 0.691444 -4.130610 -6.070726 -7.893688 1.673828 -5.642582 1.650210 -4.312862 -1.259427 -2.930906 2.025358 -6.851642 -4.973769 -4.620847 1.455167 -3.008325 0.295190 -2.851335 -0.451037 -6.777210 -3.737119 
716951347523506508.mp3 :-49.515936 70.308644 -17.901812 22.455031 2.628636 5.568766 5.889882 2.719748 -3.273083 4.114791 -3.866955 4.313674 -4.391224 1.986300 -3.241537 3.102878 -0.099699 7.559741 -0.116659 7.129733 1.010616 3.327467 -1.933655 0.817112 -3.644970 2.939554 -1.276238 3.502187 -2.877445 -1.358139 -1.237426 5.133283 -0.269392 1.370305 -3.633530 -0.321248 -3.871865 0.435517 -1.448494 6.295257 
7150054094743544215.mp3 :-227.987668 99.169981 32.114092 25.464160 9.273340 7.634102 1.539537 2.271460 3.885786 0.658111 -2.745375 4.252584 -1.973079 1.538244 -3.547873 -1.000964 -5.594640 2.949854 -0.846935 1.059404 -3.218140 2.133070 0.121760 4.675892 -1.008242 4.214149 1.103001 4.208947 -1.722799 0.389955 -5.634760 0.177835 -1.250524 2.461287 -2.556467 -0.143956 -4.384888 -1.829760 -2.155501 -1.341075 
7196676473004673371.mp3 :-131.873531 67.416543 15.772263 28.314673 2.198230 0.034282 -0.816536 2.707978 -7.014035 8.462266 -4.737366 4.311556 -2.603863 -0.665915 -2.982104 2.763285 -8.553954 5.419922 -5.149594 2.890421 -5.022445 -2.310621 -5.372107 2.148219 -2.781962 0.992533 4.544004 3.108377 -1.829062 -1.016363 -6.396802 0.663781 0.198765 2.438216 -1.118504 1.323001 -3.352215 1.893690 -2.136808 2.842923 
7201254788869661997.mp3 :-80.459896 84.986397 9.939191 22.195218 9.953232 16.720079 4.171236 5.281622 -2.169996 3.976719 -10.064710 -3.393592 -7.565157 1.093462 -1.971766 4.466693 -4.254985 -3.251070 -10.119703 -1.730806 -4.446879 0.371456 -3.757216 -0.070824 -3.876725 0.070638 -3.174942 1.669031 -1.602242 1.325837 -5.424059 1.547655 -2.527353 1.575090 -3.863797 -1.866306 -4.500902 -1.228493 -2.760663 -0.918866 
7189742824951002993.mp3 :17.660539 48.561167 17.987536 12.552056 9.299246 11.577852 0.811427 9.707089 -3.190026 5.422731 0.724208 8.760235 0.242747 4.314434 -3.322676 3.278582 -4.473695 2.417064 -3.302364 2.713226 -1.378537 2.793431 -2.664488 2.711129 -0.222944 2.856079 -2.941903 0.567590 -3.933799 2.742704 0.160788 2.749628 -4.255483 -0.038675 -2.801751 2.160745 -1.881738 1.680264 -2.251621 2.385003 
7161313260729386253.mp3 :-190.861638 81.179680 17.310836 40.335071 4.266212 6.171911 0.693432 -2.207371 -5.367530 5.169932 -6.819389 2.621809 -12.331483 2.281802 -7.772168 -1.855711 -3.991326 -3.507501 -6.420500 0.575646 -3.584020 3.596515 -6.165736 -1.669519 -4.069226 -2.189895 -5.762171 1.867871 0.086098 4.101335 -5.123745 -3.857921 -5.624528 1.312945 -2.066131 -0.339216 -5.743928 0.262922 -3.312627 -1.062890 
7207768679289558839.mp3 :-118.484836 102.009904 25.923753 28.134618 9.762097 11.551012 5.840169 4.419555 3.756065 6.980636 0.226341 1.853224 2.086895 0.766107 -4.632127 0.638201 -0.514978 6.092527 4.651423 5.869201 0.505092 2.759102 -4.112979 4.154584 0.554800 7.700104 -1.417687 2.651494 -4.550794 -2.363951 -5.481875 -0.725679 -3.008075 0.613930 -2.347088 3.445601 -0.533421 3.069715 0.521722 3.614018 
7178227358778993091.mp3 :-209.081523 140.909137 -6.068548 14.602239 -0.324696 0.380626 -13.594566 -3.226536 -11.862156 -5.801718 -10.308297 -4.217790 -3.047892 -0.635445 -3.581666 0.789183 -5.161919 -2.782254 -2.437666 1.834046 -2.439184 1.598906 -2.475131 -0.688027 -5.591873 -0.764689 -0.504268 2.737466 -1.702904 -4.369466 -4.018723 3.005192 0.239410 -2.103737 -8.851113 -2.947849 -5.994800 -4.972940 -2.450043 5.024949 
7175690187981875773.mp3 :-114.046279 113.539137 29.038752 21.898707 9.169576 2.696193 -3.680195 5.201881 -14.746350 -8.881290 -5.134156 -5.949777 -7.465605 -0.085574 -3.144858 -2.220904 -3.806673 -0.193626 -0.523128 6.174352 -6.056706 2.303502 -7.662623 4.005888 -4.561280 4.129467 1.105398 3.603036 -3.064990 -1.644353 -5.797671 4.143693 0.883630 0.715532 -1.192252 -1.527723 -1.745670 2.893518 -2.363453 -0.066418 
7158823261381690956.mp3 :-15.940635 80.075809 -0.373156 20.887136 1.306892 8.035742 1.891234 12.173340 1.994820 8.159788 -2.193276 0.387216 -6.957510 2.748767 -2.394787 1.497382 -3.729302 2.005282 -3.465994 1.961042 -5.288428 0.369972 -4.113384 1.568906 -1.458828 2.783962 -2.481901 2.144722 -1.958654 2.170759 -1.452792 1.480798 -2.900790 -0.263339 -2.466762 2.009872 -2.091300 2.832521 -2.267418 1.225559 
7147655107098836790.mp3 :-61.565499 91.963099 3.498321 14.843856 0.365329 5.236806 -7.427715 3.071806 -8.566470 6.590095 -9.295544 7.968501 -0.909311 5.172393 1.028306 2.375660 -6.451661 4.968056 -7.507346 6.547898 -3.190655 5.724197 -3.233560 9.101621 -2.499310 6.285978 2.205072 7.483902 -2.113401 5.353794 -1.929499 7.265248 -3.623163 3.821808 -4.737871 2.970435 -4.335453 3.895764 -4.030131 3.599944 
7174365482908540432.mp3 :-75.559807 124.774457 21.795403 28.198685 11.070431 10.285890 -2.890266 2.654871 -16.346146 -3.661403 -5.239862 -2.575948 -1.214239 1.876364 -6.962288 3.970096 -5.192246 -0.568567 -4.648279 -1.927919 -7.345489 -1.293201 -4.705935 -1.291013 -3.172761 1.476595 -8.286980 1.110575 -6.266618 -2.864053 -3.528003 0.088610 -2.754278 1.042334 -3.696908 0.201924 -3.878112 -0.313386 -2.795778 1.967971 
7145201883822739652.mp3 :-221.045009 171.037354 -26.811424 15.875721 5.176329 -7.007685 -5.364791 -4.723161 -10.311183 -7.545251 -9.242619 -13.450229 -11.212825 -7.493225 -8.888834 -6.285447 -8.038287 -4.422124 -7.579191 -6.184147 -4.434983 -2.867113 -3.553489 -6.243067 -6.015165 -1.064536 -4.629412 -5.469748 0.198624 -0.204741 -7.937582 -5.024728 -0.152683 1.317251 2.455951 1.688165 -2.244528 -2.120700 -0.316637 -1.164706 
717742104799705977.mp3 :-182.021042 98.315065 34.470324 27.575892 4.554255 -9.261800 -6.548713 4.076973 -17.960460 -1.553037 -11.312181 -6.369608 -11.516418 -3.997237 -5.561435 -2.729393 -2.867005 3.607704 -0.891717 -0.476670 -5.355357 -4.296980 -7.589767 -3.620567 -3.567562 3.972919 0.549448 3.617862 -2.026324 -4.125619 -7.445625 1.287625 0.058634 0.426780 -2.731645 -0.370375 -2.284876 -0.884361 -2.896051 2.391855 
7192615497305360200.mp3 :-111.809453 114.625774 -7.453067 19.888846 12.114835 4.982075 6.492241 -0.450669 -5.479062 5.859927 -6.421677 5.515022 -1.347807 -3.898597 -0.777068 2.075655 -5.001294 1.110079 -8.836510 3.402156 -10.351658 -4.600013 -6.920246 0.912695 -3.011179 -1.082097 -4.486571 0.835247 -6.625922 -3.811267 -3.109932 -7.568257 -6.582219 4.526933 0.371829 3.846612 -2.874548 0.569511 -8.931653 -8.330685 
7177300964517405536.mp3 :-114.557667 85.166375 13.346525 28.498206 -7.052357 8.892254 -7.396972 4.961152 -5.393932 1.914793 -3.467061 -3.662293 -4.033617 -0.650253 -1.823438 2.984764 -7.780824 2.810376 -5.424577 1.298407 -0.866028 2.126113 -7.830433 2.840268 -7.336066 1.158689 -0.772002 4.698089 3.642195 7.810242 -0.261362 1.422843 -2.169473 -0.657049 -5.726099 -0.935700 -5.001252 0.147624 -5.981441 -1.191344 
7150127761584859618.mp3 :-79.668554 66.610676 12.049636 33.139825 11.791637 8.944462 4.997350 14.358752 -7.725634 11.643491 0.119261 4.265069 -1.495190 3.196366 -5.039953 4.311895 -5.694841 2.668989 -5.309926 1.952087 -1.864679 2.092268 -5.056089 0.579712 -5.291150 -0.589151 -3.737033 1.988174 -2.515792 5.090085 2.742858 5.821070 -1.836682 0.613766 -4.352641 0.175464 -3.111472 1.468207 -2.271343 1.971596 
7151514471744549780.mp3 :-179.449262 101.423765 -2.426998 22.934972 2.249154 -0.206714 -1.268941 8.386395 -18.766040 15.797152 -8.826666 -3.182015 -6.673028 0.895041 -7.301542 4.450525 -4.150243 -2.534353 -5.486348 -2.479965 -5.022892 -0.946649 -4.509868 -0.032376 -4.176211 -0.340991 -5.543748 -0.820574 -4.897180 0.443049 0.759551 3.776548 -3.779466 -0.565404 -6.050393 -2.411665 -4.658118 0.275141 -3.422260 1.990502 
7170710748189692206.mp3 :-182.338934 144.643230 10.287505 26.289250 13.109923 2.019815 -4.183760 6.941670 -3.732069 -0.237191 -12.080411 -3.927238 -6.152182 -1.751636 -2.381752 1.374093 -3.212679 -2.744644 -0.745574 5.917276 -3.106326 -4.005815 -6.345476 0.388943 -4.293610 -0.085723 -1.441063 1.392912 -1.286642 -7.975643 -0.654427 0.476422 -3.440975 -4.323879 -5.020939 -1.246097 -3.041789 3.290650 -1.656268 2.400630 
7160988753798457552.mp3 :-26.065382 81.946617 9.412632 29.677958 15.617219 8.252666 0.007761 7.780232 -3.558210 6.051090 -1.916943 5.273036 -2.614375 2.608164 -2.788768 3.787025 -4.718052 1.700632 -2.676724 -1.552360 -4.476284 -1.038385 -6.844810 1.824324 -2.896102 2.578102 -5.221736 1.802491 -1.011892 3.231344 -1.459824 -0.166733 -4.158910 2.985748 0.306899 3.984302 -1.791764 -0.014077 -5.401073 -0.324499 
7193903480177765534.mp3 :-359.553851 131.376424 -1.899266 20.900603 -2.492939 -12.128444 14.187047 -15.211782 -12.098538 2.384026 -12.829370 -6.304892 -1.134607 -1.455863 -1.516635 -2.797551 -1.693672 -2.696248 -6.581171 -0.520248 -0.592637 2.363642 3.490424 -1.096242 -4.060799 1.302899 -4.598981 -1.014056 2.255117 -1.772446 -9.494886 -2.074477 0.009449 -0.792405 -3.122398 -1.954119 -5.314341 -0.637934 1.776108 -0.993186 
7198961954375761672.mp3 :-219.752602 131.327358 9.862095 16.719182 5.495638 -0.128429 -7.984413 -5.305326 -14.057032 -9.197641 -10.938529 -7.788523 -6.346954 -4.141345 -3.418337 0.248401 -9.306488 -2.602948 -5.233819 -2.726465 -5.621631 -0.994607 -6.856228 -3.147334 -2.908971 1.536768 -2.786280 3.814813 -2.167769 -1.264234 -6.066774 1.307220 -0.924350 -1.566899 -7.491215 -4.112260 -8.379619 -4.813948 -2.822937 1.811036 
7192363743876670169.mp3 :-106.832069 89.563891 29.530128 14.368068 10.612238 0.359035 9.027005 0.753115 -4.852198 3.778673 -7.869237 -0.158480 -5.556262 3.319313 -2.593694 -0.524306 -4.009087 1.471194 -4.213145 6.973029 0.221404 3.445646 -3.123639 4.190283 -8.643748 4.198766 -2.854807 6.624688 3.594597 5.455354 -3.653426 -2.036014 -3.559969 1.388670 -2.563707 1.318917 -2.779020 2.033174 -1.503532 1.326682 
