5481796093437768116.mp3 :-149.854892 97.211438 7.623633 17.357633 4.453576 -2.138630 -3.884048 4.511757 -14.959058 3.386241 -7.841349 -1.204542 -2.993374 -2.720845 -6.979526 4.430821 -5.335448 -3.082593 -6.271382 -2.978434 -5.084312 2.393996 -8.085623 -0.187436 -6.210938 -7.717948 -4.462352 1.862077 -2.215323 4.944206 -4.545919 3.207439 -3.415092 2.564122 -4.221341 -0.398919 -7.733785 -2.800873 -3.037026 4.090671 
5440808248709156006.mp3 :-202.024357 120.763806 -6.193172 53.072820 8.519112 -2.660092 2.227147 13.874764 -12.568140 -5.073962 -2.199162 -4.140001 -1.846391 3.263093 -3.696052 2.817336 -4.689233 -0.583111 -3.687245 -0.028051 -5.029717 -1.418004 -4.995182 -2.585844 -4.687147 3.687546 -3.787393 1.056125 -2.976604 0.703852 -4.448296 -2.817902 -5.962727 0.127578 -1.371188 1.850424 -1.307618 0.753970 -4.452602 1.032533 
5475360568538378243.mp3 :-114.477227 85.822658 -0.851460 29.949858 15.591500 19.703404 4.830685 14.914964 1.581982 10.324278 0.799693 1.669927 4.722753 1.348907 -0.410041 -1.694228 -0.301441 2.596023 1.822494 3.067743 -1.219168 1.563637 -5.026941 1.171658 -3.841358 4.058035 -1.282983 2.702226 -3.385801 -0.964838 0.106637 4.035136 -3.052622 -1.666846 -4.674312 0.708431 -4.827755 1.679193 2.803464 4.445252 
5434316058477657048.mp3 :-137.111763 104.144793 17.300678 44.395534 11.557155 7.163751 -3.438372 4.076459 -15.514824 -1.598229 -3.915357 -2.560013 -5.108934 -0.376857 -8.161587 -0.894849 -4.059335 -4.236041 -7.024728 -3.263829 -7.674224 -4.407860 -5.601490 -1.076015 -7.222336 0.355085 -3.685688 3.384756 0.392227 1.319893 -3.845226 2.161087 2.942933 6.164552 -0.160121 -1.051344 -7.752521 -4.965109 -3.547905 0.243720 
5432732767813363706.mp3 :-75.416379 81.006042 3.709991 22.585202 3.144955 7.351314 1.405460 6.304997 -5.794777 5.820664 -1.986119 -2.778197 -0.589888 1.082806 -5.041640 1.148233 -5.242056 -2.090162 -8.296674 0.546013 -4.153668 -1.716562 -3.759441 3.428967 -3.283998 3.011355 -3.860797 2.157315 -4.462218 -3.240226 -7.292382 3.523758 0.940948 2.863853 -1.116740 1.170744 -2.533378 -1.055764 -3.936360 0.535594 
5468907662759398431.mp3 :-217.458802 109.301395 -3.354430 24.734740 4.620061 -1.534304 -3.087055 -4.135756 -8.438900 -7.631449 -15.115889 -8.339197 -7.719002 -8.016988 -8.573036 -2.408853 -6.041946 -5.579703 -7.436644 1.686885 -4.058979 -4.533085 -8.227060 -4.101047 -6.596472 1.165118 0.075248 3.576546 3.551840 3.061436 -3.065855 -1.029216 -1.196438 4.418139 -2.067122 -0.962363 -5.486215 0.812405 0.878950 1.518224 
5490201125430752341.mp3 :1.630761 77.918788 5.815721 15.430779 4.338645 8.349263 -2.815874 6.397341 -3.901764 6.868512 -0.417341 1.745319 -2.865594 0.851032 -2.682626 1.617799 -5.101331 3.406016 -3.846826 1.474002 -2.634201 1.281816 -4.220678 2.750652 -1.254450 3.606163 -0.587469 3.647084 -2.503789 2.628987 -3.362281 0.425126 -2.291776 2.973858 -0.921641 3.761995 -1.206632 2.613433 -0.616500 1.130632 
5432983447439882020.mp3 :-113.422008 68.013025 25.568089 31.868300 6.480575 6.972120 2.163072 3.254060 -12.595186 7.599744 -6.107446 2.251186 -1.811776 -2.120571 -3.216970 1.743690 -7.374937 1.124598 -6.731800 -0.150569 -6.911519 -4.368076 -8.806499 -0.479488 -5.324367 -0.014251 -2.129667 0.477249 -3.214251 2.636735 -3.993874 0.325603 -0.376859 3.985360 -1.103118 3.109559 -1.966025 -0.311022 -3.833834 -2.246948 
5448050915349423350.mp3 :-210.992856 146.630487 -10.640459 17.452195 1.937515 0.899608 -9.293450 -5.097072 -12.287779 -7.257236 -8.539055 -4.528027 -8.581143 -3.761199 -5.461455 -0.108731 -3.111531 -0.159584 -3.927390 2.439346 -1.144141 1.359891 -0.291399 0.376559 -5.434056 -3.572824 -5.008558 -3.692741 -8.837713 -3.523781 2.882225 5.503370 -2.323641 -5.063791 -6.029907 -2.491734 -3.631116 -0.952177 -0.715023 1.492950 
5455988164881487437.mp3 :-133.826087 92.159736 19.049169 12.043869 0.221348 14.157583 2.554618 8.521489 -7.528827 1.634270 -0.607337 3.138794 -4.082329 -2.561442 -6.263935 -0.079671 -9.415144 1.896501 -2.347508 0.762429 -4.555433 2.577953 -4.760461 -1.330889 -6.448770 -2.144096 -5.204162 0.024829 -1.700192 1.595851 -9.240122 -4.157113 -6.303769 -0.191595 -2.932370 2.505149 -3.190403 1.076813 -5.067168 1.037439 
543487079320137197.mp3 :-93.948720 73.474581 4.424473 26.095292 2.969622 21.785551 0.215644 9.488312 4.916559 0.174674 -2.202659 4.821811 -0.291661 2.493819 2.353956 1.453175 -4.452130 4.986983 -3.294287 2.665623 -0.165958 4.121121 -1.882866 3.840224 -3.884713 0.660384 -1.878368 0.001800 -6.442427 -0.418670 -1.458381 4.614930 -2.720855 -0.592414 -5.282553 -1.181895 -4.352763 0.760091 -4.772578 0.402038 
5464335824071664120.mp3 :-87.317112 80.613999 10.470541 33.327866 0.287739 9.126496 3.490796 -0.029656 1.918672 3.369615 -4.377415 1.034000 -2.582487 0.628428 -2.121328 5.185038 -1.166065 2.326875 -4.941249 -0.185402 -0.585490 6.212484 -2.187145 0.108931 -5.889033 -1.677247 -8.660022 0.971593 -1.009304 3.125987 -5.017917 -3.765999 -4.544449 1.955489 -3.917144 -0.995945 -6.229089 -1.385717 -4.845645 -2.072554 
5478955336764901927.mp3 :-59.860236 73.757950 16.409678 18.279943 1.128911 13.522880 -3.789335 7.724464 -1.471578 4.907863 -3.667480 3.794115 0.217492 2.307083 0.883449 4.373310 2.536790 4.081694 -3.043928 0.830071 0.030406 6.325729 -3.171438 0.699959 -5.894514 0.844875 -5.332120 -0.843930 -4.611826 5.980117 0.435494 0.433418 -4.813622 -2.351052 -1.903495 -0.505408 -0.266723 3.385693 -1.428767 3.516903 
5465735512473829172.mp3 :-112.926957 83.191032 9.965136 21.272673 3.825901 2.394953 -0.171678 5.586824 -6.936623 6.214082 -10.799019 -6.410311 -8.395825 -1.837464 -7.406433 -4.495367 -7.511187 0.399215 -6.567045 2.862516 -3.888286 -2.224017 -5.301500 -5.108030 -8.760069 1.692334 -3.668364 -0.136984 -3.533640 -1.986062 0.426173 4.524882 -2.061661 -1.091275 -5.076112 -0.065262 -2.611932 0.000755 0.779117 1.016462 
5477038083933113062.mp3 :-163.355271 128.330308 -2.778350 20.395857 0.332638 12.490282 -4.003925 11.636506 -11.972124 -2.798746 -3.693217 -0.766595 -3.289448 -5.065119 -3.844791 0.328065 -7.591696 -0.592723 -1.773141 0.087275 -6.110924 -0.633618 -2.868347 -0.431550 -3.616096 0.709957 -4.573127 -2.209722 -4.119954 1.222740 -5.782993 -3.528318 -2.252301 -0.368858 -0.942726 1.222227 -2.729402 -0.906047 -1.072708 0.836391 
5463474314439027909.mp3 :-164.046784 120.045748 21.308674 7.843216 18.321926 -4.477988 9.785647 2.454580 -5.810006 7.617113 -5.284318 3.712055 -5.767821 1.379183 -4.267468 -2.159545 -4.393480 -0.871171 -4.952913 -1.176848 -7.188330 -2.259305 -7.136612 0.829257 -1.115477 1.678474 -2.141131 -0.201986 -5.605339 4.701975 -2.841136 -3.687855 -5.578730 -0.277810 -2.893192 2.943523 -0.672994 0.409217 -3.090072 -0.334183 
5442943280389695316.mp3 :-177.200106 90.243904 12.493254 12.303273 -3.092601 -2.978856 0.380232 -6.112299 -14.305935 5.054808 -16.621585 -5.264710 -7.227197 -4.765186 -8.933025 -0.357845 -6.901893 2.679046 -3.404160 1.644487 -5.939693 -3.502747 -6.732309 0.546438 -3.869805 1.978583 -3.672394 0.618638 -5.128961 -2.595305 -6.079273 -0.065797 -4.807774 -2.443014 -4.269482 1.101347 -2.131667 1.433311 -2.634125 -0.255840 
5456880296987272906.mp3 :-76.648515 87.417468 -2.748426 34.098682 9.608816 1.968614 4.653593 7.004007 -7.872977 8.634451 0.446417 -0.228238 -2.651378 0.625383 -6.095665 4.166615 -3.617862 1.798826 -2.389540 -1.871080 -7.446705 -0.768183 -3.950364 5.431642 0.471193 2.053028 -6.999658 -1.534400 -6.462472 4.858273 0.536054 -2.267360 -4.810087 1.821390 -0.367179 3.695600 0.339939 0.806581 -3.182863 -1.656584 
5443139604167927902.mp3 :-236.479594 113.488870 -1.289069 26.516110 3.967616 -4.601223 -0.533525 7.065710 -20.855588 2.923678 -3.780464 -3.762408 0.075703 0.623333 -5.324953 1.360891 -2.561598 0.442138 -2.599970 -0.753628 -2.279062 0.536828 -3.420791 -3.438283 -5.876494 -2.913210 -1.286795 3.800207 4.161182 4.451838 -0.429130 0.639832 -1.229253 0.258002 -1.593570 0.981131 -2.458998 -0.860027 -2.038995 0.585015 
5480225082627650711.mp3 :-35.734794 87.588017 -10.687158 19.794744 -1.154372 8.164344 -3.145106 6.236619 -10.963880 0.567517 -2.374748 -1.361345 -6.440064 0.095986 -3.940877 1.287267 -5.440741 -1.132494 -7.523830 2.058408 -3.132219 -0.563671 -8.322311 -2.497445 -5.588920 0.754915 -4.315564 0.978805 -1.314892 1.972933 -6.075843 -2.325502 -3.013125 2.581623 -2.420164 0.589902 -3.516292 -1.786979 -4.737012 1.447516 
5469843078899275213.mp3 :-149.713433 109.529148 -13.972204 27.088486 9.167698 -1.582781 5.936914 6.092084 -9.689588 7.674176 -17.104407 -2.655584 -8.452044 -6.198097 -9.331632 -6.430167 -11.862801 -3.280672 -8.112893 -6.261083 -6.909124 -5.052863 -5.975960 1.384377 -3.765635 1.159303 -2.583847 0.984395 -3.201899 -1.285057 -7.758551 -0.804835 -2.836677 -1.313128 -6.340203 -5.232979 -8.641401 -3.329984 -2.195759 0.988506 
5474290401582482656.mp3 :-136.381438 95.813134 11.726081 30.992210 8.004112 5.496809 4.590240 -4.877399 -2.267363 7.359462 -8.183162 -2.058301 -7.084170 -2.321069 -3.970863 -1.441721 -2.857396 5.624184 -1.711504 4.512692 -4.720613 -3.015375 -5.690719 -4.196195 -5.567891 1.957225 -3.586160 3.236791 -2.544187 -5.472973 -4.982450 0.365847 0.087728 0.884009 -5.473240 0.931907 -3.252738 -0.414560 -4.067562 1.215900 
5468787511987372808.mp3 :-302.105366 85.157537 6.568184 24.606463 -9.650299 1.860494 -1.755726 -0.978747 -4.896234 6.609933 -12.408052 4.486844 -4.264043 -0.286440 -1.545893 1.142835 -3.590321 3.048994 -1.760079 5.957015 2.395336 5.973756 -0.507060 -1.797049 -5.328898 1.917442 -1.016659 4.556952 3.017690 3.852612 -3.071810 -0.305043 -3.380556 0.172913 -2.256104 -0.156971 -3.564647 -0.420185 -3.915502 -0.636011 
5474542516038499252.mp3 :-127.545045 99.394140 -0.820152 22.794128 7.475855 -1.695762 -3.588019 0.383666 -10.044467 1.378568 -4.569581 -1.083113 -2.612919 0.980468 -2.748328 -1.376892 -7.135430 -3.540848 -7.186701 -1.060119 -2.104724 -1.164311 -5.217237 -1.125558 -5.110198 1.485713 -1.744403 3.069134 -2.163579 -1.303404 -5.218735 0.804922 -1.620436 -0.745404 -4.438048 -1.497852 -4.782077 -1.886159 -3.011645 3.856872 
5446910752173387334.mp3 :-415.317874 182.541003 19.712948 -15.645243 1.877339 -3.073586 -10.786708 -9.261116 -7.645603 -8.400624 -5.911600 0.649544 7.054171 8.239363 -0.664213 -12.281668 -13.529399 -7.170707 -2.645453 -2.073075 -5.271236 -8.417649 -5.668599 -0.722891 -2.739445 -8.969645 -8.035368 -1.338945 -1.845180 -8.288439 -7.524148 -2.217736 -1.307520 0.785427 5.040174 1.411125 -4.269043 -1.234469 1.038238 -1.709996 
5480773999367115437.mp3 :-214.564438 105.966706 1.438491 41.489751 -0.474177 9.923422 2.277416 4.099960 -4.480514 0.155386 -3.586388 5.828970 -3.211286 1.692609 -6.651706 -0.495659 -2.306092 0.872468 -9.052122 0.731572 -3.804817 6.109500 1.103092 2.612412 -6.562464 -6.357424 -6.239962 -3.549459 -6.494761 0.060992 0.630844 6.353376 -2.347624 -2.563683 -6.696879 -4.669677 -7.101211 -2.962819 -2.626017 -2.409657 
5442756057359713046.mp3 :-201.931223 93.610207 38.144067 26.623180 12.056186 11.649730 4.496096 6.478074 -2.134830 8.021566 -6.588413 1.314562 -4.992728 -0.741935 -6.770515 0.854644 -1.741346 3.933097 -2.753475 3.106162 0.449757 -0.266643 2.358844 4.109747 1.057132 2.965278 -2.004982 1.375872 -1.379074 1.038059 -7.344536 0.673840 -3.661171 2.688113 -1.903461 1.781403 -2.631391 -0.089815 -3.058546 1.085428 
5437322519486256684.mp3 :-138.252405 136.673255 -7.796474 14.686475 -3.889508 -6.572981 -13.041312 -0.890455 -12.665350 -4.218967 -13.484778 -3.693115 -13.776571 -5.355499 -9.144342 -5.687712 -4.793242 0.162290 -6.687669 -1.359193 -7.315353 -3.666214 -0.165733 1.682328 -2.066174 0.951126 -6.233628 -1.853780 -5.674554 -0.708085 -2.395498 -0.260894 -2.124808 -1.348507 -2.980862 0.689824 -2.323120 -2.683698 -2.435836 -2.352769 
5440626633260487070.mp3 :-157.430366 114.372089 3.974886 28.444136 -4.675611 12.081717 -0.463385 -12.556523 1.132576 -11.411973 -6.426508 -4.180579 -7.773156 -6.527548 -7.314611 0.483313 -4.447842 2.081694 -4.019258 -2.132403 -3.052469 0.714860 -1.053080 1.421215 -4.151010 -1.894884 -5.268455 -4.187363 -5.856237 3.542990 -1.693830 0.676979 -4.757243 -0.416549 -0.651598 0.432386 -3.454686 -1.243184 -4.433653 -1.973725 
5455511526666061032.mp3 :-200.473557 82.563975 7.794729 29.542759 6.427624 6.695280 7.799089 2.811480 -1.029986 5.036765 -8.224249 3.307627 -4.583611 2.580120 -4.947082 -1.024847 -2.587459 6.482038 -0.217129 2.841101 -7.052451 1.916307 1.974481 8.387333 2.730119 4.086019 -5.472689 -1.078151 -2.022203 3.135351 -3.431271 -0.614532 -4.077115 4.444950 1.910326 4.178036 -0.691456 1.066639 -2.676019 -2.712819 
543919161012367787.mp3 :-201.480789 116.362062 31.214938 23.350203 15.071046 2.907717 6.707496 2.045501 -6.670569 9.166606 -10.164168 -1.244559 -5.322663 0.471322 -5.617530 0.999258 -7.535890 2.679284 -6.475964 8.300445 -1.940483 3.022004 -1.642637 1.963130 -2.603976 5.510429 -3.137355 1.034315 1.878459 5.003401 -1.972362 -3.005923 -4.733008 0.375799 0.268905 2.906798 -0.995966 2.617754 -1.173067 -1.436049 
544896025143116708.mp3 :-103.359807 107.306882 -7.336699 30.983659 0.668592 2.862633 0.083818 -4.273394 -11.108783 -5.338311 -11.572259 2.799978 2.081025 3.341213 -3.889137 -1.428690 -6.905298 1.443121 -2.931077 1.004029 -5.310157 1.984788 1.373421 8.039994 4.546882 4.003897 -3.353624 1.693335 -1.571207 1.900776 -12.848208 -10.748458 -4.045366 4.292749 1.902781 0.321263 -6.903332 -9.378458 -3.885784 3.079294 
5478882655190998370.mp3 :-55.515201 72.615144 10.748174 23.807918 3.755965 19.142802 3.317351 14.180874 -1.304750 3.896597 1.419258 7.200410 1.232427 3.222936 -0.431872 5.254411 -3.588559 4.464537 -1.283098 3.604013 -3.195034 3.699250 -3.413367 3.052451 -0.490642 7.154097 -0.239541 5.748445 -0.679999 3.865703 -2.299901 2.266972 -2.048820 2.874661 -0.759987 3.654720 -3.362285 2.339303 -0.448232 3.815193 
5474243325193871695.mp3 :-143.504977 62.107192 3.563517 24.496297 8.276766 13.800730 5.865289 2.198515 -2.564747 9.099818 -6.763831 5.033653 -7.378315 -1.007592 -4.092970 4.508719 2.004291 6.781394 -0.550300 6.440292 4.715241 6.118654 -4.293756 -0.017934 -6.102032 -0.984313 -2.953895 4.155800 -1.661079 -2.679837 -6.343681 2.954440 0.032708 1.696987 -5.811218 -2.065269 -5.482960 -0.681356 -3.436430 2.590149 
5483567689755200235.mp3 :-173.054866 94.895763 10.350778 23.198497 7.457516 5.279170 11.099137 0.349463 -4.464625 10.251478 -11.603533 1.350692 -8.345204 -6.927318 -5.705800 -2.346871 -10.763649 0.541038 -7.274419 1.957048 1.004723 3.984611 -2.002647 1.356851 -8.128356 2.327258 -4.645789 -1.017346 -3.580118 1.648666 -1.036260 1.848173 -5.674011 -3.063860 -5.028182 0.036693 -3.557102 1.123830 -2.336785 0.175868 
544457848823536007.mp3 :-63.122123 79.540673 32.356394 33.326939 12.433216 11.862658 4.954185 13.206266 -8.440377 8.999832 -2.892922 -2.551294 1.672894 0.608755 -2.119152 -0.473177 -3.913850 0.817718 -7.531228 -0.493229 -3.262133 2.211138 -3.691403 2.080491 -6.421615 0.310652 -2.918756 3.387631 -1.791323 5.318823 0.902269 1.790162 -4.406852 -2.499773 -7.318889 -0.787052 -0.723887 2.809832 -2.444222 0.941538 
5470135095502517298.mp3 :-116.265431 103.291865 1.504130 26.580051 -0.739268 -0.188439 0.752401 4.139664 -14.334753 1.270229 3.109712 -1.377250 -1.328455 2.306366 -5.581543 0.650756 -3.294243 3.874579 -1.599115 -0.067028 -3.054675 5.702580 1.004017 6.788156 0.804336 1.932546 -0.223816 2.941932 -2.782937 0.292356 -2.886929 4.602079 -0.028551 3.462463 -2.855359 -0.224969 -3.619183 -0.125030 -5.186999 0.422400 
5471441333420376752.mp3 :-139.015959 145.833400 -11.248673 41.166905 4.071763 4.252287 -2.512593 -0.914876 -10.091393 -2.416566 -7.021078 -6.019035 -2.039694 3.350694 -2.759084 0.142387 -3.111180 1.878830 -3.305638 -0.871559 -4.258942 -2.789808 -5.099933 -2.480380 0.593857 1.263630 -0.394261 0.493892 -2.066292 0.907450 1.576211 2.008121 -4.527288 -1.338177 0.262571 4.160874 0.553151 0.285237 -0.944055 1.639045 
5478997390843220705.mp3 :-98.202897 103.854231 -13.948592 38.700460 -4.381900 20.956411 -3.405231 9.600568 0.290918 0.432846 -1.935406 -2.943682 -3.345345 2.100693 0.692910 2.517177 -0.371600 0.753430 -6.444162 2.766628 0.235002 3.296796 -2.279242 0.183323 -5.941615 1.466937 -1.512590 0.308995 -3.497747 -3.675202 -3.646011 2.816896 -1.675824 -1.469002 -7.265390 -2.633151 -4.129048 0.368931 -2.962179 -0.189368 
5459402646995224204.mp3 :-110.417703 100.027939 15.310642 20.336788 4.993883 -0.126448 -2.667458 4.674343 -8.770310 6.919281 -11.177981 0.753648 -6.231099 -2.594999 -9.220951 0.539716 -8.853041 -0.597950 -7.816664 2.586497 -1.352017 0.157697 -7.038722 -0.394507 -10.377492 -3.761274 -1.620497 3.112911 2.186248 1.903381 -8.555219 2.745501 -1.830833 1.418195 -5.762719 -1.449577 -3.961342 -2.851403 -3.430714 1.733927 
5435274296639744012.mp3 :-182.521915 105.945156 1.885567 8.939971 -10.025745 -6.016050 -7.609089 -4.912986 -15.433391 -0.293174 -16.066007 0.268196 -7.772412 -2.423721 -7.150885 -7.501472 -7.218233 -0.963215 -1.031015 5.772129 1.803763 -1.381901 -3.266158 -0.274613 -0.382029 6.757412 -0.857778 6.332448 1.966751 -5.352649 -6.145794 -4.208805 -3.063863 3.141764 -1.520890 3.198025 -0.512732 3.006885 -1.032423 0.145676 
546581096805867375.mp3 :-58.809692 72.933023 14.243322 21.938347 6.543501 17.002067 4.770724 -2.265711 -2.858657 2.505960 -7.817660 -0.850015 -7.703860 1.712485 -4.564424 3.055407 -1.955642 6.260899 -0.943781 4.380388 -4.630136 1.505884 -3.255068 4.050301 -1.189574 0.983619 -4.406137 3.908854 -0.780461 0.704203 -4.462454 0.249177 -1.297156 2.745817 -1.792764 1.258252 -4.890678 -0.947981 -4.710379 -0.115609 
5430601173465488081.mp3 :-62.172093 100.334980 0.165354 28.826641 10.576233 5.577210 3.784861 4.679892 -6.556293 8.596955 -3.397323 2.583334 -2.495304 0.244124 -5.136631 0.737844 -6.187891 0.853044 -5.401744 -1.053012 -4.537170 0.380835 -5.810238 1.042918 -4.519619 -1.363999 -6.202053 -0.466072 -0.848384 1.492313 -3.659102 -1.243896 -5.630537 2.955082 -3.071093 1.414049 -4.123151 -1.469552 -6.485113 -2.519470 
5481149305150517423.mp3 :-85.430923 87.560782 19.061945 19.784377 12.032687 4.921221 -1.516835 3.795206 -8.575038 5.272367 -1.116766 0.963154 -1.156002 3.846180 -4.235295 1.439515 -5.140053 -0.180851 -2.055333 0.863168 -1.591497 -2.860569 -5.485936 3.706169 -1.037660 2.387285 -2.737893 3.463538 -3.857734 2.891150 -3.717244 -2.698224 -7.843742 -0.772250 -3.626222 3.361070 0.109768 3.270628 -2.868898 1.264440 
549004079224424893.mp3 :-77.570969 93.154895 6.660605 29.252305 12.747273 14.046249 5.743504 10.829294 1.205314 7.599198 -7.039997 3.704855 0.032304 2.782734 -8.433103 1.346987 -4.860179 3.243103 -4.447374 2.772663 -0.366055 1.029439 -8.257887 -0.798609 -5.411524 0.345174 -0.058745 2.894329 -1.691628 -0.960412 2.596371 3.294275 -7.871683 -1.888675 -5.775089 0.440958 -2.155555 2.326310 -3.625540 -3.237547 
5436066712472204038.mp3 :-217.499738 162.303575 20.451790 12.772357 5.915736 2.846652 -0.467009 -6.012087 -9.713137 -8.386252 -13.358926 -9.107896 -11.812565 -5.490679 -2.093656 -5.870254 -5.721155 -1.143702 -3.877967 -4.424954 -6.621753 -6.993697 -9.801864 -8.183469 -6.777694 -4.088510 -3.570770 -1.661793 -2.347138 0.053583 -4.904081 -2.122254 -2.191231 -0.592852 -2.518804 -2.578658 -4.965388 -1.190480 -2.572616 -5.034839 
5462304138123168915.mp3 :-179.730546 120.599657 6.961147 30.620398 4.795825 9.221250 -2.178747 2.033023 -6.227988 -0.168192 -7.919115 -2.550909 -6.748225 0.926292 -5.458166 1.721394 -2.036151 4.807731 -1.591355 -2.457800 -10.276304 -4.213204 -2.562261 3.638134 -2.796981 -0.282111 -7.748826 -5.928338 -5.319448 6.335170 -1.168173 -6.603429 -4.527070 4.200392 3.620217 5.220046 -0.507555 -3.010727 -10.169432 -7.555401 
5486475757036168298.mp3 :-143.925320 99.842395 26.851599 25.518658 12.674697 10.292563 -2.684578 9.131675 -12.179543 4.154920 -3.363313 -6.085327 -1.402724 -1.357152 1.273488 -2.371419 -6.073254 -0.581106 -3.366869 2.135056 -1.646248 -2.629554 -7.605006 -4.095470 -7.105340 -1.831875 -2.354321 4.569115 1.371952 3.060276 -5.169252 -3.422704 -2.677323 2.686995 -0.876076 -0.799462 -4.606213 -2.018129 -3.345210 -0.566567 
5439811908154942617.mp3 :-152.868125 119.891128 19.511326 24.284065 10.147069 -6.249732 -3.322108 3.119624 -12.448582 4.389036 -7.911745 -1.795381 -4.837163 0.581873 -4.351745 0.445565 -1.476040 1.028046 -3.565412 -1.172083 -6.889245 -2.100298 -1.523465 4.681548 -0.064720 1.789591 -3.617105 -0.514598 -3.435293 1.797944 -5.163486 -2.179150 -0.747773 4.458008 1.308832 3.135326 -0.947384 -0.806901 -7.431404 -3.928662 
5437191168194870053.mp3 :-116.493736 80.486574 9.060918 31.937130 0.844607 15.064259 4.712122 5.158547 -2.136771 1.590901 -7.903687 1.300482 -5.406495 1.044845 -2.980916 1.287627 -3.318185 4.084401 -2.120002 1.016451 -4.380048 2.242763 -2.114349 2.033263 -2.151219 1.799916 -2.519816 1.458120 -2.415796 -2.293387 -5.139514 1.955143 -2.623055 0.210833 -3.184728 -0.611874 -3.646871 0.552284 -3.249788 0.122417 
