4980505488085971158.mp3 :-102.251462 112.536702 8.027443 9.168125 -0.016296 -1.308979 -0.121255 -3.071491 -11.999675 -3.072699 -11.749779 -2.714128 -4.652441 -0.099430 -3.247103 1.895142 -4.482214 4.865377 -3.875897 -0.600207 -6.418494 4.578873 -0.090447 0.948789 -4.425629 1.845047 -3.680729 2.997694 -2.220768 -2.704532 -3.462583 4.713766 0.104417 0.429163 -5.594795 -2.231146 -3.484051 -0.437836 -1.082091 2.551669 
5008212362021995263.mp3 :-63.286531 81.622056 0.442130 33.554065 5.954094 10.249067 0.332569 3.458343 -5.399309 6.443589 -8.056271 0.990227 -8.084195 0.277994 -6.431575 -1.042889 -4.870073 1.391236 -5.294481 2.263325 -8.132333 -4.745725 -3.636707 2.468673 -2.161290 3.438087 -6.182352 0.051977 -3.235614 -0.694991 -2.033863 -2.136258 -3.965386 1.449548 -2.423316 1.820735 -1.403646 -0.644739 -5.047506 -2.845380 
4976760012904141583.mp3 :-95.599550 70.583142 27.049389 30.374176 3.937345 13.531433 -4.134761 2.733826 -12.940305 -1.825914 -6.053043 -2.407929 -0.921120 -0.323693 -0.707329 0.236860 -0.793366 1.696821 -4.493196 -2.151902 -5.071826 -2.500348 -3.744773 -1.405451 -2.552913 1.028405 -1.424669 1.943729 -4.631595 1.212843 -0.268754 2.740654 -2.576986 -0.149502 -4.431653 -0.307120 -3.930118 -2.056847 -3.186378 -0.125150 
4964230741836898127.mp3 :-126.704715 108.545725 -13.074983 19.593072 -5.365164 6.353434 0.992182 -1.453911 -7.897415 3.864026 -9.394016 4.929428 -6.776808 3.214278 -6.872597 1.344138 -5.563786 1.768381 -6.934413 -1.980607 -7.480145 0.960328 0.181630 1.312977 -7.359092 0.119571 -8.807350 -1.090131 -2.653390 -5.461001 -11.498377 2.438773 2.252014 3.365957 -2.896626 -1.039317 -8.466460 -4.139338 -4.610154 -0.650784 
5030631536727735930.mp3 :-145.242739 119.694295 1.688928 18.564458 5.322264 4.922684 -6.737444 0.375485 -10.204949 -7.294964 -10.093928 -2.997412 -12.621469 -1.675133 0.400080 0.034745 -2.874221 1.049115 1.355225 2.497265 -5.807327 0.601796 -8.282114 -0.976427 -9.161821 -0.624033 -3.745696 1.187363 0.977778 1.949142 -5.986851 -1.458852 -2.369100 2.467634 -0.496161 0.633275 -3.844723 -1.896358 -4.346933 0.246507 
4964036611865554928.mp3 :-37.736761 67.371864 -0.385310 21.310783 -9.723370 3.067522 1.184916 4.243681 0.906021 9.145665 2.732819 9.154589 -3.082931 1.682288 -3.413462 1.010979 -5.068503 1.824353 -4.917237 0.881193 -3.548374 3.539059 -2.997143 3.911636 -3.340611 -0.984612 -4.788651 1.281312 -1.954188 3.157048 -0.860027 2.597214 -3.587427 1.322977 -1.112875 0.401240 -2.216595 -0.028633 -3.958073 -1.172342 
4970885897398915820.mp3 :-250.216659 172.589159 -18.807679 0.967182 12.518953 -12.707261 -15.667542 -12.308079 -10.815958 -10.847230 -10.945403 -8.637516 -5.380925 -4.695145 -7.706992 -9.130687 -6.933018 -5.580252 -6.723589 -6.472293 -2.441232 2.386085 2.562699 -0.414824 0.370372 1.850655 -1.274163 -3.312658 -1.842302 0.057767 3.180440 4.392896 0.588772 -2.632472 -4.445834 -3.531902 2.144476 1.744071 -3.668053 -0.601808 
5008394552608184142.mp3 :-94.980066 102.266740 15.540520 26.314099 4.345836 -4.083081 1.589107 4.728390 -11.832128 3.928173 -5.538012 3.671075 1.603958 -2.669993 -1.728635 4.353509 -10.781370 2.517955 -5.189755 0.145352 -4.772785 -0.699476 -2.891910 -0.499102 -0.729254 -0.623387 -1.428579 2.055741 -0.037972 2.611818 -3.163692 -4.115069 -7.936455 -0.241611 -0.349203 2.496565 -0.456942 3.096811 -3.134398 1.151541 
5035834082471416810.mp3 :-97.907884 86.630455 13.736654 13.215240 9.770773 6.375392 -4.376006 3.421808 -12.171535 3.526965 -8.705443 0.513762 -4.477709 -0.532230 -2.469091 1.050987 -0.545574 4.640525 -2.978803 -2.051971 -7.362525 -3.360755 -5.696415 -1.571064 -9.653302 -6.711114 -6.145934 0.716624 -3.089516 -0.200127 -7.446124 -1.206610 0.972374 2.991343 -2.397904 0.443660 -4.369209 -1.755261 -3.907771 1.187677 
499492877268191236.mp3 :-133.163646 96.190506 2.800877 9.614734 2.167878 7.126910 2.836498 -2.001014 -10.582646 8.516193 -9.673065 1.035126 -5.301793 2.036539 -6.932494 1.988122 -4.861961 5.396389 -2.978300 0.531558 -3.924736 -2.774880 -5.541890 -2.347335 -4.863907 3.100452 -1.369621 3.171434 1.113097 3.593057 -1.744573 -1.798174 -2.755499 3.962865 2.007556 4.603375 -0.484609 0.837860 -3.266769 0.661602 
4972842680676514871.mp3 :-123.316187 83.027695 10.035955 26.526316 0.878716 5.855126 -1.392619 -1.229939 -16.532538 13.225935 -11.520343 4.262226 -3.024592 -3.209231 1.535900 0.050005 -10.383752 0.928124 -7.734207 0.615932 -1.829147 -1.418239 -3.641247 2.370261 -10.358124 0.799207 -4.798514 -0.008528 -2.191624 2.770270 -1.254291 7.463554 0.272386 0.299960 -7.723435 -2.700527 -7.484435 1.034070 -1.699233 4.237962 
4976715892004749122.mp3 :-105.340136 98.347705 9.960874 28.279765 -5.073989 4.854473 -6.157853 7.230077 -6.853504 -2.642935 -1.004892 -2.657594 -3.974954 3.075607 -7.682760 -0.111214 -7.264525 -2.614969 -7.423013 -0.526546 -4.360118 -2.783271 -3.258645 -1.178448 -5.352217 2.368153 -3.454160 3.653180 -1.469460 -0.164652 -7.406501 -1.291623 -2.376951 1.684784 -0.552448 3.290783 -1.699405 2.132344 -3.187988 -2.040289 
4989233152752047402.mp3 :-64.618487 90.334782 -3.699472 28.363476 8.173608 1.184373 8.927264 9.418339 -12.378405 11.166791 -4.819023 1.099581 1.234328 0.307472 -7.133014 2.236893 -6.995560 5.272371 -0.771710 3.223445 -3.468697 2.520991 -3.482411 2.061331 -0.735544 4.012985 -3.292174 3.574059 -2.037425 -2.080865 -5.686645 -1.700636 -3.108972 4.293489 -0.748276 3.127223 -1.295039 2.914407 -1.610201 3.047131 
4996569591074706832.mp3 :-13.339438 79.823174 7.142682 17.448561 5.878749 10.568858 -1.924938 7.784576 -2.013629 5.765206 -1.483485 2.069699 -2.416389 1.579461 -3.449516 3.216135 -2.631380 3.968034 -2.815238 0.726654 -3.832352 -0.438244 -4.601368 3.033581 -3.403164 0.480701 -2.456336 1.164309 -3.406657 2.672902 -2.747233 -0.989784 -3.410575 3.736201 -0.556131 3.383466 -0.857414 1.302275 -5.242325 -1.563752 
4997589377126059033.mp3 :-233.253229 98.977442 17.769280 19.998773 4.778853 2.196196 3.192721 -3.324306 -13.583575 6.780085 -9.424931 3.673842 -1.542102 -2.797584 -3.427965 1.190646 -1.655914 3.082855 -9.623919 0.924403 0.019242 4.059590 0.307358 -0.955971 -8.009348 -1.131770 -4.449056 3.313905 -0.756375 -3.237807 3.870293 9.852892 -0.242121 -1.444129 -8.915627 -3.274181 -5.465406 0.065676 -2.779144 1.317322 
4985478204543107050.mp3 :-210.802579 55.841088 -24.409326 23.085147 -9.307234 4.474171 -5.771172 1.365732 -7.456357 3.938667 -6.854265 0.660669 -12.306048 0.946514 -6.268688 2.927223 -2.327604 1.746581 -6.684844 -6.933196 -11.339299 5.820769 2.823360 5.194185 -5.153117 -0.047239 -6.849097 -0.331897 -1.731866 5.733983 1.266751 3.523137 2.098354 7.019775 1.588144 2.121296 -5.318695 -2.938036 -5.939285 -0.522288 
4952771684065403951.mp3 :-100.831993 94.993565 19.342662 23.385475 1.442984 0.938455 1.742117 7.937766 -15.667994 5.537790 -4.999475 -4.628124 -0.714906 -2.557771 -3.509037 -0.744296 -4.950247 1.164607 -6.597647 -1.360607 -6.081915 0.378606 -6.397629 0.530149 -6.204220 -3.190960 -5.208752 -1.736647 -7.639784 3.107591 -0.199734 2.031281 -4.648508 -0.173979 -4.287734 -0.436335 -3.462162 1.192302 -3.608668 -0.964300 
4993952559262173910.mp3 :-55.644940 81.703192 0.062791 35.383097 9.888620 10.598765 3.411984 8.070732 -1.266971 9.870127 -4.750221 0.337809 -5.183018 3.048988 -4.884678 0.632641 -4.552992 2.502134 -6.366250 0.273118 -4.915070 0.177307 -1.870285 3.745439 -3.081820 2.314112 -3.037208 1.122485 -1.931242 1.049640 -3.195709 1.392327 -2.217671 3.175234 -1.006397 3.167646 -1.847549 0.310448 -4.972731 -0.270129 
5031224530654113041.mp3 :-161.990046 125.342070 20.824518 18.240348 15.335763 10.358517 5.242765 6.188493 -5.610346 7.630957 -6.138682 -0.109333 -4.270655 0.353691 -4.944607 3.262100 -4.832986 2.702124 -4.631868 4.974227 -5.448881 0.151029 -4.114227 0.490880 -2.879819 2.750220 -1.905317 2.628011 -1.004802 -0.021879 -3.485953 0.944524 -1.473898 -0.245626 -2.403910 -0.509245 -2.696847 0.468255 -4.233018 0.873249 
5007277035175666122.mp3 :-140.923600 121.795850 10.820481 26.298823 5.509389 -1.770427 2.691373 1.737476 -11.487108 -0.968097 -4.460958 -3.855096 -3.294735 -1.333017 -3.872985 -0.057371 -5.166326 -0.843478 -5.483997 -2.520316 -2.265581 3.602119 -4.084811 0.161798 -4.173984 -0.535354 -0.399858 4.787032 -0.181713 -0.751109 -2.619380 2.525678 0.622167 -0.331752 -4.253862 -3.863546 -6.086268 -2.272355 -3.880010 1.403698 
4970141871729871453.mp3 :-81.411560 95.235157 8.056672 16.616166 -1.317489 4.361390 -9.634705 5.884040 -7.787947 3.887511 -8.294797 -4.527167 -10.768400 -2.389675 -5.543240 -0.968062 -3.277658 -2.268711 -4.024662 -1.114193 -6.174917 -2.554896 -6.418592 -2.650597 -9.883874 1.385776 -3.850074 0.375520 1.203686 2.752637 -4.369171 -1.464760 -3.410109 0.860760 -3.378972 -1.296683 -5.071975 0.404768 -1.946865 -0.391660 
5030093354077813573.mp3 :-216.575077 111.900799 9.821344 21.212649 9.104278 5.909715 -0.451845 -2.170904 -4.342044 -1.692553 -10.087435 -7.180826 -9.061008 0.088215 -4.399327 0.448346 -3.144977 -0.515883 -2.168963 0.543237 -4.152381 -2.874705 -7.878816 -2.570574 -6.619001 -0.865714 -1.621751 2.308691 1.041250 0.529127 -3.537688 -0.820705 -0.905512 1.250332 -1.990300 -1.607516 -3.450320 1.126640 -0.808099 -3.406046 
498070020901109702.mp3 :-144.908480 66.643079 3.336525 22.174227 3.055748 12.795125 5.056055 10.887199 -4.326166 10.963429 -1.057353 4.029539 -1.456358 0.425880 -4.486020 1.252917 -4.887574 2.684331 -1.095054 1.288604 -4.723567 2.490241 -0.406078 5.237293 -1.733406 0.511044 -7.362484 -1.328817 -6.083378 2.406960 0.447307 3.198482 -4.715948 0.587947 -2.154008 2.326848 -1.967223 0.951056 -3.415989 2.772010 
5038847211279972227.mp3 :-242.975444 75.227038 14.086902 37.627604 2.148613 11.444256 2.600149 3.652447 -6.889716 9.575180 -10.676141 -1.010193 -9.225686 0.202639 -2.899913 3.561588 -0.128101 4.705331 -6.322768 7.072815 -3.681512 6.506158 -0.206158 -2.488199 -5.870413 -3.041299 -7.094890 -1.248968 -6.861779 0.881454 3.902794 1.674162 -2.557024 -2.671003 -4.897151 0.345545 -4.633651 0.240976 -3.305769 -1.569396 
4997220411986212924.mp3 :-135.924277 110.203894 22.276581 25.938200 8.052548 10.430933 5.461307 8.998517 -6.803877 7.719908 -5.133445 -0.713606 1.992130 1.082571 -3.002381 1.842708 -3.092908 2.136906 -2.606124 0.097909 -3.303856 0.725671 -5.150978 -0.064212 -5.294106 -2.401269 -5.809503 3.496006 -3.484222 0.613484 -3.929064 0.866009 1.855729 2.031690 -3.193728 0.301111 -3.523860 -0.907060 -3.245516 -2.436045 
4961733637380490340.mp3 :-149.879804 116.389998 19.081161 22.522241 -1.508679 4.725044 -3.690550 -0.324364 -7.782913 -2.592898 -5.274437 -2.094144 -3.001093 -2.106302 -3.960564 -1.016114 -7.052078 2.921080 -3.238277 -0.709290 -4.040904 4.389220 -0.420371 3.335174 -1.261937 2.160827 -4.065433 -0.608361 -6.610457 0.065787 0.081177 7.056435 0.247123 0.034130 -2.694518 0.243380 -4.691581 0.646045 -2.872783 0.124629 
4960931619710856054.mp3 :-164.433228 107.742792 9.188095 36.580737 6.370573 9.839132 -2.112993 8.894087 -11.002053 2.728495 -4.660263 -4.627554 -0.592658 -2.637032 -7.240948 0.089490 -7.713811 -1.447146 -2.371024 -1.813105 0.351257 1.553814 -3.604318 -0.126509 -6.760561 -3.256772 -8.517990 -1.802507 -2.093937 2.923496 1.105510 -1.751918 -3.705034 1.750228 -1.599702 0.827913 -2.281287 0.364353 -2.786263 -0.276374 
4965688047648096003.mp3 :-72.550380 61.982545 16.040548 38.506888 4.020888 11.670766 2.774064 9.545876 -2.979353 5.457702 -3.132391 4.254643 -2.112575 5.375589 -2.358253 5.562039 -1.164724 0.913473 -0.125081 6.762045 -1.930056 -2.639096 -4.752018 0.703634 -2.599285 2.709961 -0.910422 3.139829 -2.736391 -2.739500 -3.215906 2.352846 -4.878506 -1.527970 -5.464350 -1.922722 -2.506817 1.779996 0.396438 4.469825 
5033124263847980063.mp3 :-127.177731 86.660089 27.012306 34.846157 9.569552 10.156605 -2.358812 13.799091 -15.785212 6.991840 -8.598259 -4.265048 2.097748 -1.160171 -3.544651 -1.201063 -4.355606 1.970370 -7.212563 -1.099959 -5.816106 -2.927373 -4.706900 2.328803 -2.724869 0.267263 -5.292763 0.213081 -3.832818 4.558806 -5.632582 -1.867108 -5.015379 3.405260 -0.844521 3.731586 -1.576699 -0.937234 -5.996626 -4.579050 
4960127009737386414.mp3 :-106.753868 121.666244 3.987313 26.782542 1.471700 4.847607 7.537009 3.517670 -13.404467 10.375201 -9.827870 -3.408289 5.991201 -4.731356 -6.054566 5.255530 -10.909456 3.676919 -2.628509 -3.918603 -3.856852 -2.756460 -7.099201 -1.300288 -3.948232 1.474894 -2.788150 0.624760 -7.163288 -3.529661 -2.305758 -1.779385 -4.239077 -2.949162 -6.684255 -1.656272 -5.488927 1.427174 -2.765209 -0.475792 
5004934042126859459.mp3 :-136.950362 88.729445 22.340070 24.791156 19.529329 6.083736 2.716127 7.977614 -6.328317 4.095658 -4.636904 0.593827 -0.215355 -5.495141 -7.924979 0.956306 -7.201580 -0.394533 -8.143462 -3.180155 -6.606107 1.066248 -5.911898 2.017468 -0.186182 -3.270546 -6.575233 -4.275893 -7.218353 1.974185 -0.450398 0.929795 -5.175143 -1.223861 -2.151607 0.611310 -2.229821 -1.368913 -6.104237 -0.775542 
498431760925004809.mp3 :-194.409851 111.902278 24.211062 24.445463 -4.465710 -0.419576 5.701695 4.412939 -7.557941 -0.443114 -14.025132 2.506896 -3.819066 2.323281 -6.468189 -3.959559 -7.600391 -0.111797 -2.170280 2.863288 -0.979718 -2.776278 -6.465198 0.638063 -1.187119 4.044734 -0.350765 3.021919 -2.178864 -2.018993 -6.499855 -1.693069 -4.416805 0.188685 -1.632608 0.315290 -2.147009 1.817177 -0.580236 -1.041913 
5007256389935019320.mp3 :-66.560763 105.401437 16.175715 5.238060 -2.864045 -2.283354 -6.222834 2.622787 -13.539554 -1.935564 -13.890839 -1.213151 -2.326334 5.162473 -4.131955 -1.412172 -4.050837 1.859912 -10.772741 -3.381635 -4.044386 -0.225600 -11.806997 -2.149104 -3.058339 -4.229126 -4.328183 4.642236 -4.622456 -0.698181 -1.960090 0.071034 -0.508550 2.212933 -5.092912 2.816684 -4.401552 -1.914217 0.955602 1.320919 
4998985615076853773.mp3 :-86.959325 104.548084 -12.838852 46.820817 -7.448127 13.696331 -1.862276 4.542429 -1.653744 1.470470 -1.515606 -0.186541 -3.513977 1.680223 -1.117415 0.933620 -2.698122 1.321962 -1.925795 3.744158 -6.210776 -3.314631 -7.873677 2.244688 -1.317186 1.126376 -2.195340 0.292017 -2.590628 -1.131180 -3.925507 1.505762 -4.065564 -1.782401 -4.647653 1.130804 -3.070298 2.062704 1.728701 2.985926 
4955359973649548690.mp3 :-129.364577 90.690865 19.350265 21.121390 9.308945 7.815479 -9.296632 5.058499 -6.547732 2.479641 -4.117510 1.179308 -2.317839 3.806345 -2.012901 3.582833 -1.091623 -0.402026 -5.859387 -2.510658 -6.501375 0.743820 -0.962407 0.453466 -5.342658 -2.068267 -4.961935 -2.399155 -8.574078 -0.603920 4.028481 4.905356 -2.607473 -2.180501 -6.007144 -1.087663 -5.244184 0.159236 -2.550666 -0.072702 
5010516354390916087.mp3 :-131.211492 114.276187 -7.129985 17.547864 -0.430040 4.732109 -5.566830 5.529603 -13.763482 -3.353352 -5.359877 -2.587890 -0.334183 -2.351100 -6.415020 -1.887543 -8.935826 -3.425462 -9.982290 -7.057146 -10.303562 1.485804 -1.834385 3.157751 -3.541871 -0.804186 -8.539999 -4.666197 -5.103296 1.609330 -1.151234 -1.179153 -5.075616 1.161475 -1.551938 1.894544 -3.142158 0.290224 -2.579573 -2.023303 
4993005188526185346.mp3 :-112.615113 80.799024 11.772557 22.866470 5.715376 3.047541 -0.810048 1.584223 -7.556337 7.134063 -3.936380 2.038623 -1.887940 2.850168 -7.103282 4.075394 -7.860934 -0.348280 -2.367356 2.624249 -0.530031 1.712569 -3.064733 2.216584 -1.352425 1.466954 -0.978800 4.874236 -2.071264 -0.714364 -5.686868 0.370488 -0.510721 2.987757 -2.416888 1.679647 -2.807933 1.863193 -0.935690 3.412711 
4961370016395538976.mp3 :-157.682445 91.418857 6.575673 31.225715 2.497249 -2.104584 -3.083889 -6.376104 -8.561996 0.063993 -8.462714 -0.226479 -6.888889 -1.404301 -10.299911 -1.473298 -6.076008 -0.147624 -4.279932 0.753257 -6.405275 -1.801754 -4.981834 1.824068 -1.756762 1.789076 -6.090753 0.174837 0.397252 1.857944 -2.559186 -2.424027 -1.617257 4.557579 -1.090128 4.119176 -2.347601 -4.001032 -4.776371 1.524120 
5023268860356859516.mp3 :-114.658397 90.606358 1.220071 20.090858 1.842135 3.515863 -3.668286 1.157111 -8.047670 4.928762 -9.230019 -3.169214 -4.996931 -0.350805 -5.297535 -0.668964 -5.668482 -4.240997 -6.071064 -0.754811 -2.942633 3.414549 -3.288363 1.040436 -5.090454 0.275353 1.252871 2.057067 1.008192 -2.031688 -0.511386 5.884317 -0.049693 2.797592 -8.760254 -3.061018 -8.669571 -3.002821 -3.103345 3.471636 
4984499270411765507.mp3 :-113.785585 103.907486 -0.400210 32.818363 3.787557 -4.897676 -1.356660 4.565843 -10.594884 3.879529 -3.651505 -1.034412 -6.362947 0.574064 -3.458466 0.626017 -6.186685 -2.262434 -4.604262 -1.970223 -7.763110 -2.273957 -5.491413 -4.001188 -4.881032 -1.317869 -3.911288 -0.367702 -5.840019 -1.290483 -1.345157 2.489140 -3.679332 1.451686 -1.011406 3.589745 0.889618 4.108219 0.766767 2.790547 
4984467091799519752.mp3 :-119.063967 79.095145 24.318701 20.028807 3.999204 5.239697 -3.006850 -0.110497 -12.652854 0.781076 -10.896287 -5.203311 -4.375869 0.218457 -5.143225 -1.891445 -6.953407 -0.126876 -5.164916 -0.490721 -4.201461 -3.457852 -6.837326 0.221226 -3.527667 2.126062 -1.926185 2.810694 -4.725027 2.331599 -0.624080 2.646602 -1.349906 0.576394 -4.855690 0.399173 -2.007161 1.727392 -0.525344 1.168739 
5013724429110438640.mp3 :-131.338556 113.830909 11.093163 22.201013 8.026039 1.046072 0.548080 -0.025888 -9.697486 8.299827 -0.647989 2.585546 -1.474317 -1.869461 -1.104904 3.969475 -6.908247 3.824254 -1.392966 0.656156 -2.948734 2.338666 -2.748858 1.872182 -6.478877 1.526957 -2.247517 -1.342610 -1.669544 -2.196844 0.883033 5.752597 -3.277217 -1.442692 -4.216557 0.357635 -3.596132 1.288860 0.306920 3.596217 
4999680416258432495.mp3 :-99.860219 94.462933 11.636992 18.462605 7.176266 10.226140 9.079420 -8.081410 -5.350222 3.316201 -9.042970 5.509588 -2.091159 0.885847 -1.203033 1.220422 -1.987140 0.301572 -7.443599 0.272144 -1.945599 4.517115 -3.111063 -1.221919 -8.064500 -0.455302 -3.567234 2.902602 -4.621184 -4.698624 -5.977828 3.021487 -2.664886 -1.933975 -10.002077 -5.426900 -8.980828 -3.673814 -4.756406 2.197632 
4957436333696078711.mp3 :-80.890055 71.730877 9.333534 22.317928 5.836111 10.014380 0.227846 3.173689 -3.246148 9.615259 -1.849235 4.529737 -1.799651 2.585998 -1.923577 -0.546474 -1.302653 -0.837107 -0.941275 3.534547 -0.859174 2.962534 -5.983218 1.274969 -2.408321 2.550617 -2.417611 2.163647 -1.686632 3.898764 0.371493 0.369238 -5.521780 -1.130941 -3.734866 1.199117 -0.919870 0.142302 -3.470662 1.242763 
4992217652574120433.mp3 :-117.430362 108.630726 13.994203 14.735277 2.565050 6.598635 -9.675702 0.001588 -12.318284 3.977000 -6.917869 6.677483 -5.858530 3.358605 0.057420 4.128710 -0.539108 7.990298 -2.287875 3.895025 -6.511118 -1.953866 -7.995975 6.116345 -4.215028 2.861733 -2.073133 4.038343 4.715644 8.381289 -2.161671 -0.438477 -0.611486 5.951585 4.402635 7.299353 0.338142 1.015847 -4.282373 2.264676 
4988702784059383099.mp3 :-94.946814 81.523528 2.319491 36.184436 4.668341 4.336245 9.277781 13.431623 -13.845919 5.380172 5.301394 2.221487 2.893463 10.811555 -2.637470 0.280033 -1.067420 1.234533 -3.373723 2.450471 -6.319266 -3.437212 -3.271536 2.774914 -1.709144 2.582163 -3.828791 3.145232 -2.006294 -2.867341 -9.982613 -1.706889 -0.442536 5.421943 -1.080181 0.872021 -1.125848 1.037724 -7.135064 -2.809488 
5015839933930960771.mp3 :-161.646067 92.794440 21.499383 32.051237 3.321184 7.032633 1.475926 7.611590 -2.536866 7.858480 -6.331618 0.610366 -3.158479 -0.938965 -5.818209 -2.959311 -6.669053 0.668994 -2.694804 1.706099 0.257279 1.569387 -3.903977 0.585112 -5.036550 3.759163 -3.012362 4.317865 0.405842 3.188879 -2.477439 0.528367 -4.489667 -0.184191 -3.627223 0.657559 -2.453967 1.903829 -0.830791 -1.038956 
4979640850460764360.mp3 :-226.099157 110.085559 -6.343235 23.805432 -2.624565 3.348670 -1.004977 -1.263896 -8.745810 -2.476946 -13.085112 0.368623 -4.050072 -3.960574 -0.629425 3.162635 0.519483 3.447767 -3.154003 6.853483 -4.403550 -0.540180 -4.122061 -4.705071 -3.459630 0.590521 -3.902194 0.111169 1.602965 2.989957 -3.387163 -1.555847 -2.996320 0.549000 -0.821894 -0.485945 -2.731698 0.762416 -1.634614 -2.962130 
500988838958103313.mp3 :-122.190862 114.407522 3.764431 8.935318 17.697735 0.524065 10.990952 3.652034 -1.006808 6.254253 -3.261851 4.733344 -4.175508 2.157016 0.836692 3.287060 -0.078333 0.903600 -0.425448 2.712388 -4.558578 -0.975790 -6.153643 0.484267 -4.593765 -1.277155 -1.187562 1.984887 1.022340 -0.668945 -4.019834 -0.776344 -1.968962 1.908271 -3.446846 -0.359178 -3.881745 -0.256525 -3.196935 -1.674486 
5030076182920694581.mp3 :-165.350147 92.746138 3.932194 21.882225 -0.370519 5.894053 9.892795 1.543948 -4.622959 4.267420 -13.680842 1.209711 -0.113273 1.902754 -0.775123 2.671351 -6.397703 1.359601 -1.021198 1.544189 -7.287659 -4.944062 -3.698284 3.934446 2.986914 5.274859 -1.643106 2.324754 2.226741 6.502565 -8.399850 -7.571554 -3.851181 5.863677 4.168567 5.116061 1.649536 -2.526993 -7.644648 1.898975 
