4478952466986975911.mp3 :-66.909348 107.702003 0.031705 24.968111 -1.114418 13.283200 -7.503918 6.555492 -4.751095 0.245345 -3.306040 -5.456832 -0.851415 -0.251970 -5.704858 0.685541 -5.181172 -0.075029 -1.932849 2.720427 -4.411028 -1.110309 -4.444338 -0.146149 -2.969457 4.809453 -0.067975 5.311356 -3.837976 0.866813 -0.358538 2.847014 -5.305493 -1.020653 -3.403637 1.315199 -2.240727 4.368085 0.166435 1.597884 
4421223785449343949.mp3 :-28.199679 61.540789 4.675582 20.245526 -2.624853 17.286420 -1.069248 2.929939 0.506930 3.918317 -8.752351 -2.398353 -5.331990 5.905068 -0.185847 6.531876 0.780060 5.166428 -2.667492 3.944014 1.531046 3.849908 -4.268025 1.339805 -3.135030 2.899852 -0.769777 4.116652 -4.862330 0.685819 1.295569 4.526374 -5.423345 -2.902173 -5.227254 -0.905938 -4.596510 2.943028 1.538635 3.418871 
4429448270642965558.mp3 :-140.036043 55.363292 19.665708 31.398814 1.355791 -0.782885 -0.093752 6.649235 -10.478544 1.605549 -2.984418 4.534791 -5.935126 0.627063 0.487560 3.599910 3.104294 5.410815 -7.714763 -4.054704 -3.595112 4.372963 3.120630 3.857683 -5.954381 -3.157321 -8.425111 -0.945744 -10.645124 1.279987 6.953611 6.716968 -4.159454 -0.109395 -2.257291 -0.813429 -5.280064 2.777383 -5.575341 -7.632324 
447457014165699714.mp3 :-117.544615 73.701285 -2.752040 36.098101 13.755261 4.683893 15.795425 1.775378 -1.842224 19.730000 1.258119 9.999090 4.206916 2.087809 -9.619714 2.928952 1.374803 0.938422 -12.790588 0.886845 5.504659 6.704626 -4.947628 -3.762660 -5.335910 0.045087 -8.649143 4.693724 -0.113864 -2.974617 -1.063254 9.655279 -2.105509 -1.103942 -6.473980 -4.375777 -6.566110 0.092199 -1.671752 3.268999 
4463056647086598674.mp3 :-147.040614 90.252952 22.487474 29.628130 1.121872 3.693359 0.162691 3.677332 -11.378307 3.522358 -7.327801 1.145707 -1.807401 0.183376 -2.527909 -1.431061 -7.489733 -1.669883 -5.841271 1.731140 -5.984962 -3.933961 -9.461817 1.818737 -6.604073 0.929397 -1.991721 -0.890560 -6.525064 0.050787 -1.919224 1.214363 -4.459188 1.562880 -2.848227 2.848556 -0.589945 3.062666 -0.611088 -0.974527 
4470076274209874272.mp3 :-106.829764 92.948900 5.467385 14.892119 -6.338090 2.658038 -4.722573 4.026895 -17.390179 2.766761 -8.292358 -8.361614 -5.269253 -6.047463 -3.127254 -3.595293 -5.027753 -4.822743 -9.793068 -4.549083 -7.149161 -0.198066 -4.044043 -1.455012 -8.237068 -2.233665 -7.559227 1.229840 0.522724 9.894935 3.274909 3.728275 -2.348653 1.380493 -2.292554 0.728229 -2.102362 0.781740 -1.771207 -0.910482 
4417586741138659747.mp3 :-132.233955 105.024279 10.866078 15.553800 9.043314 3.171635 2.222391 5.908236 -5.425864 4.968014 -4.376067 -2.708823 -6.434644 -0.269219 -4.833534 -0.663521 -4.322360 1.189955 -2.664108 2.888325 -6.198873 -1.797146 -3.462158 5.659550 -3.598092 5.452295 -4.125874 0.115059 -4.968111 2.066504 -3.252497 0.883463 -1.447040 4.338440 1.449533 4.770027 -0.000216 1.522019 -2.311148 -1.580878 
4486857285123961957.mp3 :-124.048736 86.448830 15.624676 35.408717 10.689823 6.561118 1.686664 4.604185 -3.273046 2.486822 -5.078589 3.410297 -6.058379 0.854952 -6.786051 2.857970 -7.926759 0.758286 -9.190732 -1.553819 -4.188011 -3.966093 -7.057308 -0.961373 -5.610048 0.617627 -1.087995 3.753728 -4.224403 2.295815 -2.126300 2.193076 -2.737092 -1.282985 -4.142138 -0.273858 -1.204872 4.040440 2.025236 2.289686 
443749204000247575.mp3 :-107.222016 102.938638 14.368917 11.300192 6.643860 11.172363 10.130329 3.431157 -1.516039 8.409716 -4.319282 7.395383 -0.887910 5.575002 -1.163291 1.895099 -3.195772 1.642789 -3.807561 3.408646 2.859758 3.757824 -1.218282 1.918342 -4.416345 2.352905 -3.293025 0.934249 -3.918269 -1.775853 -2.777076 2.334916 -4.388904 -1.581758 -6.872177 -3.221538 -5.434331 0.623344 -3.126331 -1.192866 
4457271172326337272.mp3 :-156.121527 108.799759 18.614489 27.258483 -0.691372 3.128379 -2.539211 -3.377901 -5.191231 -2.803939 -4.442158 -0.350729 -5.737118 0.644316 -6.420409 -2.570563 -5.312398 1.803216 -5.059036 2.906887 -0.861991 4.084875 -1.481949 3.254385 -1.308337 4.228800 -2.389612 2.701852 -3.588868 -1.643924 -2.180172 3.003649 -1.098193 -0.221793 -4.490134 -0.646841 -2.648180 0.232616 -2.213925 -0.006807 
4448115578772460499.mp3 :-117.287607 81.182252 -1.389515 25.416566 0.046455 12.451044 2.623592 5.616712 -2.812916 3.643223 -6.300244 3.455270 -7.727886 0.124861 -5.660944 0.717559 -5.121968 2.382034 -2.016012 0.705970 -6.754228 1.755191 -1.663773 1.899646 -3.105393 0.044668 -3.930342 1.638708 -2.032832 0.385740 -3.926417 1.389367 -0.858709 3.703266 -3.503628 0.236044 -3.997132 0.662931 -3.549035 0.786605 
4433736382038647297.mp3 :-130.938362 102.413962 7.791522 32.554074 6.648333 3.428655 -3.501135 6.867167 -15.951421 -1.458724 -8.108039 -5.554383 -6.450306 2.848688 -6.527764 0.830131 -7.194412 -3.424215 -2.131105 -6.870775 -3.951668 -0.305809 -7.355206 -2.419532 -2.017015 3.186714 -3.467360 4.932993 -4.912407 0.943873 0.549374 5.137665 -0.164990 1.297219 -4.445737 -1.294862 -3.166337 -1.171516 -2.937746 1.819549 
4470054007213155521.mp3 :-124.756980 72.646334 26.794730 11.010452 7.687057 10.186386 -1.524407 8.421850 -1.966553 3.984559 -4.067514 5.190385 -4.384747 1.914048 -0.705438 3.878692 -2.591331 4.494552 -1.594142 -0.617932 -10.134795 -1.673897 2.011861 7.990173 1.144372 2.737450 -5.211909 -1.655192 -7.183475 -0.549679 0.436583 4.838167 -1.305860 1.333778 -2.417542 0.715288 -3.821766 -3.508604 -5.915464 2.981794 
4471389983428349214.mp3 :-0.599683 58.459891 8.445450 17.353181 5.602563 10.557122 0.453828 8.843101 -2.677005 5.084298 -3.245913 -1.703421 -8.760232 -1.300957 -2.392823 1.526860 -4.023553 2.850725 -1.555325 1.426043 -3.873360 -0.406562 -7.022601 -0.149293 -4.874209 2.531224 -2.426478 -1.202943 -3.783967 1.552185 -1.996568 2.590537 -2.935031 1.255473 -1.964708 3.010725 -0.376106 4.333444 0.111618 0.989991 
4486618910694878032.mp3 :-132.598937 110.049006 -6.399084 28.418202 6.333211 2.082088 -0.128681 10.968174 -15.347811 1.618092 -0.539879 -0.190356 2.193892 -1.041254 -4.589344 1.910175 -7.535926 -0.078520 -3.623619 -1.181171 -2.156677 0.281079 -5.157324 4.853489 -0.392439 2.834702 -1.110316 -0.841396 -10.645504 -3.928268 -3.504434 1.798214 1.999836 4.698549 -0.171076 2.446854 -1.259436 -0.490745 -6.604336 -0.584556 
4440133639493529236.mp3 :-151.856082 82.714373 14.724902 43.259803 5.917049 3.919696 -2.682057 0.193522 -7.036823 0.054690 -8.363705 -2.908577 -6.724909 -4.244250 -10.050281 -1.390651 -2.975074 0.167671 -6.033323 -1.620675 -7.538085 8.780806 5.742799 2.099240 -2.332672 1.040071 -8.100035 0.373285 -8.356635 -1.745077 4.669708 6.444956 -3.779119 -0.377930 -5.678036 -2.761607 -4.195862 -1.992036 -5.624333 -6.079552 
4467996020901168400.mp3 :-318.695177 86.544565 3.257364 20.793833 8.090870 4.654518 4.479320 3.346933 -6.261399 1.470166 -1.739024 0.983652 -4.703025 -0.869477 -3.767582 0.920395 -1.794820 0.171657 -5.569551 4.049397 -0.142645 0.412534 -2.926576 -0.252838 -4.658339 1.718972 -4.439976 1.511125 2.715749 5.609767 -4.182178 0.165053 -0.066500 1.306612 -1.508551 2.182591 -0.933540 0.024028 -1.559529 1.602981 
4494225777396612985.mp3 :-85.526721 70.165372 7.150668 34.223743 4.018477 6.879117 1.372199 6.032841 -5.180185 6.378214 -8.580285 -3.482404 -5.229674 -0.904706 -6.433049 -2.746006 -2.955975 6.266332 -1.532506 6.340895 -2.811421 3.184309 1.419151 6.486272 -2.140575 3.232285 -4.418082 1.673979 2.889546 4.664677 -2.534381 0.627658 -3.907997 2.143368 -2.420346 1.440774 -2.378388 3.537603 -3.250866 -1.300944 
4495868320826961342.mp3 :-77.471592 80.001078 20.599065 28.074842 6.952173 8.704234 -4.653226 7.085101 -4.794122 7.093491 -5.768574 -1.727111 -6.363626 -4.304575 -5.242564 -0.556638 -10.174636 1.106517 -5.800965 1.936192 -5.548161 1.327160 -1.954763 -1.368944 -5.251452 -1.316606 -5.792289 -1.269695 -6.139507 -2.611711 -2.323840 3.694812 -3.796515 -0.138937 -6.692587 -0.164182 -4.522975 -0.212775 -3.679871 2.734131 
4442913470007760547.mp3 :-118.401894 74.992025 22.795933 42.451630 2.498166 5.801212 -2.614676 7.512550 -11.470495 0.504731 -5.153055 -1.800130 -0.695196 -0.789280 -1.435618 0.721248 -7.014952 -1.117302 -8.455965 -3.769916 -5.593057 -1.546212 -7.863558 -2.606900 -5.894368 0.319013 -2.695875 3.933920 -3.845758 -1.137030 -2.295138 4.717014 -0.078278 -0.353136 -6.900233 -5.212344 -7.126590 0.060329 -0.789859 3.126692 
4481723989584468315.mp3 :-97.712909 94.167753 1.315125 25.722315 14.477477 21.483524 7.030264 9.669839 -1.283985 6.989096 1.035267 0.976064 -3.172435 4.010651 -2.141848 4.284084 0.915299 3.702522 -5.257786 -1.585770 -0.486609 3.481956 -6.241986 2.327374 -0.050279 -0.191789 -4.095334 -0.070102 -2.746374 4.304586 1.063420 -2.098156 -5.845089 -0.191516 -1.293112 2.378538 -0.073111 0.649942 -1.821697 -0.357202 
4418971331170573341.mp3 :-87.308811 79.744710 -3.054648 23.809366 1.955306 19.976992 2.010275 10.903570 1.462559 5.379505 -3.650478 2.434075 -1.691069 1.244394 0.470251 3.166373 -1.820244 4.747562 -2.318458 3.669552 -2.500996 1.584611 -6.092055 -0.635820 -6.273428 0.406986 -4.356990 -0.903220 -5.284315 -1.420647 -0.729031 2.451316 -4.320321 -1.024472 -6.133375 -0.048658 -3.140555 1.520753 0.985939 2.991609 
4498710399362192029.mp3 :-91.969260 86.632683 5.773200 22.012933 -0.357216 0.399378 -2.473758 -7.522695 0.172529 -0.321765 -5.841644 1.508120 -2.677512 4.216786 -2.778785 4.850222 -0.201294 1.691605 -5.293078 0.547522 -4.034437 5.126261 -2.128577 -0.804314 -6.200501 -1.050034 -2.258334 0.831057 -5.947259 0.090240 0.716439 5.278227 -2.740749 -3.831395 -6.188829 -2.739058 -6.974904 -2.682910 -4.449423 0.099755 
4485995633537993004.mp3 :-71.474954 95.800884 6.217509 19.466295 5.590106 14.739676 -5.500700 -1.879133 -10.673102 9.517442 -8.856415 -1.597686 -5.258802 2.409176 -4.146271 -1.555057 -6.463414 2.323655 -0.656224 -0.439110 -1.310140 0.358600 -1.907492 4.499627 1.907531 7.321060 1.233635 4.180135 -0.196964 1.390928 -4.650724 -1.104623 -1.980313 3.782713 2.976702 4.995860 -1.674991 0.974663 -2.749996 -0.043126 
4434463866458439972.mp3 :-181.850138 90.827358 20.280148 24.697564 -0.162571 2.433583 -0.823507 4.477699 -10.065109 6.852421 -6.336687 0.634435 -1.293312 -1.466180 -2.978529 0.503345 -8.912238 1.252501 -6.235699 2.447365 -5.192450 1.618144 -5.916199 1.414689 -5.159239 -2.264371 -0.743219 2.047818 -2.107449 0.809628 0.230517 4.978243 -0.627806 -1.469807 -5.613869 -3.650854 -6.020942 -1.382708 -1.020900 4.610197 
4418500169601214071.mp3 :-164.393253 91.452989 43.901113 22.602723 15.086559 12.409312 2.215020 6.326952 -2.168260 2.989738 -6.227771 3.152416 -2.867060 3.803543 -0.641436 -0.491127 -2.438311 2.332891 -1.346770 6.172925 -5.026021 -1.824521 -5.764277 4.118959 -1.170222 1.757064 -2.549307 2.690909 -4.510931 -4.786800 -5.870503 1.750451 -0.732126 1.679624 -3.159419 -0.363437 -3.542956 -1.241390 -6.593723 -1.757224 
443275271179172111.mp3 :-22.981999 53.128788 -2.627877 24.316636 8.402367 11.823648 0.053606 9.183680 -0.954157 8.706315 0.584516 5.270600 -2.228403 4.172756 -1.780900 3.774793 -2.076814 3.980929 -2.496623 3.759240 -1.896610 2.857818 -3.977891 2.261818 -3.298011 2.419583 -2.044425 4.477438 -2.071869 2.029511 -2.373044 2.302767 -1.189094 1.388905 -3.089260 1.078362 -2.303348 1.110927 -2.552487 2.976597 
4431810319568544152.mp3 :-121.726091 103.547115 7.079504 34.249061 1.739300 6.786792 -0.585012 -2.084513 -9.579686 1.796982 -9.986196 -0.641536 -4.057477 -0.480018 0.121310 2.294610 -2.547581 0.118743 -7.207157 -3.164327 -5.566479 2.597380 -0.829366 0.638103 -3.616490 1.723801 -3.402234 1.073510 -4.870028 -1.104299 2.266967 5.436550 -2.693310 -0.489918 -4.347332 -1.232178 -3.989869 -1.306398 -3.142949 -0.263403 
4471856819933179589.mp3 :-141.225503 110.387436 15.705633 7.476587 7.897804 1.426304 0.673258 -2.358793 -8.055049 3.145839 -11.970473 -1.817127 -6.335508 -1.711344 -1.566926 3.354107 -6.210855 4.976588 -1.507107 2.107570 -6.937633 -1.634285 -8.451763 -3.856562 -7.047933 -2.757405 -7.442282 1.180464 -5.655142 4.019064 -8.058596 -7.623740 -6.402185 -0.797145 -2.234471 0.939164 -5.017336 -1.484623 -4.264088 0.868407 
4473688471489493551.mp3 :-120.058004 89.179501 12.129654 27.672811 9.992711 9.171634 5.431896 5.312039 -8.589456 6.449991 -5.772625 4.365042 -6.297917 2.969258 -6.494176 3.970491 -8.503509 0.674664 -1.665428 -1.722766 -1.597975 2.443297 -6.210406 0.530869 1.365265 2.674744 -0.769610 2.988475 -0.943297 7.044467 -3.520585 -4.531114 -8.977495 -0.998472 -1.344499 2.717486 -0.662839 0.212786 -3.024852 3.987948 
4443623598671853564.mp3 :-49.833577 47.295971 27.097781 32.927611 7.057462 12.099369 1.076861 6.926766 -3.396805 6.216292 -1.828803 2.252430 -2.204209 -0.809833 -7.427801 -0.552174 -8.043141 0.804513 -5.041539 0.198168 -2.276603 2.901350 1.916994 4.876804 -1.467073 2.868672 -5.759090 -0.005008 -4.352875 1.110807 -1.750109 2.417798 -4.174330 -1.235225 -3.569865 1.995472 -3.069929 0.770970 -5.491516 -1.252276 
4442306394485556277.mp3 :-125.870840 94.427689 10.764356 23.403538 0.678551 6.924788 2.925493 10.860675 -15.353044 14.236148 -9.263448 2.422255 5.836824 2.486253 4.181012 8.276688 1.192402 4.389735 -1.932678 -0.161360 1.428474 4.845892 -5.880497 -0.590363 -3.763075 3.205608 4.201527 4.014124 -6.052896 3.691465 2.114854 2.555486 -2.344969 -3.386025 -6.065968 -0.871686 -2.982606 3.975378 -0.328128 -1.651884 
4451388873381393972.mp3 :-228.444365 134.889509 22.872695 28.504079 5.271650 6.954743 1.196281 10.605439 -7.894292 5.477580 -4.785627 -3.272014 -2.565695 -1.428205 -2.965445 -5.173406 -2.841254 0.949969 -2.181767 2.779636 -3.091137 -1.612254 -4.991145 -2.592691 -4.512071 2.255294 -1.224361 0.952766 -3.633752 -6.047045 -8.422532 -0.580478 -1.091450 1.962593 -3.019261 -1.399109 -1.901396 -1.864830 -2.507164 0.959723 
4485347023374748781.mp3 :-185.899574 100.110285 10.366334 23.382986 6.508719 -1.906597 8.715918 -13.645964 -8.528746 -2.902436 -17.434141 -2.755807 -6.648427 -6.205762 -6.143539 -6.460078 -7.172397 -4.598752 -12.454844 1.046855 -0.780015 4.077961 -0.659117 -3.651518 -6.974296 -1.244449 -6.708843 2.147814 -6.389927 -4.939942 -2.624634 3.602423 -0.940937 -0.608568 -5.350419 -2.159654 -4.922663 -1.190522 -3.146736 6.323071 
4476434142354348579.mp3 :-66.054239 79.235498 12.783139 24.399417 13.591952 3.784043 1.438211 13.614563 -0.975339 10.769469 -4.504463 10.847504 0.756278 5.638554 3.413400 3.436975 -4.974064 5.621415 -1.813213 0.796667 -3.333350 3.558175 -2.695424 7.586821 2.384946 7.241793 -0.528928 1.926751 -4.511546 1.274850 -1.731914 2.141824 -2.557796 0.541453 -4.787067 0.541913 -4.062729 0.644226 -4.850680 -1.922197 
4426325795831920389.mp3 :-158.019705 104.382294 -3.129407 23.565426 0.346163 -0.840766 -4.903768 -0.461017 -13.574689 -0.534285 -3.492339 -1.674862 -3.999076 -3.157343 -6.410205 -1.087121 -3.667023 -0.850579 -5.354194 0.712768 -1.681959 1.728754 -2.565104 0.678309 -3.597713 -0.821614 -2.824094 -0.713694 -7.486338 -2.777368 1.761597 2.832504 -6.246173 -1.991146 -4.530117 0.034333 -0.995285 0.544345 -3.593454 3.448973 
4476627971677200570.mp3 :-42.513114 64.070071 11.399132 32.243390 3.337071 7.403113 5.204650 2.767414 -6.544657 0.100693 -6.129703 0.857730 -3.689194 3.464621 -2.955845 0.482841 -4.099145 2.909678 -5.047452 3.557924 -5.359582 0.012829 -6.684205 1.774081 -1.649757 2.719265 -1.239866 1.942708 3.165962 -0.030309 -6.411749 -0.251192 -3.771592 2.360997 -3.289019 0.630951 -1.860582 2.646919 -0.387319 -0.996127 
4428314464475904124.mp3 :-130.516005 92.838855 30.594303 22.498414 9.511975 7.499018 1.509713 1.997434 -9.986213 3.533954 -9.522332 -2.987607 -7.400234 -2.428210 -8.472164 -5.685212 -9.943210 -0.645446 -11.953800 0.166403 -3.075738 0.418368 -6.432418 -1.163603 -6.593415 0.971454 -3.405085 2.076370 -3.425308 -2.038275 -2.791705 0.821345 -7.558247 -1.331657 -7.947790 -1.691324 -5.099879 1.437373 -3.178575 0.980841 
4465479717696444209.mp3 :-118.496883 92.411325 19.376602 26.484930 -1.363405 9.328119 4.565499 -0.305418 -3.708448 -2.154554 -7.937982 0.206846 -7.462395 2.272086 -1.691836 6.478978 0.047315 2.467180 -1.102606 6.260984 -0.912621 4.256983 -6.277141 -2.734912 -5.319849 -2.196106 -1.915022 3.734608 1.893507 5.548458 -6.789315 -1.732496 -2.491762 2.049345 -3.198398 -0.021519 -3.364977 0.771505 -5.253547 0.334038 
4448941063296537774.mp3 :-117.444261 110.304308 5.284494 27.186406 6.692940 2.604122 -8.060799 9.261154 -12.271336 2.721808 -3.604649 -7.513254 -1.418852 -4.120307 -6.427013 0.372444 -5.505454 -2.137253 -4.347724 -0.411422 -8.154432 -2.072653 -6.308160 -0.121508 -5.476461 2.370449 -5.239443 0.502885 -4.885207 -1.064245 -0.983471 4.569286 -4.776814 -0.217610 -5.292297 -0.982144 -3.250082 1.436742 -4.252858 3.156891 
4443490755091517643.mp3 :-251.739691 106.897086 6.604760 27.964144 -11.760379 -5.681091 0.329923 -7.408125 -20.384703 -1.139030 -11.974335 -8.985861 -12.341350 -3.958598 -8.242389 0.342972 -7.992297 0.682802 7.361973 10.139183 0.336343 -1.972083 -17.995056 -6.840342 -0.312827 8.248476 -1.362591 2.388357 -4.921611 -2.137888 -5.398425 -3.437929 -3.929839 3.382308 0.089314 2.788348 -2.364693 -0.209126 2.259684 4.557110 
4467304391691009175.mp3 :-95.181018 82.869988 6.268831 27.214418 5.254055 7.995394 7.967831 3.076833 -3.668668 7.320949 -5.959540 1.353830 -4.413976 1.331883 -6.152404 0.153409 -5.737471 1.333222 -4.486492 -0.215371 -5.453825 -2.051857 -6.766506 0.420621 -5.592193 0.843893 -5.285925 0.839521 -2.203886 1.752071 -6.845845 -2.037656 -5.589812 2.002736 -2.193715 1.090930 -2.749471 -0.302737 -3.858904 -0.620997 
4432254493116451250.mp3 :-45.292152 43.857543 2.550026 38.707307 -3.873792 21.043211 1.802750 3.278727 2.557336 3.336755 -3.621997 3.333805 -6.995737 0.487268 -7.532639 1.051215 -5.636847 1.274400 -3.762716 2.972828 -2.413002 -0.228511 -8.249773 0.129730 -3.920915 1.454898 -2.371436 7.384821 -0.669718 -1.748534 -6.225337 -0.031659 -2.604395 0.682334 -4.152255 -0.800424 -4.107170 1.388791 -3.156967 2.618698 
4493406872445760603.mp3 :-189.265863 71.213730 9.667672 27.718147 16.219755 -0.421753 9.425937 10.960958 -10.116873 5.809455 -0.106850 -2.591673 -1.234210 -2.476980 -7.314338 0.628332 -6.355135 -0.753042 -2.166963 -5.141876 -10.976732 0.643616 -5.033456 -0.314744 0.309131 -0.043028 -9.116498 0.275033 -5.619173 5.167137 2.346429 -1.397839 -5.852129 1.625624 -0.103910 1.649120 -2.663055 -0.045912 -3.845413 -2.285925 
4466405066210627888.mp3 :-80.233916 132.312085 -14.980478 22.063453 3.581240 -10.944633 2.579025 6.785187 -20.181149 0.191040 -2.408062 -4.167335 -3.034434 2.353063 -12.301988 -3.482143 -2.244354 -3.837026 -6.496407 1.690996 -2.085188 -1.069532 -0.024666 -1.302789 -4.003619 3.454386 -4.513931 1.893557 -2.150274 -1.496389 -3.959421 -0.551371 -1.775108 0.959827 -2.390000 0.333571 -3.139371 1.539588 -3.171729 3.193517 
449507153113803737.mp3 :-159.918576 96.205323 25.563281 28.182948 3.627856 8.267597 -4.569004 1.940777 -10.464152 -2.373580 -6.584383 0.319169 -5.943260 -4.248541 -5.630583 1.053826 -7.345481 -1.847828 -3.417805 1.995900 -1.517297 2.949593 -2.521185 0.766174 -3.281686 0.374930 -2.861680 -0.271542 -7.175645 -2.749393 -2.315667 1.757838 -2.115543 -3.192825 -5.497036 -1.936136 -4.761202 -0.182490 -1.489206 1.614341 
4478164966516934548.mp3 :-113.837642 96.732095 22.748222 31.947938 4.286140 3.024873 7.998896 -8.114214 -8.768827 2.592104 -17.972886 -0.979440 -5.374978 -3.931559 -7.196501 -3.118767 -4.793878 2.381729 -4.871498 8.603318 1.618160 -1.140359 -8.616586 -2.697716 -6.723353 5.070851 -6.178031 4.188229 2.887790 1.715348 -8.793838 -6.347721 -7.698193 0.983091 -6.375559 -2.146846 -5.609238 0.019131 -5.267201 -1.109687 
4472995831116210580.mp3 :-82.407561 83.256176 4.988561 30.181108 5.626388 21.246616 1.250711 11.017229 2.248790 7.831234 -0.069031 3.183245 -1.272720 1.008805 0.363901 4.219004 -1.656884 1.406901 -3.152029 2.370762 -1.520773 3.503925 -3.714310 3.130360 -4.624713 1.155287 -2.092954 -0.202761 0.165203 0.861305 -6.365879 -1.328251 -4.773265 1.576825 -3.686262 -1.611674 -5.899164 2.946318 -3.916602 -0.597582 
4431191051331316962.mp3 :-75.629431 92.429103 -1.322305 20.241778 2.827033 -1.051421 -10.394088 -3.267068 -9.501513 0.656904 -9.752197 0.977714 -15.038866 -3.661042 -9.249352 -7.763725 -12.493514 -3.164153 -7.274405 -4.393496 -6.154245 -5.045515 -7.972659 -0.158425 -8.289513 -0.577991 -3.972339 -0.511249 -3.565816 -1.927770 -7.840558 -2.071930 -4.438215 0.230122 -5.378259 0.139755 -6.907333 -2.334152 -5.872625 -2.169320 
4483653545101880539.mp3 :-94.381242 97.481670 8.989283 32.695734 7.436268 -1.724372 3.156246 -0.305213 -6.413515 2.589673 -5.693354 0.613200 -4.801669 -5.069312 2.341656 -2.034680 -5.422447 -2.029762 -8.456963 -1.651217 -1.078014 2.505041 -3.426730 2.273767 -6.533360 -0.071719 -5.344943 -3.789680 -5.976804 1.892584 -0.557271 2.302695 -5.457897 -1.179912 -5.289521 -1.164447 -5.020030 -0.948796 -3.656062 -2.387000 
