5494718280671755182.mp3 :-161.014811 91.385761 0.643311 33.211642 -5.248094 9.703845 3.847936 7.527114 -4.893461 4.754215 -3.524099 2.032497 -1.613209 1.753353 -1.893076 1.178567 -2.808963 1.360530 -6.005279 0.873940 -4.111684 3.101030 0.375949 2.458171 -4.280095 1.313753 -2.083033 3.986965 -0.101981 1.602587 0.974076 7.056686 0.919646 0.991261 -3.803701 -2.923576 -5.750783 -0.070604 -1.283667 3.052888 
5522870370027145165.mp3 :-189.497557 101.757388 1.406662 19.935469 5.049240 3.382557 -2.853111 7.534434 -13.502449 1.081327 -7.584695 0.387823 -3.234585 0.454980 -5.363841 -2.017405 -4.602718 -4.629084 -6.134859 -3.728951 -5.977850 1.626440 -5.561394 -1.608925 -4.920834 1.255210 -2.427172 3.922845 -6.059719 -0.603662 -1.896889 3.680587 -2.920530 0.818359 -5.627416 -3.308311 -6.814197 -2.562929 -2.695963 5.908716 
5499063888766632127.mp3 :-99.170479 102.493820 3.051075 22.200847 -7.953870 -1.899510 -1.861738 -6.559778 -4.087725 0.342220 -2.542792 -0.883685 -1.785620 0.048516 -4.373342 -2.448196 -9.389077 0.607201 -5.674150 3.364783 -7.246769 -3.956848 -8.068608 1.220318 0.695842 4.162755 -1.833466 5.184395 -1.749249 -1.831197 -8.994636 -3.113965 -3.322947 1.789285 -3.895059 -0.879470 -3.024220 0.643062 -4.273472 -3.731637 
5527183831274817402.mp3 :-43.809945 65.217744 8.375621 26.283812 4.878140 10.200076 7.228240 9.502492 -10.221269 9.122714 -2.978242 3.454545 -4.121517 -4.059568 -1.461649 0.056806 -6.221334 -0.916563 -6.156375 -1.940643 -5.377411 1.163914 -3.285500 4.571521 -2.388069 -1.357835 -3.390087 -2.763132 -5.867179 2.745172 0.590183 5.631994 -0.584868 1.763836 -4.375149 0.663247 -4.501874 -0.952537 -6.566257 -0.163138 
5503992754568791490.mp3 :-101.482593 107.695336 1.004538 23.690494 5.659556 0.534390 1.806185 -2.761643 -11.900314 6.743059 -9.054485 -4.532480 -7.339349 1.517337 -4.352591 -0.753800 -3.300297 -1.158261 -9.002869 -3.122689 -3.868209 -0.567787 -1.424166 1.966837 -0.998488 3.172695 -5.185410 -2.910741 -2.761835 3.170589 0.624393 2.143479 -6.700823 -2.128736 -2.914012 -0.501312 -4.188603 -1.184202 -2.555481 -2.392648 
5541904801396881438.mp3 :-219.799607 105.537303 21.920823 29.921870 9.964231 5.745362 2.413518 2.366162 -4.357771 2.991023 -6.201671 -0.856593 -3.159503 0.435668 -3.197451 0.440593 -3.695814 -0.362558 -6.193167 -3.364653 -4.609681 3.673060 -0.497087 -0.676698 -6.811096 1.646451 -4.029782 3.296344 -0.568654 0.763312 2.152633 7.459561 1.789613 -0.179780 -5.701979 -4.205640 -6.756547 -2.764163 -2.914542 1.470564 
5535779991343311856.mp3 :-54.048091 93.460693 0.770336 13.788684 2.036928 5.046377 -1.683941 -3.852663 -4.358594 0.807844 -6.220631 2.124830 1.242883 6.557541 0.548073 6.399634 1.137609 2.653269 -3.319731 -0.198570 -4.796798 4.265599 -0.380172 -0.121775 -3.072755 1.029905 -3.237920 2.064193 0.511161 3.976921 -3.826674 -2.944209 -2.733034 2.231658 -0.061123 2.661498 -3.079099 -1.085637 -5.382691 1.074762 
549121410991636621.mp3 :-187.289064 131.458158 -1.753158 19.410885 8.759857 2.637305 0.062734 -3.610122 -6.625505 5.592561 -12.661452 -1.784669 -6.746995 0.892441 -1.960109 -1.126924 -5.193294 -2.877134 -3.423626 1.641412 -1.559991 4.573158 -1.448264 -5.722074 -5.682357 -2.025456 -3.726662 5.209279 -1.382570 -0.190056 0.184441 0.617548 -0.342840 -3.320216 -8.115665 -3.228587 -2.426740 -1.342175 -5.336248 0.356313 
5545446953518251299.mp3 :-64.906820 80.841354 4.168861 11.376910 4.615584 -0.191544 4.882353 4.613106 6.078305 7.439318 -0.644076 7.422662 -0.013268 7.155373 -3.090884 3.073190 -4.399320 2.505202 -2.711391 3.832410 -1.948926 5.617304 -0.991149 3.486461 0.090449 3.169332 0.284992 5.429410 0.221784 2.153436 -2.642207 2.630290 -0.656418 1.265295 -3.559100 -0.315584 -5.162973 0.588404 -2.730600 1.690394 
5535706572505338341.mp3 :-201.066415 106.152795 -2.851374 27.440837 8.213998 2.230496 2.550876 15.998272 -16.111619 18.278381 -8.639140 -1.835747 -0.355339 0.618631 -3.469006 -0.458928 -10.411146 -0.608383 -2.150014 0.240098 -8.342610 -2.362012 -4.577953 2.059359 -4.583452 1.353481 -4.125521 0.858791 -2.923721 -0.145230 -6.460864 -2.938358 -3.543451 3.703990 -0.770703 4.477553 -2.451956 -0.250037 -6.478838 -1.107662 
5490503166587398973.mp3 :-24.703191 63.257293 24.333734 31.708615 11.882821 12.496151 -1.354054 12.914016 -11.468401 3.301155 -4.555734 -2.265707 0.367195 -3.117223 -3.450498 -0.583075 -5.835627 1.984055 -5.686280 2.307586 -4.318327 -0.987367 -6.906036 -1.545791 -4.468549 1.363810 0.335730 5.651950 -2.439817 -0.325129 -4.653156 1.490588 -1.368997 2.963518 -3.637036 0.705192 -1.219231 2.251642 -0.005303 2.321153 
5552527327330714669.mp3 :-96.936027 75.411651 25.777705 29.309633 6.066874 2.954098 4.494360 6.250459 -4.706420 1.500784 -3.440089 -0.309167 -4.174262 0.944557 -6.280689 0.345163 -8.069625 -2.661373 -6.852914 -2.179627 -3.587304 2.476081 -4.382351 -2.271019 -8.617989 -1.776974 -7.386449 -1.443688 -4.400127 2.721756 -0.888097 -2.470351 -6.986400 -0.119175 -3.614320 -0.469320 -3.460057 -0.600855 -4.208842 0.252337 
5530776366657595142.mp3 :-364.919528 197.052871 17.813069 -4.659510 1.329670 -3.067773 -4.243083 -7.278087 -8.021262 -7.190836 -10.541445 -10.830639 -7.047863 -4.674724 -6.480942 -8.758060 -6.959150 -4.205166 -3.214808 -2.908174 -2.254078 -1.357875 -2.879920 -1.793120 0.580439 -2.000230 -2.930959 1.073803 -1.311180 -6.416033 -1.672356 1.831206 -2.585039 -5.248604 -5.784692 -6.702884 -6.895824 -5.641338 -1.889218 0.683792 
5529193211861723418.mp3 :-63.754717 80.437308 6.035953 23.721173 -3.691417 16.793646 -2.084456 6.779256 -6.619776 6.415932 -1.219930 -3.839624 -4.079347 -0.375077 -5.091087 -1.713471 -3.913785 1.315170 -2.082892 0.139009 -6.155733 1.228148 -3.371982 2.485028 -2.974061 2.153851 -3.217855 4.011821 -1.769986 2.026988 0.173900 2.876315 0.090533 2.839393 -3.604475 -1.553219 -5.007345 -0.219912 -3.435275 0.605206 
5542907958394690029.mp3 :-181.279891 102.695309 21.714197 18.834016 10.186563 3.046149 -7.480140 4.558074 -16.461721 -5.376036 -14.564525 -15.156622 -2.771347 -11.661945 -8.071520 -2.703554 -13.594219 -2.444358 -2.950149 -6.170136 -7.028554 -0.561171 -9.802756 4.507623 -3.013578 1.662028 -6.680862 2.550486 -5.221405 -2.295970 -1.150946 -1.293865 -4.078826 -0.850785 -5.114521 -0.882782 -4.671922 -3.162821 -2.914127 1.084223 
5492745036796528772.mp3 :-40.665835 50.050805 2.496932 9.375265 -3.700377 -0.049503 -2.610289 7.537119 -3.540452 4.372354 1.373818 5.062960 0.483410 6.953844 2.691551 6.871720 0.838929 5.223100 -2.935341 0.714879 -2.362953 4.924956 -3.426187 2.757596 -1.950019 2.592273 -0.896813 4.085442 3.836741 8.213146 -0.370016 -1.318280 -2.204738 4.867269 1.198835 4.837483 -3.750341 -1.887567 -4.636950 2.332928 
552600742076654825.mp3 :-29.828920 87.626878 5.346803 13.724319 -0.522697 4.536268 -1.459760 3.661519 -9.108046 5.055910 -5.498613 -0.472826 -6.059670 0.433530 -5.572605 1.263922 -6.590469 1.536415 -6.220969 -1.333315 -3.437188 1.615688 -5.844413 0.869787 -4.242286 -1.947625 -1.942734 0.467754 -2.717811 3.864564 -0.808155 2.277529 -1.331112 0.991729 -3.383584 1.464124 -1.001446 2.260588 -3.133902 -0.007769 
551616924940188460.mp3 :-139.028993 81.299706 21.968630 35.714231 14.303034 6.485178 2.928980 7.577540 -7.276851 7.301802 -2.285318 -3.228346 -1.512447 -0.181604 -8.076594 0.247712 -10.899543 0.834386 -8.459238 0.382546 -0.999642 1.075031 -2.934756 0.328276 -5.437083 0.530686 -6.833960 -0.623539 -8.505371 -2.838643 -3.936011 0.970105 -3.808943 -0.318270 -5.476329 1.000338 -2.881979 -0.451046 -2.923945 1.860414 
549330539754175963.mp3 :-134.350830 100.695037 17.288569 14.776091 2.876289 -1.558746 1.107240 -8.448092 -6.540922 1.257569 -10.192680 0.542316 -10.011045 -2.166072 -5.277386 1.187540 -4.961866 4.161894 -3.328351 -1.746677 -10.838409 -0.480411 2.333132 6.667101 0.723515 7.696216 -3.181990 -1.361305 -3.025068 4.391829 0.068714 -2.461701 -4.275785 2.467821 0.186310 4.421735 -0.107735 0.129445 -6.378949 -4.761277 
5522428677769480011.mp3 :-211.923923 114.004153 29.778829 12.368683 8.997097 -4.562548 10.017000 -4.696386 -2.823641 4.299020 -14.435085 -0.999730 -12.334255 -0.913741 -7.309207 2.224450 -3.424050 2.675294 -3.867773 -0.623506 -11.103684 -2.470906 -4.988061 3.312919 -2.859147 0.026635 -6.550246 -2.322575 -1.413374 6.353713 1.928776 -2.774596 -5.260437 1.244215 1.136158 3.684185 -2.660195 0.788353 -6.276402 -7.118533 
5494343826536001533.mp3 :-125.166863 105.976118 9.422061 24.708838 1.148124 6.263405 1.507677 8.651256 -3.041031 2.569548 0.696788 -0.759489 -1.008184 2.213582 -2.992630 0.357104 -3.294741 -0.045925 -2.378059 -1.336756 -10.250687 -5.060500 -3.830672 -0.255387 -0.983661 -2.316177 -5.455789 -2.456058 -2.575163 5.476607 -4.846135 -0.144026 -4.093756 2.148376 1.089323 3.190981 -2.594502 -1.320610 -6.511181 -5.434005 
5519987975872621310.mp3 :-7.132973 68.610027 1.589311 21.448864 -1.979417 6.831184 0.957162 3.726002 -6.504729 7.008842 -2.866553 1.970282 -1.584913 2.842829 -1.335901 2.796787 -4.452655 1.332601 -2.652803 4.329455 -1.487355 2.637083 -4.029934 3.411482 -3.264169 1.996427 -1.337939 1.496820 -2.931680 3.749531 -1.629217 3.573190 -3.309100 1.227651 -2.318907 2.893507 0.926168 4.448962 2.503133 1.567012 
5521062371743318724.mp3 :-125.871079 92.121504 15.603017 13.155876 -6.249124 5.621108 -0.742589 4.126313 2.095817 6.392708 -1.975242 -1.107598 -6.358515 2.246895 -5.526117 5.560482 -0.638995 5.773798 -2.002649 -1.568931 -6.503757 -3.800139 -4.758914 1.785617 -2.234390 5.755679 -1.941804 2.655584 -4.477780 -1.770227 -0.629243 2.376177 -4.290275 -0.347950 -4.282963 0.091330 -5.452929 1.996925 1.640599 2.891162 
5493104949667737103.mp3 :-68.223592 89.381296 11.973449 15.826245 7.031233 10.788452 -3.703739 7.359586 -3.459077 6.901234 -0.547014 4.733072 -2.917579 2.165493 -3.395415 -0.627468 -3.619806 1.057948 -3.279184 4.643839 -1.368914 4.676907 -0.192211 5.218772 -1.763854 3.204272 -1.331473 1.135186 -7.188574 -0.096272 -2.407478 4.631582 -1.177993 3.687292 -2.272440 2.304316 -0.483731 5.218689 2.621097 3.741119 
554498668604454128.mp3 :-77.682374 66.592569 -3.066247 17.690291 3.209070 12.215591 1.722233 1.479599 0.251862 3.291543 -4.857321 3.163291 -0.575489 4.580211 -0.146255 4.764553 -3.604392 2.281749 -4.961747 -0.487092 -4.312922 0.361442 -2.971679 2.152772 -2.993034 1.678353 -1.565416 1.919815 -4.859827 -0.957130 -1.288256 2.943803 -4.513944 -2.653832 -4.785468 0.318952 -2.414096 1.495447 -3.726721 0.685185 
5512681059646561109.mp3 :-118.875898 86.140629 18.228149 24.206327 2.348577 5.033648 0.350927 8.135785 -4.740948 3.644990 -4.777455 1.096831 -1.728941 -0.016319 -2.629479 0.579867 -6.048249 -0.852166 -6.087758 -1.376459 -6.129284 -1.622780 -4.459437 0.636595 -2.618496 1.453983 -3.124666 1.406815 -3.749867 -2.559742 -8.016628 -3.035375 -4.431818 0.513551 -4.293149 -0.925678 -4.749785 0.762487 -2.698495 0.124268 
551798781701892606.mp3 :-170.197463 115.257981 19.449984 22.984299 16.934468 13.906900 4.676123 8.361423 3.964529 12.604671 -1.550027 2.529251 -3.785562 5.088538 -2.475878 0.762226 -4.784631 1.025190 -3.476669 3.409774 -2.775725 -1.507267 -4.598075 0.300744 -4.282602 4.067966 -1.743659 3.238307 -3.471275 -3.006079 -5.604985 -0.648573 -2.713590 -0.676088 -3.684966 -0.535680 -3.420588 1.234066 -0.796231 2.293246 
5524320904485475098.mp3 :-201.317766 192.440063 -40.483327 -11.162663 -13.648028 -28.637351 -7.910394 -13.124769 -28.792668 -14.321530 -10.884459 -15.641811 -8.652377 -6.282048 -7.029053 -4.437148 -5.605443 -4.823501 -3.945787 -5.507497 -1.671947 1.958125 -0.301166 -0.630564 -2.377381 -5.789238 -6.587551 -7.303036 -5.462368 0.593045 0.413810 -2.802065 -0.789342 2.122111 1.440284 1.077495 1.691302 -1.303575 -2.567227 0.507779 
5555407643791467409.mp3 :-224.226653 110.251454 -8.125426 27.521523 7.212216 5.346740 -3.061676 6.560601 -10.622751 1.659409 -10.447440 -0.571119 -3.873315 0.807898 0.669758 3.578779 0.430116 0.612502 -2.893208 2.967558 -7.653867 -1.763784 -1.666043 6.136057 0.242853 -0.349901 -2.051585 1.102553 -5.579429 -3.787427 -2.295033 5.002955 -0.174430 2.710485 -2.136563 1.543204 -4.118540 -2.523257 -2.671366 -5.001023 
5542062529421098408.mp3 :-405.428821 161.261657 40.077682 -5.021520 -2.687882 -2.859795 -6.589919 -8.020753 -8.903602 -9.874419 -7.581747 -0.014511 9.050489 10.910633 1.566834 -9.422885 -10.742312 -4.964222 -2.463070 -6.996646 -11.855845 -9.776154 -3.540826 -1.084157 -4.054445 -7.264129 -7.220670 -5.202664 -3.829787 -3.279091 -2.323750 -2.894148 -3.821688 0.448609 5.416776 2.800913 -1.810811 -1.519705 -0.915803 -2.782400 
5549306928253953734.mp3 :-89.838014 100.625394 10.783961 20.699994 4.731814 5.695974 4.137775 -1.462356 -13.630597 10.017410 -14.294438 3.028065 -5.354987 -1.254529 -3.150976 -3.912848 -7.680882 -1.409045 -5.680151 -1.475468 0.943129 -2.663371 -5.154552 -2.536903 -7.531084 1.078056 -2.762393 3.436407 1.945528 0.687475 -5.783724 -2.402591 -3.400154 -0.431750 -3.879091 -1.926868 -5.407513 -0.484254 -4.485438 2.008491 
5503917651235770609.mp3 :-185.564244 74.553945 22.729249 17.684585 -2.695596 -0.598821 -3.723050 -1.613577 -12.038251 9.574410 -11.512497 -0.257098 -2.672506 -4.680071 -2.894260 -0.714863 -2.214356 3.965893 -11.094948 -6.620251 -7.584055 6.211236 8.387167 4.836490 -4.322297 -0.944701 -10.469491 -4.376339 -7.543771 -0.835539 4.516568 6.280951 -1.261357 3.835843 0.174698 2.480893 -4.114327 -3.908981 -5.730922 -1.044943 
5544181852077031474.mp3 :-230.189477 109.749956 26.850755 42.302562 16.290557 6.335885 6.540206 6.787554 1.730294 7.287912 -1.395182 8.838132 2.333346 8.715292 3.063457 0.520175 0.079238 1.581551 -4.735912 2.874082 -1.415033 -0.291859 -1.506737 -1.870900 -5.114646 1.443120 -3.970166 2.271177 -2.366336 0.947579 -0.551626 -0.137816 1.003233 0.886144 0.011560 3.080288 2.285620 5.219072 1.744410 3.113905 
5519999020107151476.mp3 :-142.390800 97.065000 14.812264 13.858700 4.530607 -1.628825 0.636613 -5.144724 -13.163673 0.671876 -15.642279 -6.148732 -9.478034 -7.484142 -14.362357 -1.351563 -3.191890 3.995280 2.268009 5.191008 0.936550 3.326945 -1.492969 3.278408 -1.867853 4.027035 -2.175515 2.773661 -0.809135 0.519160 -5.198153 1.631447 0.040076 1.541029 -3.359203 1.117399 -1.674254 2.535415 -4.086440 -0.966523 
5519861934032207711.mp3 :-18.732990 72.358924 5.484961 13.132483 -0.668553 4.119517 -4.807713 3.542334 -6.599326 1.483895 -4.862558 0.785572 -4.918682 3.877304 -2.682320 3.196698 -3.658851 3.587658 -2.404470 -0.061706 -4.575596 2.263298 -4.153270 2.114233 -2.929151 1.749564 -2.225797 1.599555 -3.554218 1.761867 0.519976 8.257324 0.548677 0.877239 -2.841370 0.871509 -1.507472 3.080990 -0.949912 0.861037 
5534102536992195556.mp3 :-33.804633 59.537615 0.236243 23.695604 1.377454 11.211700 0.139120 8.751646 1.504851 4.982110 -1.470428 4.899198 0.110855 4.036368 -1.796672 3.575183 1.675000 6.399897 0.692319 4.053897 -2.733498 1.508407 -3.481984 4.875405 -0.473966 2.166836 -1.709302 2.518106 -3.566416 -2.173338 -6.854667 -0.934517 -1.208605 0.935105 -2.034844 0.968935 -3.830566 0.424411 -3.949223 -1.389927 
5545556922516948463.mp3 :-131.583102 67.698071 16.210113 25.521786 5.456316 3.118590 4.416556 3.081224 -4.171839 9.709979 -4.719849 7.405675 -6.566498 3.258978 -5.866085 1.779050 -5.726429 2.686822 -5.319507 0.872422 -7.926029 -0.970626 -1.841553 3.812703 -2.146835 2.293301 -6.902408 -1.189751 -5.654955 2.810222 -6.307188 3.002136 0.676917 5.686595 1.845759 2.343764 -1.628728 0.610749 -4.547198 -0.091597 
5501634256845246537.mp3 :-140.222489 98.815956 12.517808 3.668640 -9.838704 -6.887779 -10.105146 0.449389 -9.961014 0.027384 -4.814342 -2.240616 -9.942703 0.075521 -6.025329 -0.306775 -5.157421 0.177931 -4.173830 -2.576986 -3.560631 2.883587 -1.750098 6.332721 -1.495737 3.373125 -5.630064 -1.967724 -5.666869 3.686021 2.258988 1.313794 -3.334753 -0.305549 -3.237229 2.710226 -1.667913 2.063132 -1.490637 -0.369059 
5536274393454270591.mp3 :-72.114370 80.477334 1.059636 21.913912 8.331447 4.370154 -1.130044 2.435546 -6.871177 3.549559 -8.732078 -4.252585 -3.485119 2.498684 -0.818912 1.952476 -0.543433 0.442060 -4.437110 3.241389 -4.330710 -0.922305 -4.669090 1.892700 -3.644730 2.371267 -3.229338 3.196237 -2.780873 -3.516503 -7.245325 2.215948 -2.112369 2.182260 -1.944257 0.911888 -3.313897 1.228161 -2.246487 1.787666 
5500940606079939555.mp3 :-162.358656 137.616874 -16.467454 14.389662 16.510677 -6.934438 3.250785 -0.361198 -25.619973 -4.433833 -15.898136 -8.055159 -7.081885 -9.076444 -8.738459 -6.825353 -8.826029 -5.176475 -4.245962 -7.272423 -7.134708 -6.497152 -8.271550 -4.751738 -0.048686 0.758741 0.735422 3.138773 -1.919213 -7.367320 -10.990749 -5.285878 -2.592572 3.679660 2.203897 1.606262 -3.079855 0.618940 -0.631805 2.646757 
5532655511825412828.mp3 :-111.661426 111.957052 0.291116 19.970760 2.531866 6.608837 -7.894191 4.317575 -9.109576 3.015241 -6.947396 -2.314171 -2.669393 -3.636017 -4.083011 -2.257564 -6.416432 -0.389433 -4.950233 -3.083065 -5.283116 -1.363269 -3.212976 0.599668 -4.591429 -1.629329 -6.141273 2.063950 -1.753197 1.237223 -3.739194 -1.002503 -1.511102 2.112009 -1.783874 1.674405 -2.256814 0.010788 -6.368907 -3.859822 
5502703954418806400.mp3 :-143.682533 80.085378 -8.109422 17.130258 -9.636127 3.657148 -1.988434 -0.101166 -8.184733 4.444991 -8.233473 2.973270 -3.217719 0.833736 -5.216540 -0.116559 -3.795498 2.557862 -0.098438 6.121921 -0.414100 2.201860 -3.946564 4.392758 1.147518 5.466912 -1.397499 5.473990 -0.982873 0.345705 -5.463057 -1.897315 -1.934186 3.921853 1.219185 4.706118 0.955028 2.203966 -1.065348 4.283636 
5546964084035697836.mp3 :-185.046742 90.366031 48.318618 18.192738 12.790669 -3.781814 -10.428769 -1.960953 -21.316608 0.123901 -7.572975 -4.449542 -3.459720 -6.530150 -11.089252 -7.587972 -13.972273 -4.391926 -10.351914 -9.514998 -4.015125 -4.770582 -8.621199 -2.130004 -6.452658 -2.242648 -10.618967 -3.764437 -11.384516 0.716720 -1.399190 3.256950 -6.039349 -2.907057 -6.327962 -0.009922 -2.913039 0.328609 -3.962115 1.365603 
5519924008489810483.mp3 :-57.890980 78.215024 21.650963 26.890322 6.087247 7.780052 1.640558 7.036445 -6.006488 4.071663 -3.949916 3.289949 -0.374617 4.666845 -3.837479 1.591269 -2.442821 0.605358 -2.849167 0.714170 -0.716338 -0.929616 -3.681238 3.977985 -1.427125 2.627114 -4.752613 3.538274 -4.725722 -0.204263 -9.108927 -1.060472 -2.730912 3.229780 -3.245937 0.931691 -4.776560 -0.308741 -3.154284 0.355914 
5515234367106054324.mp3 :-95.545996 78.981286 16.903655 32.143186 7.673950 13.629488 1.511453 7.942478 -1.308612 5.345536 2.817711 3.957396 -1.692761 4.228792 -3.500318 2.254893 -2.738525 2.804857 -6.205588 -1.120897 -3.379232 1.186864 -5.783756 0.118575 -4.889402 -1.369663 -4.528491 1.441287 -2.137598 3.456964 -2.947265 1.270848 -3.124893 0.108869 -4.052073 -2.457562 -5.130821 -0.818794 -2.401705 -0.060098 
5513166336388433237.mp3 :-117.899297 67.756807 -1.828982 25.892743 2.269805 2.854324 3.338834 -4.629136 -2.635125 2.049960 -9.047075 -0.027316 -7.057018 2.433569 -0.528438 2.218453 -3.402428 2.692370 -3.069716 7.164372 0.179903 1.106400 -4.298668 -3.172967 -5.674751 0.721629 -5.387120 5.900117 3.284392 2.136338 -10.806920 -3.116074 -3.671335 2.555801 -5.267251 0.452278 -4.180345 -1.091443 -6.477787 1.435942 
5531865808852848807.mp3 :-188.909477 90.069242 24.529253 10.220410 0.072960 -4.640874 -5.867013 -3.275209 -16.082139 1.559964 -11.585353 -4.982839 -10.713905 -5.507501 -8.459054 -4.989663 -5.733157 0.692366 -4.839279 3.154612 -6.132785 1.180070 2.163371 3.096198 -1.347142 4.212043 -6.883058 -0.092525 -5.827244 -4.679703 -2.950213 1.989578 -1.823522 2.227397 -3.469118 -1.164136 -1.764242 0.940915 -1.786776 -2.828012 
5536618727143617532.mp3 :-203.212599 74.613799 -46.358134 -10.001922 -26.264934 6.489338 1.446189 3.544450 -16.470508 0.726268 -11.872733 -2.574493 -2.591215 1.302730 -2.553504 -9.186908 -13.307330 1.719350 1.627060 2.533547 -9.486471 -2.331171 2.607669 15.110529 10.748641 11.159235 1.752384 2.759629 -4.552207 -3.822135 -8.124281 -4.310460 0.001861 2.263293 4.874123 3.917417 1.713358 4.746584 0.079094 -5.136312 
5500411874986368846.mp3 :-172.744390 67.750920 25.480107 25.684560 2.684301 11.379233 -0.070372 8.447881 -6.081566 0.719276 -5.447300 3.695666 -1.150403 1.924372 -1.119254 -1.053109 -4.270570 -4.979949 -2.190005 -4.050033 -4.916404 -1.318832 -2.201828 -0.067840 -2.487855 3.001513 -1.876458 1.725434 -4.935454 -2.399752 -0.344374 6.727757 1.273972 -1.635975 -4.357869 -2.054300 -3.382147 -1.295552 0.676803 5.119562 
5526359410835431468.mp3 :-88.485393 86.611207 6.158971 19.611906 0.562481 7.665405 -0.834330 2.026040 -2.151319 5.893158 -6.916938 2.377267 -4.402027 1.608727 1.198790 5.611066 -0.891977 3.956795 -5.045646 1.970795 -4.646766 -0.225323 -3.255775 2.915994 -4.512217 -0.226193 -4.383378 1.523165 -2.809294 0.304686 -4.331177 -0.057063 -0.585746 4.932751 -0.734230 1.488320 -4.165982 -0.517232 -4.694506 -2.206117 
