7230357947540765488.mp3 :-146.492861 106.193977 16.366844 32.062158 10.065768 14.225972 -1.374981 15.230071 -6.978706 -1.901350 5.773899 -3.419944 -1.259496 0.894353 -9.391737 0.605658 -5.579244 -2.642846 -6.253767 0.076989 -6.746031 -0.031758 -6.075704 -2.963537 -7.400208 -1.881537 -3.256156 -1.452952 -3.804986 -3.154408 -3.971459 1.561005 -3.094375 -2.792720 -3.992191 -1.867490 -5.207781 -1.490356 -3.077278 2.213318 
7223459447305473911.mp3 :-414.897891 148.184286 40.903530 -1.106817 0.247746 -1.966780 -6.170503 -6.288604 -7.762466 -9.372769 -7.328254 -2.081916 4.734859 7.652913 1.380928 -7.844652 -9.277670 -3.528293 0.631390 -0.364104 -3.965842 -6.721206 -5.941882 -3.814082 -6.845573 -12.334118 -10.159073 -2.522583 0.124103 -1.444529 -0.827769 -0.414804 -2.144526 -1.316504 0.654276 -1.493027 -3.539285 -1.114467 0.479312 -0.197464 
7274405039627268251.mp3 :-211.897155 88.818999 -0.035027 29.016249 6.838127 7.602233 12.009456 3.329904 -3.799104 7.322892 -14.750800 -1.073938 -7.817008 -5.684966 -7.274404 0.261414 -4.617691 3.382003 -10.029712 -0.582451 -5.703810 -4.171870 -12.696736 -2.506124 -8.035684 0.726180 -8.756897 0.324222 -3.772513 -0.433637 -8.240645 -3.157568 -5.630719 2.177526 -0.863307 0.017562 -1.812543 -1.807952 -2.800413 -2.051828 
7217042875004286738.mp3 :-210.612681 141.658156 -2.560827 20.174388 3.493821 1.228782 -11.369370 -6.818120 -8.418139 -9.902635 -9.877225 -5.405912 -10.631068 -6.389479 -9.981370 -6.940541 -7.863314 -3.478331 -6.440822 -3.990145 -2.497389 -1.119998 -1.292399 -0.817339 0.653742 -0.254029 -6.169314 0.993710 0.321687 -2.716713 -9.649854 -3.787992 3.080407 4.073611 2.421119 4.782736 -0.138075 1.162060 1.007048 2.419090 
7266554237547644085.mp3 :-162.515543 124.447538 19.061319 21.259671 2.343741 2.546369 3.982881 6.492831 -15.017378 10.516707 -3.675577 1.480501 -2.542612 -1.080513 -2.077479 0.968718 -1.531529 0.869119 -1.528310 -2.997711 -7.740135 0.372763 -4.368581 4.606750 3.594723 6.345856 -4.532795 -2.450736 -6.777644 -1.286970 -3.710403 -1.516780 -3.719024 0.602534 -1.856482 1.593742 -2.218937 -0.104344 -2.217137 1.748048 
7230737040067032467.mp3 :-204.800145 110.970032 10.805134 33.776097 -4.125939 1.873112 -10.168284 2.381043 -19.204474 -5.255011 -4.051560 -16.822837 -3.939842 -4.269583 -7.892673 0.844271 -7.643857 -4.363046 -3.452690 -0.482318 -0.808215 1.080809 -5.036381 0.660403 -3.768029 2.270282 -6.082675 3.367620 -4.522288 -4.619060 -5.193810 1.336311 -2.504523 1.837832 -2.054881 -1.990709 -1.419423 0.411063 0.028847 3.178213 
7283833465684555922.mp3 :-153.326381 70.010010 -5.132766 22.858450 4.690933 3.048427 1.100270 5.838448 -10.457063 0.764710 -8.056118 -5.064121 -10.469826 -5.074525 -11.165503 -4.775366 -8.047751 -4.005297 -8.172666 -2.882682 -5.849072 -4.741048 -10.594170 -5.971327 -10.138606 -3.606498 -5.871922 1.653804 -0.065491 3.442389 -3.760238 -0.762906 -3.416207 0.510518 -3.799730 -1.715822 -4.012911 -1.075832 -4.756650 0.834755 
7210238454769187192.mp3 :-140.367933 78.778258 11.123297 30.264292 8.852487 6.448559 -0.946932 1.881578 -6.222802 4.591092 -6.266225 -0.921828 -8.272742 -4.557840 -7.204212 -3.240661 -4.688011 1.653605 -2.479067 1.203618 -9.457672 -3.638569 -4.418813 5.109305 -1.829847 2.950464 -5.642282 -2.860982 -5.279533 -3.213548 -6.876815 -2.439083 -0.810661 3.164753 -1.792881 0.937863 -2.362480 -1.176404 -5.731962 -2.873734 
7255949772881620885.mp3 :-100.762973 98.383436 6.943207 17.058651 3.419521 10.495808 -1.700758 5.341096 -3.794317 2.293401 1.743221 2.239455 -1.983883 1.061360 -6.354150 -1.430374 -7.211503 -0.791706 -2.721467 2.899784 -2.370303 -4.048414 -8.866657 1.516786 -2.659607 3.639891 0.746083 1.532408 -3.748909 0.811819 -1.081879 1.718579 -4.406939 0.981013 -1.868930 6.658178 1.971162 3.582441 0.857601 5.404397 
7226068897417826532.mp3 :-197.068518 101.496169 2.038855 21.960776 2.879112 2.768464 -2.296992 2.616250 -10.787715 6.539297 -10.363571 -0.361384 -3.530090 0.525241 -3.851686 1.374638 -4.316801 -0.475388 -3.404669 0.971291 -3.036723 -1.722309 -6.004634 0.799743 -1.511475 -0.008378 -0.857174 2.090799 0.513920 -5.374308 -9.093053 0.289725 -0.977632 -0.475171 -2.963238 0.232947 -2.965835 1.435177 -3.248668 -0.147697 
7228718325902617114.mp3 :-209.881674 103.376964 23.772681 28.514117 5.204974 3.775648 2.836643 2.065015 -6.492057 2.232467 -9.140634 -3.181467 -11.575772 -1.959308 -6.045312 -3.023744 3.984598 9.645303 -1.301151 -0.057462 -3.581332 2.098969 0.425701 2.952919 0.208990 1.059087 -7.561467 -0.143731 -8.842468 -0.097127 3.365599 2.353243 -2.497194 0.711248 -4.754311 2.013827 -3.931234 0.379534 -2.810678 -3.916626 
7213838175832151388.mp3 :-201.226695 100.609886 14.366910 36.116835 7.232457 0.512116 0.601385 3.756677 -12.642325 3.915353 -6.405934 0.927402 -3.070459 -2.862212 -2.299948 2.998052 -6.884279 -2.523828 -7.856749 0.165274 -6.611177 -2.458854 -9.687462 -4.347826 -6.880200 -3.400054 -2.983659 3.439879 -3.988278 0.766541 -2.404757 4.012379 2.225685 -0.908176 -7.827864 -3.494003 -7.676371 -2.249652 -1.502486 3.883500 
7284497078096288609.mp3 :-77.552076 90.944237 9.893435 27.153557 1.444255 0.337261 0.290487 4.380645 -10.129655 8.103631 -6.667482 -1.461789 -1.296695 0.029225 -0.191646 5.168993 -8.796500 3.574762 -0.192952 -0.836238 -5.768376 2.698367 -3.914432 2.333889 -1.871564 0.058832 -5.039232 -2.455030 -4.774389 3.607098 -3.239778 0.077581 -2.040847 4.313702 2.676954 2.278531 -3.443655 1.228543 -4.428645 -2.418597 
7277163742688402731.mp3 :-116.348932 90.675409 9.944069 18.835231 -1.174427 18.786481 -4.954731 -5.060146 -4.704115 -1.107836 1.370952 -2.896004 -3.851892 -3.134825 -7.570029 -0.687917 -7.189028 1.306413 -3.782872 -2.015867 -5.603375 -0.078599 2.504022 8.644311 2.240197 3.629387 -1.207746 0.851942 0.070037 0.818183 -10.738157 -2.214657 1.752713 5.202507 -0.406937 2.647290 -3.093171 -0.243485 -0.611270 3.036068 
7231064564723935175.mp3 :-177.673961 63.604349 25.507021 17.736579 6.112351 8.458485 4.498718 3.597219 -8.098439 0.814346 -9.986176 0.817845 -5.023210 -0.334455 -7.221265 2.046670 -7.285247 -0.354487 -3.909850 0.747286 -5.198252 1.770648 0.554022 2.554689 -2.893891 2.349675 -2.897567 2.356765 -3.636519 -2.333093 -5.837190 1.839455 -1.629968 1.452235 -2.416857 1.663630 -1.753371 1.647829 -1.800034 2.792216 
722209987039158121.mp3 :-201.579577 83.868499 4.676398 39.484858 10.756192 10.053337 7.975136 8.419170 -1.397833 11.879400 -4.544490 -3.982976 -2.089939 1.754575 -4.900718 1.340773 -6.932694 -1.809666 -3.819463 0.009975 -5.227982 -1.935858 -1.989551 3.958988 0.560786 1.807282 -1.444725 0.927530 -1.812988 2.693821 -4.571414 -1.888794 -3.720719 1.160366 2.305470 5.796974 -0.342479 0.820147 -6.732232 -5.415775 
7234388276214146049.mp3 :-63.240257 84.504523 8.111514 19.569338 2.689951 6.546719 -1.117309 12.163192 -6.568314 3.330471 0.966857 3.378319 -3.031367 0.796048 -3.451713 2.406057 -5.338096 3.520355 -3.624664 -0.204088 -1.945705 3.669250 -4.885377 0.020929 -2.888840 0.774123 -1.649235 6.272492 0.151120 2.479303 -1.133870 5.222191 0.934982 3.639019 -3.521230 0.154745 -2.662008 1.409960 -3.116726 2.554979 
7279653728900154322.mp3 :-111.785029 119.421932 -5.843937 35.774838 9.472679 -1.618379 -1.137152 8.721939 -8.967227 3.314680 -5.383062 0.117772 -2.028409 -2.566545 -2.402913 3.469581 -8.651426 1.302791 -1.827597 0.717529 -6.084068 4.963657 -6.579753 -0.539670 -0.790550 -0.317203 -4.305796 3.070463 -2.119905 3.473543 -3.571569 -1.988061 -2.996206 0.267520 -2.117302 -0.250168 -2.772793 -0.119893 -3.488017 1.956058 
7231347689111924504.mp3 :-67.999006 90.588887 6.096543 20.657144 7.223271 16.126995 5.436628 10.285068 2.814505 9.656652 1.106561 7.903619 1.288872 5.679903 0.042911 6.125141 1.446745 8.733979 2.286154 4.974675 -2.066493 0.549680 -4.800010 1.859440 -1.865733 2.157688 -1.693691 1.886134 -2.858252 2.775803 -0.872593 1.957088 -2.111732 1.701546 -0.226009 2.541585 -1.081570 3.232334 -0.477110 -0.002786 
7231202772762121755.mp3 :-115.391542 108.511701 23.311856 39.145531 5.973485 6.096180 -0.108913 8.885078 -17.068940 1.751863 -11.102943 -4.295837 -4.743350 -2.589832 -4.388442 -3.782447 -10.712789 -4.491794 -4.778038 -3.272192 -7.455958 -7.540255 -8.768893 -2.466408 -3.995432 2.133396 -3.206290 1.901939 -2.826666 3.366377 -6.068622 -5.203737 -9.114591 0.561824 -2.312629 3.499159 0.477489 2.046200 -2.273473 2.081227 
7210933441445350148.mp3 :-139.261491 101.942756 21.760940 17.772307 -0.936806 2.525988 -0.899104 3.959728 -4.051612 0.654139 -6.979991 -0.280295 -2.822572 3.791391 -2.730515 3.274166 -2.003620 4.272677 -1.395879 1.538196 -8.785481 -5.145479 -2.975121 5.523029 1.501846 4.399527 -1.697349 -2.882798 -3.610592 0.767810 -6.343236 -5.040807 -5.613477 1.324715 1.354561 3.499945 -0.121271 2.161377 -4.139770 -3.168544 
7216887295305756093.mp3 :-122.749645 84.977810 4.810146 31.759702 -1.116977 0.598998 -4.433262 -2.691061 -17.537411 5.723883 -13.905244 -7.944863 -8.902306 -3.507227 -5.397332 -2.942897 -9.608929 0.372646 -6.404327 -2.796801 -7.679987 -6.432705 -6.166332 -1.243031 -6.323456 -0.728172 -2.528749 -0.355008 -4.822861 4.136363 -0.442923 -1.883076 -8.354087 -0.106241 -0.215253 4.960513 0.704714 2.883195 -5.001194 -1.738806 
7239916724109921004.mp3 :-128.487643 91.417194 30.787732 23.391180 13.690819 2.023823 7.881188 -0.302364 -7.701414 -3.195736 -11.525312 -4.436525 -8.986668 -4.369557 -6.251499 -3.992681 -8.384456 -2.851493 -7.099230 -2.208530 -6.182984 -0.965242 -4.973374 2.365546 -6.059768 0.560420 -4.670188 3.042533 -1.260976 1.809005 -2.752265 2.507215 -0.384474 2.122538 -5.595932 -1.881655 -7.122298 -3.165798 -4.119170 0.466669 
724436362734029236.mp3 :-89.058361 65.396704 4.568027 27.374475 2.092329 12.427450 0.556884 5.819353 -6.093127 4.265150 -0.565036 0.657928 -0.941301 -0.910058 -2.840177 1.203189 -5.865488 2.542664 -4.284986 1.842251 -2.798902 1.607118 -3.734096 3.195022 1.227935 4.033102 -0.578122 0.391412 -5.275999 2.890943 -1.128310 -2.066889 -8.665386 -1.796767 -3.633145 2.010744 -2.109544 1.419134 -0.170476 -0.537792 
7242949473291490484.mp3 :-182.490399 74.915879 -2.942706 26.668496 7.910150 11.995290 -1.850125 7.225122 -2.696632 3.652198 -1.008451 1.633607 -2.332810 0.716927 -2.925835 2.445613 -4.496600 1.610423 -3.846724 2.110352 -1.690267 2.602778 -1.981414 -0.081772 -2.132587 1.626615 -4.656325 -0.108406 -3.441801 0.174094 -2.719697 2.764678 -1.199881 -0.819042 -3.085020 -1.143138 -3.507206 0.173038 -3.659050 -0.235561 
726989852078191645.mp3 :-196.224331 93.488437 17.116596 34.801707 5.689671 9.754721 4.446443 7.471314 1.188218 8.698615 -8.406325 1.261121 -8.776352 2.442574 -3.545667 3.389082 -5.525912 5.299433 0.451496 4.428151 3.890738 -1.974988 -3.838644 -5.271113 -2.795474 2.581072 -0.698614 2.312030 0.157904 2.650555 -1.260276 -3.798335 -6.635829 1.463345 -5.000906 2.674020 -3.952725 0.716572 -0.165718 1.183466 
7241741128347500922.mp3 :-80.419405 58.405151 17.210752 35.504923 11.883716 11.440998 6.739711 8.800360 0.592566 12.631802 -7.114255 7.018804 -3.731515 2.047155 -3.005814 2.979033 -0.841164 2.628049 -4.107360 3.679583 -5.940452 2.550527 -0.287703 2.500827 -1.309942 1.309993 -4.322088 -0.587611 -5.566393 1.662254 -0.777899 1.212574 -4.226206 -2.235314 -2.744937 0.068852 -3.373281 -0.977625 -5.675661 -1.290736 
7276052823987297981.mp3 :-279.005266 133.752355 2.938462 26.097194 16.360149 2.179329 0.207727 2.025974 -10.175216 -8.131939 -5.379414 -10.069221 -7.411986 -3.135461 -8.529395 -5.356426 -7.871683 -5.135805 -4.959457 -1.611571 -6.577457 -6.303674 -4.345142 -2.477026 1.365799 2.930199 0.356565 -0.496969 2.915225 5.427066 -0.040513 -6.197617 -10.483040 -3.709534 1.069598 2.979283 3.998886 3.054577 -1.214171 -1.805908 
7269547995665649791.mp3 :-104.366390 78.661316 11.071464 25.322134 -0.231238 -5.711788 0.552870 3.653987 -19.408557 -2.950323 -4.978221 -5.362321 -6.654443 -3.669563 -10.531983 -5.539633 -6.199439 -4.343961 -6.879530 -2.099274 -6.993006 -3.447390 -8.221402 -0.029860 -4.512957 1.947565 -2.064641 3.620321 -0.629738 -2.279500 -6.507273 1.576240 -1.424841 2.238941 -3.840425 1.348412 -2.779426 1.072768 -2.710658 -1.295607 
7267002271656299112.mp3 :-22.671578 68.347356 1.807457 20.259255 1.551740 14.144627 -1.373209 4.836870 -4.408598 4.826113 -1.515812 3.337116 -6.367959 -0.109067 -7.583094 0.028976 -7.830280 0.248520 -4.675328 1.611118 -1.650654 2.355963 -2.889472 0.868486 -5.898273 -0.512470 -4.211383 2.375479 -2.741200 1.134065 -4.743120 0.912026 -1.614509 -0.039977 -4.642538 -0.562865 -4.135637 -0.824915 -4.152729 0.481643 
7259143085188055192.mp3 :-64.960011 82.835151 8.176876 29.619695 3.899611 14.143958 1.166874 1.632842 0.193492 0.348005 -1.713200 -4.228961 -1.687136 -4.118860 -4.774374 -4.109231 -6.441139 0.617258 -4.621203 1.999396 -5.753394 3.811913 -5.516599 1.326488 -4.684137 -1.050056 -3.956269 0.293391 -1.950616 3.245295 -3.779627 -1.094259 -3.873054 3.913896 -1.891838 0.199967 -4.800965 -0.963260 -2.296655 1.643399 
726244815276372723.mp3 :-281.653459 136.432839 7.160295 35.697742 6.463911 1.327166 0.819914 -1.710398 -8.837645 -9.150077 -12.173862 -3.544082 -9.216467 -7.799241 -8.533234 -7.437090 -6.240302 -2.202018 -5.971984 -4.580964 -3.555645 0.241183 0.112782 3.288890 -2.878153 -10.342803 -5.585935 -3.050753 -5.407862 -2.166168 4.010961 3.649026 -1.355899 -2.168559 0.767020 2.269065 -1.571558 -5.094246 -3.630888 1.779974 
7221302947895205927.mp3 :-99.032148 112.513059 19.860236 -37.167423 -3.606922 -7.151340 1.240132 -0.466453 -4.637768 -0.293494 -6.560556 2.332360 -1.876087 2.396348 -0.948130 -0.233643 -1.894008 1.196781 -8.584968 -0.166653 -9.249124 -3.820045 -9.182986 3.853524 -2.710517 0.258150 -6.229762 -0.444311 -3.509778 -0.228614 -4.073494 -0.516271 -1.574718 2.085828 -1.463315 0.723141 -2.581061 -2.264034 -3.464395 0.330292 
7229168484108365193.mp3 :-157.730563 82.624651 10.641048 30.964824 3.002171 5.181384 5.772418 -3.934567 -5.486937 6.716484 -13.816525 -2.300593 -8.643698 -3.135483 -4.127057 0.593301 -3.691456 4.853193 -8.675873 -2.877222 -6.847748 -2.734133 -0.438996 4.370665 -2.057449 2.537150 -5.575387 -3.966830 -5.066364 4.259491 0.167936 -1.284302 -7.120929 3.310582 -2.034483 3.197384 -2.072487 0.468999 -2.819888 -2.197317 
7235504024929428989.mp3 :-117.090199 81.933284 11.277146 32.921003 -8.224562 6.750870 -0.862799 1.825667 -4.605419 0.654400 -7.841248 -0.635154 -10.787900 -1.598474 -7.445693 1.455282 -5.314047 0.129889 -4.225053 -1.702384 -1.072451 0.075736 -4.159884 0.125177 -5.337470 4.565187 -1.808677 2.316283 -4.081179 0.297150 0.407874 5.111286 -2.952314 -1.754176 -3.418396 -0.284681 -2.483234 3.293784 1.433454 3.816647 
7229319807561161444.mp3 :-240.973314 68.052696 3.527162 27.289260 -0.595361 5.107326 -10.066471 3.908090 -11.822942 -0.911676 -5.119280 4.512684 -3.056640 2.277904 -5.227568 -0.651110 -3.757352 -5.464074 -9.339539 -2.774694 -4.427272 5.153177 -2.598961 -1.306375 -2.922691 -0.563594 -6.568098 2.165625 -3.398324 -2.304873 -1.721748 5.772702 -0.732003 -2.762084 -7.850620 -4.568218 -6.828596 -2.260617 -1.747282 4.779956 
7251023913724359079.mp3 :-154.457317 112.398222 2.946322 24.153481 2.776442 3.770571 -0.757939 7.095662 -16.338279 2.271300 -8.141812 -6.870733 -0.211065 -2.865368 -6.078821 2.373468 -6.121190 -0.747030 -2.442031 -0.983770 -1.070470 1.717333 -4.484857 1.301247 -5.246176 1.886742 -2.058605 0.469353 -6.116532 2.319391 -0.390669 0.019059 -2.529579 -3.033908 -4.658703 -1.721544 -2.355951 0.443501 -3.706669 -0.744119 
7262000732976162266.mp3 :-93.963870 80.991866 20.760668 31.344029 9.737652 5.474719 1.233910 6.391193 -3.552663 6.740988 -9.611078 -2.390329 -2.831574 -0.055003 -0.923771 1.098141 -2.621196 1.965799 -0.025908 8.600149 -3.919793 -0.718876 -0.944142 3.294109 -2.420321 5.581031 -2.327713 3.471107 1.688901 -3.808506 -8.585693 1.472647 -0.410091 1.738257 -3.915228 -0.813715 -4.025412 0.071654 -3.767699 -0.486506 
7226451993634598399.mp3 :-22.391477 61.033142 1.879897 18.089278 2.435488 9.598938 -3.960952 3.061191 -4.552423 4.796488 -3.114964 2.175115 -4.168509 0.981799 -3.755716 2.097283 -5.359197 3.079919 -2.603946 2.684856 -1.174548 3.813879 -2.322845 4.782550 -1.251445 3.941106 -2.114688 2.290375 -2.538039 2.180670 -2.527292 0.648259 -2.846522 0.402892 -2.580777 2.076748 -2.853276 0.499310 -3.704761 0.066217 
723137256964190495.mp3 :-95.677879 75.453937 16.981558 26.165764 9.855529 14.083875 5.495259 5.476512 -4.749500 0.207693 -4.508077 1.871858 0.721310 5.411860 -1.096579 2.720272 -4.711187 1.740148 -4.345083 3.013563 -0.991263 1.042006 -6.081417 2.845544 -1.105804 3.408455 -2.244348 2.367453 -4.012278 -0.605577 -2.516384 1.202523 -2.502870 0.616797 -3.849980 0.307417 -2.975121 1.132147 -1.016753 1.829895 
7269865597862969692.mp3 :-163.459584 125.536511 -4.048850 24.207340 -2.173860 -2.546989 -5.276046 -8.674912 -8.880328 -3.401635 -15.038152 -7.846905 -9.369592 -6.056864 -7.661484 -1.069564 -6.187070 0.286856 -4.008733 -1.084391 -5.094977 -2.835695 -5.010932 0.951608 -1.736193 6.628388 0.397591 -2.305826 -8.900347 -3.768144 4.225301 4.021908 -3.986826 -0.387847 -5.921498 -3.817324 -2.456956 -1.876721 -1.985749 0.503252 
7222863786893760152.mp3 :-154.207614 104.358290 7.560884 20.127371 2.266434 7.063610 2.614998 -0.991158 -6.758222 4.962050 -5.013903 4.989534 -6.888303 2.392950 -2.978952 5.051880 -0.421204 -0.071091 -3.783047 2.980192 -1.056259 -1.121738 -1.648406 0.256205 -1.836534 2.749635 -1.369568 3.363698 -5.866406 -2.414263 0.119109 2.087160 -4.875358 -3.117911 -5.971837 -4.296887 -4.202551 0.884413 0.173702 1.443528 
7276155151261072708.mp3 :-97.074405 78.455732 -1.651452 29.199529 17.449728 -1.066888 6.789204 11.762336 -12.071095 3.798526 -4.428610 -1.146775 0.857277 -1.315784 -5.610554 -0.021819 -4.550340 1.055034 -4.869206 -0.529761 -7.676260 2.173767 -4.230804 0.414917 -1.004239 2.609678 -5.463679 3.301814 -6.396114 -2.048813 -4.090007 4.194595 -1.781692 4.022147 -2.508308 -0.203455 -2.959045 0.186071 -2.786778 -0.613995 
7223507131841861871.mp3 :-153.352069 111.658750 7.977734 8.776613 11.714000 -5.072533 6.777059 -1.164083 -7.624899 -3.691185 -10.457527 -5.083210 -8.625196 -2.553828 -7.589248 -5.783022 -6.926220 -4.497017 -10.074723 1.095351 -5.286127 -1.868511 -3.940996 2.758863 -4.551468 6.765696 -2.022435 2.850953 -0.196746 -0.560059 -2.933003 2.608781 -1.434679 -0.293082 -7.076822 -3.148822 -5.597536 -2.318221 -2.750453 -1.858405 
722799784464262432.mp3 :-169.897569 111.705727 4.357179 20.030554 5.001508 1.406792 4.866331 1.713241 -10.852850 8.778500 -13.692110 0.692808 -5.466833 3.050139 0.387391 8.740896 -2.244530 2.953112 0.218949 2.582465 1.320266 -3.454767 -4.989287 -1.550121 -3.974376 4.298729 0.066033 3.866485 -1.268076 -4.084706 -6.838626 3.614400 0.035802 0.556692 -3.130598 -1.665632 -3.312085 -0.882010 -1.207028 4.550935 
7212974249636154271.mp3 :-106.694994 61.380669 16.930048 26.998687 8.196669 7.995161 1.207969 4.932149 -7.557389 7.285666 -4.350570 5.460612 -0.611156 2.508904 -3.508609 2.365505 -6.405111 3.979463 -4.739443 2.140083 -5.863997 -0.556584 -2.607974 4.114275 -2.602160 1.118538 -0.334806 -0.185375 -4.392510 -0.295330 -0.375566 3.238525 0.155572 1.459556 -2.684386 0.957287 -3.906490 1.088515 -1.952905 0.622237 
7231327910813280424.mp3 :-261.143035 93.233321 4.931245 23.788508 4.594579 8.179679 5.214786 -2.876104 -8.876118 -0.629582 -7.834998 0.808189 -4.861302 -3.687145 -2.837594 0.308686 -4.090911 2.592100 -6.481998 -0.270325 -3.227581 3.060146 -1.802317 -5.123517 -10.360640 -3.936109 -4.835889 5.063981 2.701581 2.607073 -3.184593 1.594230 0.009165 0.468003 -6.624887 -0.533735 -3.580661 -3.020257 -5.632398 2.080616 
7262312306172264860.mp3 :-142.908514 98.986007 23.091669 21.529254 10.774427 9.353474 3.446935 4.347805 -12.264458 6.890923 -7.293635 -3.318401 -1.645708 -0.366933 -1.340446 0.337868 -1.648684 4.543400 -0.278807 3.314246 -3.098884 -1.021719 -5.362155 -0.807006 -3.344274 3.045590 -0.258237 3.330128 -3.291821 -4.187366 -4.862813 3.002182 -1.263128 2.240660 -2.340960 2.507792 -1.106977 2.224845 0.440257 6.533220 
7269278862632534945.mp3 :-50.873195 56.006043 29.187886 12.895737 3.745703 13.400464 0.427058 8.613828 -6.784882 3.487820 4.288275 1.300612 -5.013286 1.293049 -5.200282 -1.363964 -6.763567 0.674277 -1.812571 3.598074 -2.451345 4.717901 -0.007924 8.362236 0.850620 3.892437 -2.275846 2.718078 -5.944671 -1.814489 -0.704993 1.001964 -2.865705 0.004629 -3.607708 3.023117 -3.890761 0.829199 0.200525 3.146608 
7282200968050494266.mp3 :-173.836679 107.023931 44.329672 19.608916 22.542616 4.314634 5.093319 0.517968 -5.815728 -0.746750 -7.254492 2.435591 -0.871445 -2.673993 -4.259340 -0.436843 -5.761208 -0.629622 -4.393691 5.622826 -2.578957 0.156817 -6.437922 4.520709 -1.964297 3.118744 -1.281065 2.309676 -1.212185 2.096289 -9.233264 -1.810547 -1.594645 2.389642 -0.901479 1.944208 0.767783 0.491599 -2.161860 0.039503 
