2545420947658820814.mp3 :-119.289366 108.070634 23.038909 22.030703 4.053563 0.698498 -1.241306 0.836234 -11.626552 -0.208004 -2.260117 0.197479 -1.178504 -1.205932 -8.854411 -1.778761 -4.416413 -3.279765 -7.499745 -3.414568 -7.836169 -1.141288 -1.241779 3.978678 -1.365643 2.599388 -4.628996 -0.248257 -5.487736 -1.377040 -8.956954 -3.692330 -5.748607 2.241977 -2.791749 -0.057803 -4.543946 -1.599840 -3.280540 0.139357 
2524055382970201887.mp3 :-5.282370 71.457260 4.751424 24.511261 2.651006 8.391535 -1.544959 10.385971 -7.683036 5.528611 -2.165915 5.127279 -2.461686 1.224700 -6.615542 2.899158 -8.617195 2.591020 -6.048396 2.148079 -0.481572 4.146323 -3.198576 1.647528 -1.999243 -1.888183 -3.574322 0.108699 -5.143589 -1.727260 -1.024148 3.430350 -1.794774 -1.360093 -6.114180 -0.297158 -3.620664 0.643819 -5.501518 4.017949 
2535618361945468987.mp3 :-76.397993 89.217937 13.635680 29.901892 6.211080 5.207932 -2.704490 9.185234 -12.133503 1.263915 -5.002188 -0.211888 -4.205671 0.178072 -0.245089 -0.282960 -7.809624 -6.388627 -4.070624 -5.092220 -3.497818 1.889866 -5.410983 -4.241706 -4.628535 -1.436361 -4.966695 2.664425 -2.311561 0.859329 -4.394299 2.230340 -2.296047 1.659701 -3.453289 -0.200440 -5.540772 -2.591351 -4.761446 -0.168569 
2548109080937550508.mp3 :-39.566856 74.182119 4.357497 26.865475 1.695756 2.057637 -1.975358 4.139264 -8.353419 5.106014 -5.427857 -0.223242 -2.044435 -0.404104 -5.046448 0.607777 -6.152296 -1.431300 -4.736908 0.973775 -3.702086 1.525723 -6.619088 1.317097 -2.840009 1.145488 -0.461150 2.166825 -3.344194 -0.157539 -0.898871 1.820391 -3.034923 0.314676 -5.651401 -0.546193 -3.383757 1.635886 -2.299608 1.763751 
252404395948917889.mp3 :-314.374788 108.887024 -2.946230 30.013815 -13.669008 -1.172795 0.766995 -14.283160 -12.206215 -9.400365 -15.742226 -1.225655 -8.806436 -2.554001 -8.999333 -4.569442 -8.159468 -2.159873 -4.485440 4.879557 -2.146717 -1.418565 -10.844064 -6.358651 -1.725002 3.722993 2.435977 8.733150 1.741380 0.930670 -2.068909 1.489652 -0.830191 3.777340 1.026933 4.045671 -0.911289 2.919265 1.794192 7.147512 
2573181545159130760.mp3 :-140.808492 127.298817 10.410786 35.717278 5.185191 5.965755 -0.418048 10.176622 -10.202926 3.078485 0.577756 -1.420756 -2.518833 -1.246426 -3.730646 1.215667 -4.891246 -2.333020 -3.616577 -3.011336 -6.866964 0.483560 -7.896485 -0.848099 -4.479559 -1.549450 -7.044724 -0.189312 -3.897410 0.362580 -0.434751 1.225788 -3.480663 0.610880 -2.318513 0.534515 -5.301215 0.087860 -6.729113 0.565654 
2591655077744471550.mp3 :-350.534227 191.416016 17.200124 -2.065113 2.307753 -6.177351 -11.343406 -15.266470 -15.449038 -14.328669 -14.058097 -12.074826 -8.772556 -7.653555 -11.037817 -12.181163 -9.407286 -8.280210 -6.744740 -5.028514 -3.912011 -1.136702 -0.370078 -0.641868 -1.205254 -4.301985 -6.380101 -5.798498 -3.029067 1.437352 2.835952 -1.912036 -7.365830 -7.164836 -5.512849 -5.482485 -4.120344 -1.510430 2.732836 5.084515 
2515893077987273317.mp3 :-185.897089 115.078971 8.578085 24.700835 -1.003849 -1.682187 2.110655 3.353617 -11.135766 5.642712 -4.494199 -7.786687 -5.982068 -2.503235 -9.192661 1.365164 -9.717266 -0.603968 -2.934166 -3.589285 -6.018577 -0.548165 -2.884230 -0.984513 -6.716361 -1.629332 -2.829794 -1.093329 -5.324273 1.384468 -0.283971 2.698822 -0.756752 1.056241 -3.688246 -0.979217 -7.559674 -1.176902 -3.716796 -0.885274 
2526869983949588597.mp3 :-150.514545 90.531258 14.053379 35.555101 4.522688 15.402925 -0.338562 6.996751 -5.565388 1.521566 -3.036290 0.905028 -4.721556 -0.052516 -3.368527 0.649208 -5.899719 3.702321 -8.727762 -3.538848 -4.713299 -1.418121 -5.630949 -1.494293 -8.131812 -3.422846 -6.526554 0.782310 -3.976535 3.142236 4.958416 3.032498 -4.003739 -1.760889 -7.827071 -3.258489 -5.154704 1.043333 -1.639000 0.807037 
2556354594979351875.mp3 :-243.689500 107.105990 10.915837 23.868893 6.926902 1.838365 -3.278417 1.874262 -11.467750 -2.759697 -7.861356 -4.878134 -7.252734 -3.404207 -5.993216 -1.311777 -4.639431 -3.160160 -4.963308 -5.636903 -5.477489 0.419183 -4.680108 -0.890376 -2.534290 -0.872513 -8.437049 -2.721068 -6.679963 0.489230 -0.971567 -1.739176 -4.365514 -1.451221 -3.787011 0.578943 -2.929427 0.019268 -1.357980 -0.617759 
2535665852851849166.mp3 :-150.718864 117.334580 20.859233 8.589731 12.159008 3.408129 -6.782988 4.187715 -9.393081 -1.040433 -8.822854 -1.731776 -3.493102 -1.191365 -10.514912 1.576615 -5.021594 -3.154227 -2.204527 -3.761255 -5.428320 -1.874224 -7.295056 -2.410986 -9.241090 -2.631168 -7.365304 3.206840 -2.120875 0.259152 -9.508384 -4.391363 -3.805445 0.104679 -4.074216 0.395599 -4.556978 -1.399769 -5.604703 -2.485385 
2594255574863982951.mp3 :-114.018371 113.614873 28.948152 21.949327 9.153621 2.669356 -3.576140 5.219175 -14.762535 -8.815319 -5.127266 -5.946017 -7.476077 -0.142940 -3.186188 -2.303633 -3.771537 -0.203107 -0.547400 6.200657 -6.085042 2.312594 -7.669817 4.085746 -4.576491 4.090194 1.109471 3.546888 -3.177590 -1.634328 -5.792339 4.203879 0.924668 0.708628 -1.179085 -1.515265 -1.792904 2.904685 -2.271772 -0.098677 
2530943667776883261.mp3 :-229.491049 100.880338 5.206385 44.652954 -5.681607 8.903433 6.529130 -5.641071 -0.893813 -10.070261 -4.673452 -9.634487 -6.057846 -4.420725 -3.866279 -4.812705 -5.432091 -4.590924 -7.264208 -0.746287 -3.112048 2.505867 -2.049024 -1.167270 0.172895 2.183506 2.474651 7.466396 -0.534154 -0.625578 1.239968 6.623621 -0.424632 -1.579475 -8.332396 -5.582931 -6.624354 -0.514384 -0.743068 4.619029 
2525333278633316055.mp3 :-91.158283 92.176543 17.653387 21.508829 14.607324 8.237549 6.529443 2.781721 -3.589545 3.397590 -7.426566 0.812632 -3.914435 0.184499 -3.840745 6.232323 -0.257071 1.989971 0.306865 7.625399 -0.888584 -0.022984 -6.187369 -1.171048 -5.639964 4.636609 -0.348111 6.321988 -1.437781 -1.492540 -4.601052 1.615755 -1.204063 1.115460 -5.964124 -0.234430 -4.607798 -0.550336 0.022266 6.041089 
2535956698255959123.mp3 :-181.316408 104.637692 28.341684 30.153384 6.045517 4.303647 5.121584 2.989727 -8.179416 2.234422 -12.980564 -0.117822 -6.971445 4.028729 0.207746 5.592545 0.219540 5.040964 -5.890656 0.855402 -4.957544 2.893092 6.105413 4.539878 -1.186287 0.254554 -3.561348 5.289888 3.318338 2.382222 -3.218299 0.963606 -0.624395 2.692138 -1.196242 -1.217420 -5.407615 -6.850468 -11.735621 -7.810949 
2578179057558460908.mp3 :-60.946715 76.388829 4.491313 20.787744 5.832363 12.006273 -3.111443 10.536098 -2.354985 5.304263 0.170280 5.895157 0.896055 4.893644 -2.377904 3.975512 -2.604741 1.685953 -2.886069 1.098175 -1.857381 2.730426 -2.510687 2.763613 -1.422416 3.084974 -1.729475 3.476027 -3.123366 0.087306 -3.463131 1.649362 -1.894796 1.747333 -3.298520 0.382579 -3.399942 -0.254518 -3.791779 0.912170 
2528780170445353920.mp3 :-135.591220 94.717715 19.777515 17.187668 5.562397 10.223367 -3.114544 7.939763 2.894787 6.475944 -6.907815 -0.385250 -7.838143 1.450985 -0.721905 2.972330 -2.166585 1.724503 -3.904607 -0.998705 -5.289116 1.299829 -0.003379 3.595728 -4.608991 0.144987 -3.593013 1.659300 -3.827194 -0.452850 -2.537339 4.294564 -1.064982 1.183170 -6.059803 -2.814323 -8.802106 -4.668270 -4.122076 0.447236 
2544736501503874866.mp3 :-121.423149 91.624251 9.764533 23.948410 10.554536 4.890025 1.976937 3.292025 -6.250229 8.777374 -8.641293 2.878125 -5.213093 1.888662 -4.682992 1.590036 -3.622373 4.183835 -3.166125 5.652516 -0.663500 0.715927 -3.808137 -0.286883 -5.775716 2.100840 -4.340104 2.071398 -0.383505 2.002079 -5.238662 -1.679030 -4.647803 1.814284 -2.760959 0.158995 -3.015950 1.294223 -2.393118 -0.389449 
2584514258127901540.mp3 :-68.564767 62.228942 -4.400595 24.509316 -12.436933 8.311522 -6.582654 -0.752490 -9.289248 5.637072 -11.368334 -0.719648 -9.441746 -3.587705 -10.084692 -1.266908 -8.254378 2.141414 -9.551608 1.023246 -9.324340 -0.494799 -5.998463 -3.729113 -8.119703 -1.287264 -6.177513 2.397782 -2.299999 -0.909492 -3.985867 0.054580 -3.696948 -1.894911 -6.384435 -2.001013 -5.114987 -1.202146 -4.878395 0.432641 
254449649826440756.mp3 :-202.378196 116.928288 28.901603 40.410192 8.743377 9.073526 13.851526 -2.672655 4.929646 8.647619 -6.938173 -0.143098 -4.123841 1.267563 -2.844698 -0.538863 -7.887064 1.442701 -4.701648 6.872473 2.603581 6.105403 -2.430675 3.114454 -6.757229 0.218622 0.686384 8.284784 -2.065088 -2.430215 -4.041983 1.781035 -0.793717 -3.018048 -7.607193 -5.775255 -7.458113 -1.509092 -3.886780 3.348895 
258451838655162623.mp3 :-236.792346 128.492556 36.686340 21.027145 11.283182 -1.645202 -2.023044 -3.035268 -18.708543 -7.189849 -14.791953 -15.319885 -11.052633 -4.922860 -7.038477 -3.723370 -6.482916 -6.821588 -9.658044 -8.633365 -8.288252 -4.675936 -6.925058 -1.492543 -4.473182 -1.971470 -6.872160 -3.530890 -5.599836 2.042397 -2.037829 -1.009225 -3.267160 1.103508 -1.930987 0.342563 -2.780287 -1.436219 -5.081551 -6.094074 
259068485670084991.mp3 :-78.931684 94.901807 21.139215 27.792943 9.901041 2.248230 0.884760 6.486365 -9.377607 7.656342 -7.480571 2.601361 -3.117126 -2.466826 -2.616831 2.909472 -0.461463 3.330050 -3.971977 -1.542421 0.505270 0.753184 1.201614 3.700572 -2.669685 1.194740 -5.023883 -0.512570 -0.586755 -0.085413 -4.397903 0.916885 0.675380 3.934741 0.256278 0.428080 -3.608447 -2.239502 -5.833425 -0.646623 
2563786926600620213.mp3 :-129.708156 42.602494 51.284638 38.112859 -5.280939 8.050228 -3.031841 3.017669 -21.593571 7.836201 -10.331540 1.885601 -6.406771 -1.089617 -4.652875 1.124657 -7.809666 -0.274564 -6.298684 -0.259922 -3.522089 1.348518 -7.561590 2.065786 -5.524332 -0.908470 -1.770247 0.848095 -3.708638 1.930863 -4.836878 0.736729 -3.467067 0.599427 -3.232797 0.117828 -4.593955 -1.862437 -4.825639 1.710149 
2570017625101981455.mp3 :-122.330456 132.926460 3.956542 22.233145 4.276068 3.103305 2.925759 -2.032995 -11.927815 8.483462 -12.786652 3.768996 0.303912 -1.569190 -7.173451 2.745469 -4.280314 2.726520 -3.632920 3.417704 0.581187 1.530904 -2.021329 3.073684 -3.347642 4.873396 -0.088207 3.623259 -1.837101 -4.552782 -6.755858 0.851409 -1.522403 0.792836 -4.597481 -1.119953 -4.298741 0.857246 -3.016980 4.686070 
2587543367011652315.mp3 :-88.539434 88.276086 8.502257 30.803004 5.844144 3.310857 -5.983165 11.931372 -14.214757 6.106294 -2.185151 -0.281778 -0.390982 1.565874 -1.203282 -0.007481 -0.910369 -1.456318 -4.155664 0.626084 -2.466670 6.152923 -0.624970 0.075009 -6.683576 0.894219 -2.560485 5.909892 3.908334 5.582827 -0.902986 0.544323 -0.964124 2.599320 -1.662499 -0.235320 -5.853105 -2.039952 -7.237977 1.599912 
2534797481805992811.mp3 :-77.920336 65.064222 8.387385 36.735666 5.666605 8.270448 5.131257 4.530848 3.587950 6.130651 1.144480 10.425913 0.014448 6.051829 -1.487467 7.219126 -0.398592 4.567558 -0.989892 3.406174 -3.070414 3.507284 -1.199139 4.134503 -0.730652 3.295739 -2.674220 2.150302 -6.515640 -1.934353 -2.942830 2.749783 -1.978960 0.957031 -3.245428 -0.237130 -4.226527 1.173710 -0.532893 2.649970 
2559772048081748019.mp3 :-41.627777 73.870556 -4.622833 37.391601 2.844380 16.860311 5.020254 6.410148 -0.145074 4.604925 -0.697574 5.750698 1.482536 2.981271 -1.394568 2.614987 -6.561083 4.763884 -1.063052 2.710273 -5.280544 2.120923 -3.589323 -2.616720 -1.636753 3.747339 -4.152752 2.890495 -6.944769 -0.960429 -2.582697 -1.548685 -1.498798 1.758972 -2.318495 0.400705 -6.463707 0.934156 -0.516030 -0.199715 
2557638887211417766.mp3 :-89.650714 80.592949 5.457666 21.199549 6.093886 8.834046 -6.088434 4.817405 -5.156737 1.933039 -5.670683 -0.769475 -7.585208 1.436101 -3.978881 -0.546173 -5.979670 -1.980704 -4.778487 1.253388 -6.521665 -3.382873 -7.316983 -0.869010 -4.628599 2.672273 -2.173885 3.059969 -3.626739 0.568515 -4.995238 0.235426 -3.494880 0.019160 -3.151610 1.038921 -4.565765 -0.551484 -4.656935 -0.754718 
2566707895566121159.mp3 :1.110217 63.360163 -5.435102 20.850313 2.478999 6.320439 -0.672042 5.423444 -7.836442 6.008172 -1.268871 5.620712 -2.257213 3.130272 -2.619585 2.529388 -4.258342 1.590827 -4.300192 2.028427 -2.160579 1.893431 -3.028040 0.989898 -5.966783 0.129198 -4.156745 0.705669 -1.344988 6.260004 -2.687568 -0.388679 -3.561414 1.608196 -2.386255 2.145263 -2.977328 0.740052 -2.320026 -0.528750 
2552623359852042235.mp3 :-88.530576 96.780215 43.549864 23.452749 13.306371 5.733250 7.869831 4.626619 -2.517299 9.354061 -12.101920 4.485082 -10.374098 -0.711556 -6.470621 -2.709349 -6.808930 2.293538 -4.895909 -2.105824 -10.309102 -3.548001 -0.225587 3.776426 -0.392011 2.289083 -10.751918 -0.029126 -4.556173 3.901812 -7.571354 -2.972413 -1.307771 3.569726 3.127619 1.260620 -2.346263 -4.299970 -5.034908 -3.803382 
2553980032943866333.mp3 :-164.037539 102.127007 28.032491 31.950537 13.571127 12.448813 9.115728 0.157363 -5.546149 2.233203 -8.472005 -4.559417 -3.682585 -5.108421 -6.958688 -1.087185 -5.916070 0.429450 -3.271033 1.537259 -3.472959 4.243713 -1.829549 2.375921 -6.855967 -2.870970 -9.936323 0.477030 -0.599562 2.987662 -2.053995 -0.787037 -1.810936 0.293513 -3.316960 -1.007072 -4.647554 1.602781 -4.319452 -2.237780 
2534393681642029354.mp3 :-204.075309 144.591125 4.075896 27.779396 7.616086 5.209077 2.334794 8.311561 -7.712546 -2.121678 -2.663628 -0.319571 -4.181289 -0.221628 -7.617775 0.397195 -2.007268 -4.324853 -6.317942 -0.250580 -6.563465 3.786143 -3.288583 0.069509 -1.023562 0.519436 -3.657222 3.535031 -3.621137 -0.419557 3.158400 3.407228 -1.075582 0.737814 -5.882081 -3.627173 -4.072116 0.991563 0.242271 2.419469 
2521817970528753054.mp3 :-83.166244 93.396493 13.291054 20.499071 5.058247 8.013410 2.558333 11.319338 -5.892147 8.903227 -2.357617 2.108745 -1.681374 2.049809 0.298406 3.206898 -1.583894 2.904679 -3.265265 1.346549 -4.233460 0.062349 -2.999878 3.153086 -0.934306 4.772355 -1.235496 2.112073 -3.508282 2.168957 0.652964 3.805153 -2.173192 2.502210 -1.642350 1.769279 -0.515347 1.864305 -1.295821 1.674418 
2558661811480980640.mp3 :-483.258747 168.069972 19.972789 17.422539 -7.532784 -8.469300 -5.241829 -6.640422 -5.594908 -5.719323 -4.865267 -1.950984 -2.613447 -1.364998 -0.799973 1.642102 1.972753 0.838679 1.276264 2.727968 -0.197772 -4.423468 -5.839246 -4.125033 -3.033213 -0.033453 3.333692 4.850073 2.238456 -2.110007 -3.915501 0.396782 2.982525 -0.604495 -4.911085 -5.806816 -6.025853 -4.035887 -1.798895 -0.328048 
2544687982766694486.mp3 :-249.187863 80.840817 -26.190662 1.235152 -5.419225 -9.127933 -9.461612 -14.466260 -6.528245 3.501353 -3.819157 11.976030 -2.157172 1.441249 -0.347667 -0.943442 -3.819919 1.278830 -3.437216 7.563029 4.809882 12.277495 5.102186 2.709511 0.327595 0.839999 -5.175990 -1.071646 -5.702795 6.244913 6.332917 0.766552 -12.078977 -5.201507 -4.572404 2.961856 1.722172 1.819542 2.006812 8.279427 
253457240618498904.mp3 :-149.670771 81.543148 15.307345 29.624875 9.177978 11.275859 3.777656 3.647019 -8.682485 5.345981 -8.695122 0.061426 -4.424953 -0.855359 -4.245882 -0.412267 0.407923 3.127009 -4.095438 3.069071 -3.809622 7.217390 -1.374160 -2.208972 -7.755444 -3.755434 -9.238587 0.672735 -4.299218 2.958056 0.599727 3.208936 -4.116612 -0.842510 -3.621661 -0.257522 -5.407403 1.733253 -1.374344 -1.723437 
2553231401691234382.mp3 :-126.209486 60.854646 -1.454078 26.531351 1.589645 17.607287 2.063427 13.089485 -0.015088 8.130815 -4.024965 3.833193 -2.609085 6.911534 -2.639459 1.694218 -5.181897 0.062703 -6.287938 1.020331 -2.745386 3.005354 -2.561135 3.005565 -3.562433 2.983318 -1.877206 3.370169 -2.322347 2.270690 0.224623 4.421213 -3.584357 -0.193699 -2.777518 1.163479 -2.885405 2.121915 -0.739206 1.150486 
2594060570267123232.mp3 :-259.380136 68.864275 8.684299 22.713142 2.711735 10.010025 0.772153 6.307208 -7.836525 -2.119897 -1.471848 2.093889 -4.295992 -1.485028 -5.408754 -2.291396 -6.437734 -0.942301 -8.760346 -3.197603 -2.073456 -1.921294 -4.951066 0.075815 -5.158497 -3.047569 -3.715579 0.833374 -3.335333 1.685861 -2.416922 2.516448 -0.711277 0.172436 -6.535897 -4.001533 -6.718116 -1.972201 -2.221236 1.087273 
2530401982410711108.mp3 :-167.540591 108.581224 -8.195776 10.023707 2.693296 15.473032 3.098920 7.873095 3.401410 3.500145 -2.062530 2.036014 -3.098668 6.173544 2.378758 4.560143 0.605206 0.213397 -6.383470 3.042775 -5.426353 -0.187031 -5.152911 -2.615811 -3.699785 -0.449289 -5.960845 -0.209454 -8.112128 -1.188789 -2.912691 0.281507 -4.446707 -1.430003 -3.906998 -1.224720 -3.336745 -0.922170 -3.343878 -0.427718 
2534567233334490555.mp3 :-158.163472 101.927043 -11.608241 28.722165 -3.487390 11.160573 -4.351229 3.276377 -6.998547 7.358600 -4.763077 -3.403249 -4.279191 2.261485 -1.930803 5.257584 -2.619903 1.648188 -2.396095 -2.683339 -5.650640 -1.585620 -7.019648 1.359180 -4.957845 -1.665946 -3.802659 -1.179123 -5.552226 3.716339 2.207189 2.295650 -1.787330 2.900698 0.478324 4.376927 0.493006 0.394668 -4.574898 -2.915027 
258422102258118526.mp3 :-22.364079 79.630760 11.395413 21.104312 10.022035 13.458547 7.722700 9.556803 -4.380377 9.482252 1.668490 3.548864 -1.603619 1.375858 -5.209296 1.595373 -4.121754 1.457408 -2.829659 6.753188 -2.010876 2.748696 -3.265948 4.154141 -1.444625 2.264450 -3.899752 0.175639 -4.004156 3.869994 -3.463162 -4.192358 -7.619830 -0.785118 -3.600591 0.348309 -2.670033 0.794934 -3.974997 -2.518797 
259225895074111365.mp3 :-65.156974 99.399153 2.284879 18.065964 -0.900533 8.198000 -2.880300 6.713302 -11.377250 1.123043 -5.290992 -3.748610 -6.022760 -3.770377 -4.385490 -0.544486 -8.024976 1.210623 -3.588080 2.805543 -1.968016 -2.210917 -6.529048 0.041625 -4.250523 1.948370 -6.449378 1.782035 -3.864874 -1.556847 -6.376815 -1.635619 -2.656213 1.483382 -2.111015 1.498891 -0.292181 1.933248 -0.558666 3.641884 
2540299626857952935.mp3 :-161.593240 91.789906 15.845886 32.159028 6.051344 4.202615 2.183641 4.883689 -8.937257 6.916959 -5.450907 3.401769 -3.928431 -1.044260 -0.814856 2.705254 -5.041814 0.147127 -5.766231 0.162211 -7.388352 -0.178767 -3.963709 0.910602 -4.435717 1.812836 -0.623579 2.163395 -2.423240 1.423327 -3.475333 2.956562 1.762746 3.041785 -4.204803 0.275822 -3.118839 0.319355 -2.632217 -0.056019 
2554792821530594740.mp3 :-105.032951 104.092172 16.080671 25.383310 11.688350 4.969622 3.462129 7.586391 -15.142958 6.529382 -1.938733 -6.241062 0.659220 -2.518602 -6.213933 1.848849 -11.446301 2.447874 -5.307567 -2.000570 -2.643844 0.663993 -5.504893 1.352479 -5.689027 -1.014654 -4.583528 0.099289 -6.379233 -2.498744 -2.534410 2.446872 0.688351 -0.521598 -4.489879 -1.593460 -5.305030 -0.108494 -4.612949 -0.242201 
2516437990238001782.mp3 :-57.666250 85.296910 23.127119 32.139046 5.592436 7.043096 0.885984 6.732616 -9.726499 3.947377 -0.392603 -1.662811 -2.559286 -0.144084 -4.586036 2.573844 -4.185916 0.870241 -4.065336 2.318154 -1.459923 1.688552 -5.253145 0.687495 -5.408929 1.618901 -3.317429 4.637508 -2.278710 0.543992 -4.275004 0.601033 -2.331951 2.542724 -3.169550 0.598247 -2.540739 0.036379 -0.469184 3.851841 
2523813662063435552.mp3 :-104.155039 96.389733 15.873755 31.883955 6.297291 11.328407 2.405613 3.155392 -6.424403 1.521795 -7.196755 0.904768 -4.152900 2.325090 -4.220727 2.549913 -0.998493 7.007882 1.536416 2.567591 -5.097851 3.719093 3.858560 5.971445 0.917870 2.181634 -1.982894 -1.755554 -3.676908 5.735234 2.779274 2.958465 -1.655652 2.871756 0.242230 2.903757 -2.578553 0.105949 -4.703660 -1.821287 
2584965322966568346.mp3 :-78.801612 80.593190 10.825691 23.618202 16.280165 6.424981 2.748278 7.790528 -7.608903 5.654511 -4.592129 1.768703 1.833449 0.092715 -6.522310 4.543566 -4.755650 -3.790829 1.557197 -0.453443 -8.660474 0.965189 -1.310780 -1.115976 -2.353713 2.212363 -7.015027 -0.511597 -5.003930 2.921035 -0.915753 1.731013 -5.398472 1.607463 -2.078023 1.627092 -3.419850 1.168969 -4.044526 -2.509577 
2565004377010712401.mp3 :-222.698283 70.457168 11.208329 26.424084 5.264756 3.820316 -0.371148 7.759735 -8.331740 5.891329 -4.142267 1.777074 -0.251356 -1.566895 -4.214113 0.146553 -7.555562 0.529404 -2.249694 -0.185718 -11.096759 -4.135383 -3.921607 7.487736 1.683495 2.958134 -1.756815 0.315068 -6.447651 -4.737720 -10.455779 -2.598423 0.556826 5.765959 2.205295 3.091724 -0.495422 -0.572552 -0.240733 0.956635 
2532548015525786981.mp3 :-179.791183 84.980799 11.914171 37.722114 6.758361 4.639499 5.297598 9.552739 -12.810736 12.183590 -6.048771 2.435850 1.476397 -2.154355 -3.038633 1.290921 -8.702804 -1.014347 -4.952855 0.747297 -6.468538 -2.730326 -6.913591 3.331375 -2.739873 0.310290 -1.678098 2.499732 -2.433538 -1.042634 -8.863529 -3.352291 -1.686302 3.898227 -0.726834 2.894748 -2.080496 -0.363293 -3.095956 0.785450 
2587158042579633125.mp3 :-127.970419 107.329559 -7.243220 23.607663 -1.164175 -4.582985 -2.661299 1.663860 -14.492408 -1.391576 -8.583526 -4.278632 -1.625985 -6.211545 -5.891990 -2.715771 -6.997949 -2.627633 -7.628735 -7.711126 -6.153291 3.029603 -6.057223 0.257616 -6.184293 -1.401472 -6.724954 -1.479608 -6.246775 -1.780670 -0.918644 2.244339 -4.028208 0.238286 -4.576684 -1.348002 -3.975956 -0.906230 -4.550750 -0.873826 
