7318518540045205443.mp3 :-74.142629 103.107365 14.391347 24.645902 6.251368 5.186159 -5.139248 10.251574 -9.428618 6.933236 -4.356427 2.144780 -3.296975 -3.428848 -3.621024 -1.436117 -7.749041 0.062007 -4.592683 -2.608287 -3.663392 -1.796873 -4.458874 6.035793 -1.919767 -0.121702 -4.775992 -3.412316 -5.705601 3.547356 -1.781774 3.064157 -0.228933 2.413235 -0.699176 3.931814 -0.737212 1.678955 -3.513447 -0.169648 
728584531036557837.mp3 :-168.941842 115.677285 7.655906 15.202084 5.498187 6.138772 -4.626472 4.309027 -10.098576 -4.153653 0.935817 -3.549281 -4.565932 -4.042493 0.363142 2.082521 -6.993868 -1.733607 -3.594969 -1.609383 -5.010890 -2.058815 -9.301976 -5.139496 -8.311387 -2.793697 -7.446639 3.044290 0.400584 4.472622 -3.649186 -3.038672 -2.762918 -0.025911 -4.074400 -1.597007 -5.600572 -3.387627 -5.967881 -0.949036 
7325191547541667594.mp3 :-170.700533 131.882867 -15.815172 29.626764 4.128298 -9.753565 -4.058825 1.310428 -24.910242 2.347870 -15.909952 -6.654359 -4.856154 -4.920321 -10.820060 -3.876789 -11.041152 -5.364020 -5.322055 -7.156718 -6.963678 3.255654 -7.167769 -4.696891 -0.778767 -3.898481 -2.010622 3.174005 0.006442 4.137339 4.576166 -0.052981 -4.121316 -4.481099 -8.231211 -2.012988 -1.105231 0.873870 0.096110 2.069302 
7340621980992074480.mp3 :-95.513005 86.420579 31.074987 17.705347 3.136020 3.561422 -0.125351 4.920591 -8.183682 2.570472 -4.426329 0.523328 -1.348577 1.749770 -3.883704 -0.525140 -6.073051 -2.173671 -7.835691 -1.294408 -2.491077 0.533281 -5.294677 -0.096108 -4.777710 1.260235 -4.463587 -1.457506 -4.222956 3.332442 -1.581540 -1.287342 -8.723456 -1.305439 -6.387347 -0.042661 -2.805117 0.827302 -3.330386 -0.365650 
732221649870247113.mp3 :-93.725545 85.514695 16.430192 31.137767 6.960736 15.639193 -0.204970 5.344105 3.298635 1.764750 -0.459612 6.083869 -4.016531 5.692470 -3.975890 3.621207 -2.661584 -2.326368 -1.514077 5.341855 -5.111859 -4.750830 -7.556036 0.151455 -3.625689 0.648352 -3.648227 1.257790 -8.308314 -5.858003 -6.746727 1.411957 -5.976118 -4.227981 -5.538278 -1.017953 -5.657801 -1.099422 0.125385 3.467726 
7342612377892264876.mp3 :-141.551275 109.168129 -7.175195 29.964392 6.250454 2.144773 -3.845735 5.969704 -13.768852 0.695824 -7.265263 -7.739813 0.949508 -8.268756 -12.283560 1.668129 -12.918281 -2.821963 -4.689231 -9.230829 -8.623597 -1.947131 -6.152904 2.545659 -0.746097 3.672985 -4.492941 1.526912 -6.256457 -0.995783 3.378068 2.757026 -1.312961 -0.823722 -4.359927 -1.327368 -4.164512 -2.744606 -3.052334 1.845594 
7340257527751883290.mp3 :-81.356553 73.423674 -1.971268 13.903474 10.977129 3.801168 12.463549 3.932920 -1.880497 3.853537 -7.655391 -1.616863 -6.397461 2.127545 -2.600857 -0.547930 -3.788100 -0.023300 -3.679981 1.081812 -3.657317 2.461273 -0.209176 1.143954 -2.886467 2.233424 -7.457342 2.456599 -1.541073 3.411398 -4.767857 0.079572 -1.784257 0.683610 -2.849690 -0.372381 -3.365074 -1.563530 -6.145646 -1.314983 
7289464276030946655.mp3 :-291.641902 130.869180 10.472824 16.349125 -2.814342 -4.097990 -0.565191 2.546742 -1.124306 -0.462371 -7.364355 -6.776934 -7.130563 -1.277035 -0.734945 0.113012 -4.628774 -1.275521 -1.641306 -3.798041 -9.274846 -8.399311 -4.610928 -1.959418 -1.219747 2.047721 -1.750468 -2.020068 1.562089 4.623895 -0.807826 -3.485002 -1.261921 5.140727 1.481528 2.366795 0.719431 -2.598144 -8.136208 -7.104179 
7346952963185925366.mp3 :-116.739517 79.110975 -16.247884 30.275621 -14.623374 15.765726 -2.558345 -2.778893 -3.630203 -2.318043 -3.789430 -0.667522 -5.088459 -1.855657 -2.691285 3.076805 -4.434357 2.867067 -4.467447 0.936111 -3.259349 1.664812 -3.203905 1.369619 -1.840340 3.261608 -3.837303 -2.220180 -6.205271 1.122728 -1.125814 0.665299 -4.457864 -1.571740 -3.254392 0.067773 -3.284443 0.173830 -2.691241 -0.293239 
7357199053822431957.mp3 :-55.250301 80.428243 8.732493 18.714779 9.793534 18.440209 2.305034 8.112853 -3.462712 2.856931 1.291471 4.872083 1.013148 4.204733 -2.581359 2.183776 -4.411447 1.011292 -6.140313 -2.321789 -4.749530 1.946971 -1.834243 5.512098 -1.404655 2.635425 -1.694093 2.158767 -2.241675 2.536650 -4.616080 -0.000068 -4.734343 0.410190 -1.309195 1.173932 -3.428694 0.246241 -1.571886 1.245070 
7335570686051588467.mp3 :-143.285583 109.855351 24.586119 30.269556 12.382489 1.982548 1.996182 7.795564 -11.421339 7.868512 -2.571409 -2.309669 -0.829539 -3.894379 -6.067889 -0.205050 -6.700210 -1.073018 -6.860504 1.497923 -2.110191 2.425059 -4.705228 -0.178164 -4.835795 -2.378775 -0.956535 -0.258428 -4.257793 -1.659578 -0.914789 4.225556 -0.310135 0.448108 -5.882364 -2.815742 -5.375454 -1.979560 -5.046709 0.556583 
7306120407744305383.mp3 :-100.737105 79.151331 10.390257 29.142792 4.462124 10.666327 3.356391 9.288063 -5.088270 8.953061 -0.526001 3.108621 -1.023523 3.457161 -4.213558 3.161990 -3.073071 2.194278 -1.289405 2.382269 -3.524174 1.892354 -3.852793 0.508841 -3.495370 2.200250 -3.226377 1.779457 -3.609790 -0.357597 -0.768279 3.055060 -2.301628 1.094692 -3.164023 0.050914 -2.174057 1.408658 -2.035500 0.911775 
7365123687417129467.mp3 :-87.310048 90.273093 8.360669 23.736165 3.582835 1.327653 5.613651 5.249855 -5.492592 6.057223 -9.084113 4.102124 -5.711625 2.572968 -6.839092 -1.381969 -5.219576 2.939309 -5.788653 3.077323 -0.768109 3.607300 -1.758673 0.033218 -4.775419 -0.593372 -4.780205 0.052103 -2.565185 5.146091 -1.132291 -0.131136 -5.048707 -1.659744 -3.333125 0.150027 -4.679615 -1.403651 -2.540164 1.006315 
7341064279531853892.mp3 :-110.566351 92.637814 6.888505 25.514152 0.068521 7.516142 -0.863020 8.499576 -8.388915 2.373917 -1.512065 -0.305031 -3.755352 1.685605 -4.046891 0.152674 -2.933709 0.726881 -3.229795 2.536519 -2.991971 0.274501 -9.275230 -1.969785 -1.412894 0.338879 -1.026799 1.331102 -6.018796 2.252992 -0.733520 -0.605403 -5.389966 -3.902716 -6.609390 1.682663 -0.975462 5.494277 -0.502793 0.414238 
736101478675461980.mp3 :-121.432934 95.519399 17.624547 25.741663 7.663024 9.539795 6.450095 3.160866 2.962740 3.019683 -4.872981 5.003828 -2.441066 2.645926 -2.709533 4.811855 0.089804 4.376072 -1.415357 2.129055 -0.945458 5.368183 -2.174798 1.836842 -3.523704 0.306917 -1.544062 1.411557 -4.974998 2.276810 0.200525 4.410879 -4.183613 -2.636432 -5.695316 -0.966258 -3.119570 0.519136 -1.887342 2.623953 
7298030106749278463.mp3 :-264.395101 130.916802 8.723191 17.405640 8.215004 5.783499 -2.655808 -0.081845 -5.655500 -3.791570 -6.289916 -1.168517 -3.213607 -1.063347 -3.379446 -3.316346 -5.615387 -3.565737 -5.713179 -2.940740 -1.809880 2.664441 -2.181432 -1.362389 -2.115738 0.455168 -1.615966 1.114573 -1.469782 -1.056873 -1.984064 1.317705 -0.367661 -2.268498 -5.758162 -3.453289 -6.009270 -4.102932 -1.975323 5.147637 
7345014557284764386.mp3 :-126.044641 80.947254 39.412612 27.917123 8.624253 12.311681 4.838433 8.567468 -0.834743 7.750064 -2.961664 1.400371 -5.524138 1.394344 -5.379220 5.204068 -0.384503 6.202125 -1.058181 0.433725 -5.064639 3.633303 1.993760 5.793498 -3.754488 3.786759 -4.622634 0.888732 -7.872129 -1.223689 -0.110022 5.564499 -1.470905 0.636095 -1.872160 1.314641 -1.494384 -0.096068 -1.864747 1.066557 
7289476766350681584.mp3 :-106.139219 102.327721 4.814442 29.395046 16.013510 1.557202 5.381296 10.176305 -9.026105 4.225927 0.826450 6.307148 -3.497904 0.762105 -5.841481 -0.084568 -3.357588 1.078175 -3.507746 1.640715 -4.703954 -2.501720 -7.177305 -2.060844 -5.869748 3.701555 -1.383201 1.770146 -2.812037 -1.511289 -5.430963 2.757273 -1.007773 0.395114 -4.684227 -2.274500 -4.061381 1.604630 0.201652 3.131424 
7314774722980084613.mp3 :-76.394351 78.875216 0.905351 48.285028 -6.326969 7.521069 -1.557125 -10.556858 -2.393005 1.019356 -7.605389 0.722667 -9.249083 1.445050 -4.788910 1.638132 -6.160305 3.657276 2.454104 1.963997 -3.981224 -1.723230 -2.938523 6.528626 1.699023 7.296636 -1.783964 4.698303 -1.280003 0.420126 -7.899254 1.002674 0.424741 5.332419 -1.278996 2.429824 -4.213203 -2.010712 -4.018858 1.748431 
7340899981709143370.mp3 :-35.497122 82.623295 4.283225 18.073126 2.343567 -3.802878 -3.217396 -2.056932 -9.291349 -0.933971 -7.100094 6.537444 1.788950 7.773871 -0.838422 -3.715377 -7.451040 0.157246 -4.234149 1.863129 -4.287022 1.264136 0.829377 8.328208 4.191746 8.671123 1.780450 5.876374 0.029300 -0.053337 -5.840877 -1.921556 -4.734790 0.207804 -1.811420 1.539147 -4.790360 -1.773064 -2.370438 2.614733 
7324668099112279563.mp3 :-193.188014 102.654905 -6.905299 30.108701 1.105893 -5.854897 -1.207633 6.717776 -19.160826 0.408404 -5.117912 -7.544665 -8.011152 -4.358571 -12.680713 -0.909897 -7.796987 -3.984328 -7.132989 -3.261961 -1.306087 5.194960 -1.423231 -1.860097 -5.469075 -5.093134 -2.510355 6.215261 -0.032352 1.389695 -3.008781 -2.958613 -1.545771 1.952146 -3.069837 -0.899778 -3.598034 -2.643035 -4.661850 1.085855 
7285568190084430554.mp3 :-224.357932 99.262874 18.233541 32.526603 13.093977 10.283621 4.291441 8.331155 -9.140909 11.123247 -12.256240 6.478217 -5.609890 3.935884 -8.599771 1.656862 -4.314457 5.961624 -8.136480 5.422300 -4.587527 -1.179351 -0.313861 3.844862 0.557495 2.986937 -3.154928 -0.250463 1.327025 1.370395 -5.093851 -1.720843 -3.687785 3.810079 -0.081934 3.350432 -1.868215 0.623615 -6.307436 -1.086632 
7299266007830125024.mp3 :-80.995581 104.890977 -27.087472 7.577906 -10.349387 -2.714807 -8.772891 4.633539 -0.636227 11.363162 5.370688 8.236194 -2.898430 4.391415 -3.419250 5.447648 -1.879280 3.706344 0.346252 6.115265 -0.662441 2.624865 -2.364271 1.991049 -2.860705 1.692185 -4.052471 0.493771 -3.063735 0.741974 -4.529588 -0.221433 -2.772587 1.593684 -2.134692 1.078548 -3.444522 -0.562211 -3.894945 0.200469 
7356895427827435929.mp3 :-135.780928 90.379695 20.866857 28.041357 1.242275 4.555216 -1.565616 5.455670 -6.216837 -2.972582 -0.973526 -2.934480 -4.347180 3.536309 -1.353573 -1.839652 -3.092194 -2.117392 -4.716306 3.772962 -4.708133 3.219059 -8.113431 1.299856 -7.149645 1.323982 -2.504518 4.603099 -3.574363 -2.739439 -7.780196 3.630029 0.844233 2.202947 -1.584310 -2.263951 -0.488821 0.339755 -1.968021 1.022476 
7330371014874531259.mp3 :-63.741510 81.483621 22.992597 22.673926 -0.430332 2.104136 7.599166 2.277470 -8.056083 7.886415 -10.091492 2.064638 -5.688273 0.862662 -2.844974 3.651533 -7.611745 4.090709 -1.748830 2.459062 -3.216903 0.030765 -4.155770 -1.225131 -10.768403 0.063848 -4.514004 4.897442 2.788824 1.212803 -8.317829 -2.764439 -3.497231 1.921324 -4.412541 -0.772136 -5.104190 -3.433699 -6.906864 -0.382095 
7317029552752189856.mp3 :-108.862608 105.230188 10.587809 25.787759 12.543124 -4.607588 -0.939033 13.661525 -15.471524 9.779619 -5.837336 -5.921867 6.005585 -2.656432 -4.614069 4.298152 -8.102698 -2.648334 -3.523219 -4.071965 -4.447622 0.059303 -9.147035 -1.095869 -1.854457 1.530455 -3.092441 2.251923 -6.964722 2.069891 4.409412 1.895011 -6.402612 -7.476939 -10.097894 -1.209124 -2.761837 3.339376 -3.157989 0.754787 
736259253851214905.mp3 :-2.226113 83.807789 -5.928837 19.911144 1.446012 8.056221 0.025695 11.516632 -2.969785 8.403063 -2.139984 4.664203 -2.523267 3.308269 0.863252 3.773049 -2.788265 1.941878 -4.125567 2.108601 -3.997617 0.065819 -4.832877 1.414949 -1.001521 4.098980 0.967921 5.623753 -0.104462 2.954364 -4.179921 1.534818 -0.490057 3.317652 -2.856880 -0.352352 -4.805132 0.762395 -0.793626 1.262943 
7366148379806305109.mp3 :-101.604399 64.195482 7.849929 27.596508 7.135708 8.852883 6.396323 10.802587 -4.629519 6.638289 0.451142 5.931810 0.850343 6.103168 -3.682771 1.827365 -4.116673 0.545629 -3.536201 1.579161 -4.447993 0.303529 -3.608984 1.443091 -1.183621 3.816579 -3.130537 2.167323 0.169302 3.724412 -1.174921 -2.474106 -7.301383 -0.826852 -2.268767 2.897009 0.162041 2.784530 -1.429384 2.350929 
7333609841182033655.mp3 :-194.871919 114.097028 18.855750 28.143829 1.041719 -1.215094 2.281179 -7.532634 -9.948825 -4.195531 -12.643624 -0.590941 -5.354083 -4.137914 -5.193902 -2.100167 -2.688469 0.478653 -11.820484 -1.115012 -7.562695 -1.212931 -1.437449 1.127393 -2.532918 -0.329786 -7.622638 1.673599 -3.380872 -0.997472 -2.586958 2.012449 1.091727 4.822274 0.415924 1.430245 -3.894405 -3.975122 -7.772170 -2.725576 
7311942543388706552.mp3 :-126.571797 104.593072 -3.264716 24.110989 -2.303698 3.547108 9.987382 5.499518 -11.911835 11.893916 -11.167980 2.393837 -3.820823 2.835976 0.604053 1.289728 -8.196318 -0.800139 -1.904633 5.236062 -2.219146 -3.424345 -8.142210 0.242230 -3.767543 4.549332 -1.732550 4.216103 -0.704421 -2.546130 -4.698233 3.993396 -2.670724 -1.534227 -5.187940 0.730223 -4.034066 2.250032 3.482552 5.205307 
7307137741904434842.mp3 :-48.949392 66.072484 9.405040 22.800594 -4.092695 13.056549 1.177235 3.481127 -3.868737 7.419926 -6.591392 -0.242934 -5.225264 -2.633661 -7.268577 2.478645 -5.391542 5.492737 -1.374175 4.882233 -5.103583 -1.095910 -5.858592 0.569220 -3.603365 0.636638 -5.357819 3.576744 -2.456327 -1.189332 -3.854620 3.948354 -2.568339 -0.489991 -2.805884 1.959145 -2.239832 2.953694 -1.248300 2.508419 
7288528564602284088.mp3 :-134.066783 115.693800 6.425869 25.063994 4.074423 3.134275 2.979060 4.149214 -5.708436 6.928092 -8.240426 1.220967 -6.288259 -2.359418 -5.561206 0.065244 -3.651387 4.249425 -3.883276 -0.205127 -6.208546 -2.605890 -0.228274 3.502325 -2.058498 2.304342 -3.590511 -1.765322 -6.814659 -5.185431 -4.023036 5.162322 0.380704 2.788133 -2.986183 -0.173823 -2.518052 1.615344 -1.399685 0.039914 
7307214743518291848.mp3 :-70.726517 65.408013 12.072435 32.814074 -7.306469 12.658589 -4.035490 -2.018096 -4.358542 3.132408 -6.160387 -0.878169 -8.720530 -2.718944 -6.250163 -0.116102 -3.786142 3.957490 -4.801038 0.669747 -6.232796 -3.181765 -4.719304 1.329938 -1.457369 1.443576 -5.355016 -1.472583 -2.185228 3.427042 -0.351505 0.322254 -6.025817 1.220845 -0.272620 3.607486 0.349726 1.817291 -4.149065 -0.624187 
736332502882156625.mp3 :-117.155677 69.002590 24.780117 33.478161 8.507434 4.692731 -5.201048 4.273352 -7.265698 0.783266 -5.186269 2.632081 -3.010965 5.665418 3.237651 2.200514 1.078180 1.855902 -0.962880 2.305485 -2.230332 2.089404 -0.825581 3.785663 -2.999453 5.292644 -1.429747 2.412453 0.813253 7.372683 3.400679 5.172223 0.856492 4.196540 0.841059 6.112269 1.298799 3.180908 -0.522594 1.034397 
7337425119819987387.mp3 :-47.823315 67.120769 20.773156 29.126207 5.552930 8.481482 2.317347 4.354621 -4.921593 7.853630 -0.630044 5.878953 -1.179997 3.292525 -0.897974 1.468009 -4.470630 1.989276 -4.797457 1.397686 -1.559885 4.658653 -1.155929 3.472524 -3.467865 1.228110 -2.454396 0.761801 -5.649971 1.230266 -0.766403 2.631832 -3.509997 0.201130 -4.802532 0.832576 -2.943913 0.992690 -3.465835 0.528146 
7356359663147346248.mp3 :-141.011855 113.996282 24.730961 24.089390 0.746002 -1.559947 3.798124 -1.296673 -12.703539 8.395998 -11.539672 0.174285 -0.084878 2.537569 -2.012957 4.240236 -5.916893 5.339567 6.479594 2.822788 -9.561291 -2.219634 0.273772 5.441747 2.555446 3.921775 -0.108186 1.140064 -0.735329 -3.270826 -13.799461 -4.818910 -0.115072 3.833278 1.223301 3.633821 -3.190864 -1.111825 -5.073478 -0.970884 
7330288355311892801.mp3 :-109.577538 105.838260 21.012580 21.834242 -2.187059 2.588074 1.079602 4.209804 -4.471076 5.270204 -11.332565 -2.742460 -10.053101 -0.797709 -10.918670 -1.364566 -4.764563 3.568773 -0.275734 5.164540 -0.664447 3.367616 -4.064683 0.340475 -4.080655 0.892718 -1.678383 3.306270 -2.954569 0.872229 -0.093787 3.709141 -3.072044 -2.250854 -5.642503 0.363476 -4.159310 1.281730 -1.022610 2.681109 
7289776270939714844.mp3 :-184.757296 126.927609 4.448467 9.170918 14.126153 4.859468 4.356615 8.353504 2.338002 7.366772 -2.060336 1.251907 -3.202402 -0.875250 -3.256797 1.872633 -7.833222 2.200950 -0.548214 1.703358 -2.305542 -2.177079 -5.551825 -1.282450 -3.983277 3.315520 1.594595 3.216299 -1.309983 -0.076071 -3.263191 4.846752 2.223231 0.656524 -3.417510 -0.724910 -2.505687 1.033229 -2.437154 0.051439 
7296716844766282711.mp3 :-126.212946 86.152013 14.895598 18.071313 -1.169871 7.414912 2.468443 3.795153 -5.226421 3.433302 -11.023380 1.338299 -10.817167 -0.127067 -4.042938 -1.803976 -1.377612 0.033005 -6.051728 -5.142696 -2.266064 7.355921 3.092509 3.069730 -2.926368 -0.845207 -4.727369 2.391194 -4.404080 -3.146904 -1.794072 3.945026 -3.209610 -0.122884 -4.611639 -4.425081 -6.526261 -0.960281 -1.149262 -1.952961 
7326278055577459900.mp3 :-64.837444 98.057570 1.242576 26.166191 3.344709 6.590395 1.771587 7.443586 -6.528743 3.863896 0.920954 -1.343308 -1.684161 0.177283 -2.889172 3.820649 -4.208601 0.679057 -6.548875 -0.481304 -3.028104 -1.729428 -6.143479 -1.453842 -7.908354 -1.850004 -4.266420 4.062818 -1.530708 1.705749 -5.895998 0.134739 -3.350811 1.778488 -5.177212 -2.403553 -4.197477 1.439939 -3.012090 1.438546 
7316335179660845492.mp3 :-69.461772 103.600028 31.944095 20.617599 0.332293 -3.519177 -8.825783 0.443765 -9.295544 -1.823873 -2.322771 -3.987079 -8.535722 -8.492125 -10.528038 -0.094916 -11.210109 0.469881 -4.456330 -2.685165 -8.097893 -2.353837 -8.276726 -1.111725 -5.221754 5.138690 -3.324620 0.922531 -2.482488 0.874947 1.140024 1.824210 -1.659206 -0.083678 -1.049676 5.092883 -3.173857 3.723792 -1.489335 2.903091 
733337049813749764.mp3 :-159.080809 95.735368 47.939683 47.353255 11.221402 13.725474 9.658418 4.059269 -2.994541 9.073871 -8.413488 3.062770 -3.678768 1.299435 -5.379185 1.878209 -5.261694 -0.740121 -5.699871 1.914033 -1.259695 2.561966 -2.830909 0.072346 -2.496731 4.611855 -4.229183 0.715647 -1.323997 -0.435477 -4.599776 0.290027 -1.859432 -0.429476 -4.843018 -1.980031 -3.368801 -0.437609 -3.986311 2.657983 
7319268187253732216.mp3 :-410.390288 196.075618 50.596792 -1.822931 8.003838 5.768281 -5.257215 -6.978851 -7.335337 -10.744446 -10.417553 -4.164353 4.527345 8.556814 1.337931 -9.338477 -9.526589 -1.418762 3.082345 0.852949 -4.207459 -7.715629 -6.044232 -2.949820 -6.313301 -11.857016 -9.705214 -4.257373 -4.185395 -4.636245 -1.050342 -1.309300 -5.713801 -2.995309 3.464667 1.779539 -2.991376 -2.636088 -1.704734 -3.125633 
7289542949351105714.mp3 :-176.150541 75.580455 16.441357 14.371179 -0.794987 8.930503 -5.173708 1.104337 -10.262492 4.370170 -13.202224 -1.738920 -10.584932 -0.923289 -4.896926 0.739935 -1.222586 5.009628 0.221267 1.293890 -9.544231 -1.613571 -2.801700 1.133949 -0.010050 -0.377699 -6.377368 -2.113103 -3.386786 3.712529 -7.236951 -5.584822 -2.876122 3.776549 1.786353 3.898660 -1.444856 0.247508 -8.129786 -3.847870 
7302808857931960005.mp3 :-148.501288 91.363683 30.900234 32.193298 8.291546 -5.243464 -2.247896 4.936845 -7.154034 -1.505235 -10.784754 -6.974616 -5.551255 -3.193852 -7.883087 2.319810 -8.386627 -0.605456 -2.363368 -3.942833 -5.479110 2.838000 -1.708186 2.279781 -2.462934 0.963862 -6.136070 2.824820 -1.117283 1.076343 -1.180438 2.297376 -0.983618 3.784891 0.187366 0.992729 -2.181175 -1.783222 -4.548702 1.261723 
7299472507812598980.mp3 :-160.820262 123.919706 7.295881 25.617884 16.412008 -1.993888 -1.769324 9.977207 -11.161798 3.265729 -7.934269 -5.577887 -6.683204 -0.212590 -5.804795 -1.094854 -3.606163 -2.418267 -4.418495 -1.879318 -4.761999 0.808279 -0.381629 0.809541 -5.654151 -0.808961 -5.995421 -2.797462 -2.842907 2.846478 -4.877321 -2.376936 -3.344495 1.218813 -0.897272 -1.388254 -4.234560 -0.113246 -6.945359 -5.276389 
7327177131194299663.mp3 :-97.435829 107.833300 -7.953152 30.299245 2.974773 4.072954 0.132715 5.486086 -10.171967 3.383220 -6.377009 1.149056 -5.613783 -1.118548 -4.538202 -0.895604 -8.408707 -5.997337 -6.618908 -3.111952 -6.537669 2.251522 -4.099924 -1.633539 -6.378066 -3.286046 -4.219789 2.923130 1.989499 2.635220 -4.857496 -4.118035 -5.372401 2.081465 -1.570467 -0.131281 -2.464393 0.727766 -4.498887 -2.082415 
7303232819421175631.mp3 :-117.243559 93.942675 22.308084 30.613139 3.565002 10.193670 2.524550 4.373789 -7.196920 5.287696 -5.175985 1.842030 -5.086442 1.512119 -6.915586 -1.573536 -5.972379 1.632454 -1.252063 -0.992891 -2.737315 -0.346987 -3.078257 3.014761 -1.969249 1.222611 -0.716506 7.088634 2.057767 2.033236 -5.733976 2.732515 0.407219 4.304286 -3.157908 -0.344027 -4.410537 0.756903 -3.915054 -1.134296 
7315261269722643276.mp3 :-103.014461 100.198775 5.510772 33.001062 13.413086 5.333266 -3.408854 17.098724 -15.157497 2.966826 -3.289069 -3.660275 2.907968 0.649051 -5.800468 3.786757 -6.282301 -4.997012 -3.968104 -8.299639 -3.817422 2.536513 -1.554175 -5.827834 -1.230621 0.647425 -9.126713 2.954005 -1.654207 1.870055 -5.038622 1.193120 1.038229 4.640074 -1.120846 1.724279 -4.307541 -4.567784 -6.760760 -2.774418 
7290878069655970393.mp3 :-111.870233 88.078363 12.886317 20.050629 1.832297 0.487352 1.156120 2.133388 -12.765459 5.131175 -7.157031 2.483429 -6.476995 -1.810033 -5.740071 0.179144 -5.013989 0.410623 -8.419706 -3.922608 -7.591199 -0.334002 -5.024072 2.611766 -6.568169 -0.347623 -1.698297 1.492404 -3.177839 1.797873 -2.319763 4.193514 1.412440 5.230511 -2.065742 0.182168 -6.193617 -2.671713 -6.243856 -2.684633 
