5872089952368816743.mp3 :-112.819677 76.051485 12.073578 22.762748 10.614462 8.527509 2.590500 1.378244 -2.554559 6.400799 -8.785572 -1.605585 -7.612471 3.017406 -5.132717 2.258848 -5.824729 2.737953 -5.264335 1.501398 -3.576882 1.569386 -3.220180 2.653432 -1.901263 3.837764 -4.188774 0.065873 -4.227205 1.118803 -3.827980 0.735689 -5.632682 -2.342005 -3.874104 2.174868 -2.050743 2.702927 -3.895357 0.472133 
5817613416731519180.mp3 :-224.624537 126.775965 7.548120 24.057508 8.639189 5.576660 -1.884236 9.652203 -9.060413 -4.001905 -2.293850 -3.690836 -5.710621 -3.091062 -0.467866 -1.542538 -6.164294 -2.149801 -6.248969 -2.364286 -4.919255 -3.165880 -7.770081 -6.387542 -8.306793 -2.631902 -3.964925 3.042317 0.863796 0.778640 -5.277995 -3.230104 -2.675290 -0.331411 -0.772470 -0.404331 -3.893491 -1.047330 -3.573210 -0.891748 
5835273257201738029.mp3 :-66.898413 94.133341 6.718671 20.976808 -1.452825 0.851743 -3.953136 -1.611558 -4.442565 5.705058 -7.466437 5.535105 -7.322073 1.997669 -4.289471 3.156771 -1.248567 3.619776 -2.254166 5.048386 2.325938 6.502155 -1.635200 1.574622 -5.798436 1.168576 -8.125516 0.954673 -2.594967 4.513660 -2.631006 -2.934494 -3.949339 0.181261 -3.585279 0.517720 -3.686956 -0.498050 -5.487809 -2.008497 
584256479663254883.mp3 :-89.743015 102.410731 12.282293 30.722513 0.307266 20.818500 -7.213071 -0.757203 -6.451277 -8.970058 -3.372888 -2.624135 -2.873667 -0.421877 -8.293286 0.848262 -6.867365 -2.665289 -4.482816 -0.529682 -4.813369 -0.017666 -3.134411 4.771407 -0.351996 4.760341 -0.504328 0.184645 0.426314 4.607279 -4.069462 -2.731335 -2.307909 2.262567 -1.644669 1.531121 -2.373489 -0.751908 -4.602173 -0.282274 
5811764311462667648.mp3 :-68.487192 61.793145 5.356154 21.595741 -5.480400 10.977262 -5.948205 1.114526 -6.743591 -0.033627 -4.815852 1.023480 -3.352307 -1.010564 -1.118738 2.730646 -4.351786 1.553179 -3.376978 0.869067 -1.704835 1.378089 -3.919767 -0.152275 -5.889059 -0.305704 -4.965537 -0.123109 -1.014963 3.456059 -5.180748 -0.079117 -2.355091 1.288990 -4.693060 -0.428725 -4.216062 -1.588120 -7.138895 -0.107720 
5871069141684004324.mp3 :-85.045185 73.565788 -7.688778 27.879418 2.978568 -0.292578 5.016442 5.348740 -9.252209 4.628011 -8.321818 4.542541 -4.315617 0.748967 -5.131976 -2.719225 -10.060663 1.073822 -5.547038 -1.096765 -4.402094 -5.432832 -9.170718 -2.574183 -3.559665 -0.024113 -2.975866 5.604143 -1.486819 -6.782052 -7.440103 2.740076 -1.853271 -0.870868 -7.760600 -3.964075 -5.156231 1.158803 -1.854012 1.909325 
583776264352716524.mp3 :-167.180739 88.423478 12.302942 13.627746 6.947550 0.733417 -1.746483 1.566411 -16.968910 -2.548020 -18.184202 -10.413423 -11.718165 -7.337675 -9.460930 -1.281412 -4.646995 -1.275589 0.221131 7.514517 -0.779855 -1.278042 -5.564671 -0.394488 -2.756681 1.635773 -3.542797 2.112343 -1.721210 0.697263 -7.602069 -2.212203 -1.428183 2.865613 0.039263 4.200227 0.116645 4.327428 -0.788585 1.318770 
582156061349405117.mp3 :-80.728511 91.494679 5.339831 35.459223 7.776755 6.598500 3.270340 7.427493 -8.732461 5.828048 -4.186929 1.608553 -0.164452 4.361869 -2.638874 1.853054 -2.767697 2.804593 -2.408498 6.263010 -2.235584 0.183520 -5.705444 0.214615 -3.841692 5.385448 -1.699430 3.394779 -2.376893 -0.051122 -4.277070 1.554862 -3.741880 -1.212241 -5.503371 -0.931944 -3.270408 2.669000 -1.270992 1.514611 
5810886253723522694.mp3 :8.309803 54.671822 10.588904 22.063050 7.104698 14.025307 3.237008 9.522733 -7.556811 5.809276 2.250257 8.629263 0.608098 3.443651 -2.915698 3.897970 -3.684923 3.279663 -3.257167 4.941572 -0.142354 4.168995 -1.491861 2.600926 -2.737506 2.780804 -0.439247 4.657926 0.014653 3.399325 0.338110 5.766243 -0.405589 1.326798 -3.953950 -0.855491 -4.062906 -0.404065 -3.558687 1.398381 
5831908758688458191.mp3 :-119.934578 123.158515 -14.662387 19.309780 -1.187228 -2.002706 -0.372425 2.537418 -8.712053 0.853208 0.996232 0.484347 0.154242 0.453737 -1.795602 1.802724 -10.798697 -1.059946 -3.722738 -2.249286 -1.522171 4.382747 -2.296335 -0.202020 -3.512708 2.970662 -2.305428 3.656427 -0.300838 0.444557 -2.237758 3.156540 2.461622 0.242986 -5.442063 -2.776084 -7.813061 -1.233013 -1.556488 3.568649 
5853609027628192854.mp3 :-51.649836 92.905121 -13.309428 33.273333 -3.850633 9.240312 10.886896 5.274509 -4.980012 11.320839 -13.014490 0.589512 -1.323471 1.890716 -1.421453 5.206789 -4.890586 0.125668 -3.606110 4.305180 -2.418860 -2.719811 -6.259570 1.026641 -4.452396 3.480833 -3.708112 -0.637514 -2.359905 1.954616 -8.445343 -2.679148 -4.469002 0.679921 -2.639819 1.387622 -4.162599 -0.184663 -3.619042 -0.435424 
5866111174302004476.mp3 :-81.281134 72.164691 24.115367 22.699531 4.372534 14.793705 -3.774580 10.412399 -6.644437 8.664867 -2.299374 -1.781120 0.678904 -0.693378 -6.544876 3.017737 -5.733861 -0.101820 -4.013448 -2.134476 -5.859573 3.007510 -1.003586 6.142297 -3.282469 1.015433 -6.739024 -2.619087 -8.290365 -1.749283 0.896246 3.906246 -1.601317 0.549559 -2.392471 2.837070 -1.952759 -1.976783 -5.877787 2.251127 
5815696746671284694.mp3 :-226.953091 100.930998 -15.735965 43.634537 -1.495985 8.456331 4.102963 2.225102 -6.582095 -2.888540 -11.291591 -1.612213 -4.521966 -1.516402 -3.383297 -4.743166 -7.053357 -3.199333 -9.944862 -4.995879 -11.773433 -7.331175 -2.810717 -0.208171 -4.968946 -0.445205 -7.687429 -4.801586 -5.845645 -1.837777 -6.306450 -4.812354 -4.658111 1.521541 -3.530629 0.512939 -2.477970 -2.363713 -4.017846 -2.678140 
5845208191236447031.mp3 :-66.926405 85.011539 12.332459 18.768496 -8.878349 22.060383 -2.673757 5.882428 -2.809454 3.873490 0.691096 1.159372 -3.197550 4.523171 -1.823670 1.019655 -6.085228 2.094138 -3.389395 4.457051 -2.325370 -2.152829 -1.630501 3.629422 0.035241 5.714243 0.034032 2.142834 -5.759427 1.866503 -1.587023 0.719083 -4.383063 1.177625 -3.708626 2.905228 1.495228 3.115274 -3.103982 0.184391 
587937245026146802.mp3 :-241.085534 106.375736 20.314011 29.138162 7.270920 7.320676 4.613911 5.705111 -13.158010 8.862097 -6.275975 -1.311128 -1.080175 -5.004787 -2.744529 -0.175822 -5.988814 0.467219 -5.664598 -3.405405 -5.527239 -2.222641 -7.100608 3.438767 -6.130547 -1.047342 -4.274147 -2.916622 -4.707740 3.212776 -1.646857 1.599433 -2.473836 0.023842 -1.610241 1.975104 -0.897974 -0.578624 -3.321999 -1.439967 
5839321238466294611.mp3 :-37.031072 78.778413 21.085309 14.405601 0.168107 -0.472587 -5.447338 -3.414807 -12.033715 -0.615548 -11.178272 2.145429 -5.564222 1.603474 -6.207691 -0.199484 -9.339084 -1.144534 -6.252300 -4.365685 -6.610503 3.180087 0.455282 2.417097 -5.999938 -1.166387 -6.355239 2.474460 -3.063637 -1.586074 -4.442831 2.131465 -2.383985 1.888859 -5.578203 -1.190162 -4.114538 -0.657542 -5.226397 -1.428490 
5838688003438042066.mp3 :-178.174352 86.277089 -7.039218 20.699246 5.407839 16.994665 0.747559 13.712162 -1.296940 8.507874 -4.061776 -0.760683 -6.287508 1.005638 -3.939698 5.672205 4.031582 7.998866 2.673917 2.778885 -6.195549 -2.568961 -5.637324 -0.260728 -3.457764 0.816274 -6.704803 -3.116903 -2.170754 -0.133011 -5.189963 -2.301143 -2.614524 1.106570 -0.451273 2.799863 -1.304047 -0.221731 -5.620451 -2.170825 
5867262423976624368.mp3 :-60.398188 69.272565 -7.506615 14.289210 -4.786079 13.097932 -1.743238 7.834419 0.186290 6.473846 -3.886997 5.263207 -1.723865 6.291461 3.435081 10.275074 5.101737 6.424667 -3.213066 -2.869845 -5.839089 3.545216 -0.110531 3.003572 -3.967995 1.373460 -0.899188 2.894593 -4.885871 -0.520394 -2.181087 7.166273 1.215569 2.307593 -3.604531 -1.609551 -5.276903 1.621037 -0.231295 1.042171 
5869978927159757250.mp3 :-68.648889 110.182177 7.623601 20.338118 8.254329 11.429263 -7.714787 12.106153 -11.505280 -1.731214 -1.534830 -5.002367 -2.233396 -3.029034 -6.109826 -0.237270 -8.102259 -0.493174 -4.772157 -0.826529 -7.504636 1.840377 -7.401467 -3.045613 -8.152412 0.319758 -7.904379 1.839905 -5.855131 -1.392299 -7.504724 -0.132658 -3.216339 -0.489740 -5.035498 0.117474 -6.529940 -0.963053 -3.785794 1.402381 
5819345224565731800.mp3 :-98.392942 62.686142 7.993169 34.241063 -0.511196 11.712038 1.090677 4.213564 0.673459 1.084103 -3.598795 0.589640 -4.802733 -0.552462 -4.848001 2.040814 -1.684072 4.721319 -2.646883 3.382405 -0.464582 0.046819 -6.637618 0.533451 -1.153138 2.584246 -3.811706 0.440941 -1.291306 2.239629 -5.687704 -3.533800 -5.675693 1.451861 -1.274787 2.600017 -2.367380 0.562960 -4.140542 0.038001 
5887169321393121617.mp3 :-297.433852 77.447623 -3.252864 10.024038 -1.090195 -5.583342 0.862559 -11.977432 -8.869140 -7.241499 -19.734851 -3.465559 -5.196738 -2.884143 -6.799452 -9.053989 -9.596223 -6.450490 -7.478202 1.145946 -5.476491 -3.258587 -1.199865 3.042793 3.298344 7.917391 0.417619 9.143794 0.594216 9.442747 1.113511 -3.889945 -6.286771 4.461143 3.761086 6.851704 3.970784 2.728189 -3.259473 3.768556 
5824577450396095849.mp3 :-103.147695 93.572978 23.642124 33.861656 5.134337 -0.756497 2.194501 0.866284 -9.308883 7.059425 -12.716979 -2.279857 -3.985076 1.215425 -3.916027 3.878269 -3.227667 0.691977 -1.837102 3.036563 -3.481041 0.294746 -0.605093 -1.095579 -1.171256 4.695772 -0.798338 4.603400 0.167812 6.773030 -0.579613 -1.359261 -5.678283 -1.303229 -4.117467 0.464283 -3.800994 1.788527 -3.014536 -1.761388 
5819630198144518421.mp3 :-167.154251 98.772803 -7.205702 20.796547 4.834401 0.957683 0.959009 4.954108 -13.092377 4.167515 -7.890681 1.180518 -3.298989 -3.029551 -6.608016 -0.398582 -9.407350 1.275010 -2.087799 -2.886369 -5.295561 -3.078488 -8.399063 -1.107614 -2.767301 -1.809738 -1.242241 -1.635946 -2.845800 -1.225494 -9.548940 -2.044921 -3.781237 0.674084 -0.215732 0.809273 -3.154341 0.419336 -2.626972 0.226341 
5876307186629073782.mp3 :-149.213074 172.655699 -75.893945 83.158829 -17.425331 -8.071535 31.284710 -28.513378 19.398721 -4.528732 -9.587434 12.824242 -19.304193 6.395478 -3.583902 -10.731443 8.506581 -12.052981 1.695047 -1.058102 -8.170971 6.886915 -6.746594 0.317241 1.513775 -5.763717 3.748897 -1.804395 2.475697 -1.134429 -7.428999 1.746072 -2.313249 2.191246 1.535690 -4.267739 2.979035 -2.057910 -2.675831 -2.544968 
5832863146978199936.mp3 :-86.745844 60.495675 17.087471 19.207885 4.375994 11.203771 2.886400 2.296242 3.037655 7.433360 -3.670268 3.618475 -2.623015 3.877014 -2.986746 3.617248 0.136594 5.687002 -2.019189 4.090961 -1.927701 3.373876 -4.990952 -1.735713 -6.024351 1.392855 -3.901828 2.280574 -2.382670 -0.309033 -3.515987 2.531502 -1.298686 1.243396 -4.136902 0.664963 -4.440659 0.390654 -1.545918 1.979937 
5889811350607358779.mp3 :-90.590948 88.717573 26.554396 34.237853 4.200198 8.338898 -0.627890 11.480016 -7.954812 0.126094 3.023418 -1.368427 -3.022689 4.333296 -10.790812 6.668006 -7.566655 -3.782771 -8.021646 0.243005 -3.837780 -0.746707 -4.154103 -3.149209 -8.514471 -0.239768 -5.053373 4.558345 -2.302332 2.454355 1.363761 4.847165 1.960768 2.758326 -4.958875 -1.725230 -6.305925 -1.070861 -3.423277 1.748539 
5858684952707230258.mp3 :-47.443178 69.369785 18.149741 8.484129 2.351844 18.802524 -0.581944 6.889266 -2.069264 5.703248 1.029256 5.207208 -2.788974 2.979519 -1.315921 0.287605 -2.268777 1.904269 -3.192193 4.883685 -0.248566 1.940899 -4.386798 2.750093 -3.192831 2.444479 -2.813257 0.468166 -1.414686 4.976842 -0.301565 0.888073 -4.327282 0.953292 -2.806998 1.137503 -2.810221 1.238765 -2.328313 -0.036262 
583828939304095952.mp3 :-117.408765 79.807973 -12.797826 31.272177 1.945131 22.974548 -2.001436 10.706984 0.860400 10.736181 -0.128731 6.710485 2.458965 3.427700 7.216741 2.683160 -0.530551 0.529917 -4.066494 1.807648 -3.732704 -2.757549 -8.384712 0.565193 -5.893016 2.399769 -3.236955 2.944478 -4.098699 -0.645684 -1.453087 2.966800 -2.529668 -0.409112 -4.196060 1.647980 -1.616344 4.969386 2.635457 3.706669 
5866935457597604454.mp3 :-25.496691 81.617376 -2.708610 8.110804 2.838859 7.616873 -5.185101 1.947871 -4.944555 2.780102 -5.001527 2.116850 -6.600216 -0.536533 -5.271341 -0.099891 -4.431589 1.399244 -6.383181 -2.426763 -2.866052 2.100366 -2.715797 0.319155 -4.828678 -0.620381 -3.162460 0.801580 -3.280124 0.895713 -1.921384 5.309090 -0.154987 0.808838 -4.503687 -1.575172 -5.666666 -0.111847 -2.737719 1.865413 
5828816628879484376.mp3 :-134.838484 99.605561 40.370611 25.920661 11.005886 -1.243622 3.389676 4.670071 -15.886772 1.228657 -8.367373 -8.164853 -4.361400 1.595621 -5.483321 2.741094 -5.505247 -0.248502 -5.404325 -3.927139 -6.792427 -1.287096 -7.423634 1.911468 -2.478883 0.907444 -2.983413 1.070627 -2.498781 2.918065 0.180510 1.097418 -1.982651 1.859928 -1.237088 2.614491 -2.483315 1.576300 -4.458805 -3.174172 
5875483834091088278.mp3 :-56.900121 78.901615 7.397496 14.334117 6.979973 17.555778 0.994413 4.269490 -0.073194 5.278971 -1.868942 5.605523 -2.682615 6.879040 -1.475669 4.457045 -1.819926 4.552780 -3.179942 4.836129 -1.132563 5.926554 1.744456 7.458648 1.908429 3.861674 -2.944907 1.187358 -0.591078 1.612099 -2.157001 -0.026343 -2.299303 1.932834 -1.554091 0.948543 -2.109812 0.885602 -3.367773 -1.685575 
5887421801524415385.mp3 :-153.244057 92.865424 16.664031 31.969996 4.344323 2.569194 -1.265548 3.999081 -9.136297 0.238006 -7.415186 -5.996687 -9.500974 -3.447660 -5.430582 -2.526475 -8.632910 -1.879143 -8.850330 -2.086835 -3.486811 -1.317953 -7.345033 -3.294838 -4.748967 -0.739913 -1.837742 1.601252 -3.617720 -0.094353 -0.937595 4.347018 -2.275008 -1.291271 -4.342736 -0.635766 -3.062390 3.534874 0.992036 1.356290 
5800939787025367255.mp3 :-169.726519 131.174590 23.726588 9.834039 19.329854 -2.971772 13.765232 3.277302 -7.453419 5.713636 -7.746628 1.595602 -6.275931 0.110214 -2.947951 -2.580425 -3.231521 -1.143618 -4.045760 1.247271 -3.629439 -1.275530 -5.163232 0.428310 -3.059511 1.044617 -0.221800 3.250729 -3.260093 -3.712562 -6.102295 3.095657 -0.529329 0.137964 -2.092733 0.076728 -4.004977 0.402108 -2.505957 0.002496 
5848084085671663261.mp3 :-95.384584 91.651263 -0.291789 28.745073 4.263068 -4.259009 2.336355 0.567513 -11.583938 0.557162 -5.240687 -1.462962 -4.872012 2.168808 -7.150176 3.688708 -8.739996 -0.349220 -7.240990 -0.766010 -4.001096 4.007198 -5.217551 0.695657 -4.842867 0.780948 -1.928993 3.429094 -1.930177 1.325944 -1.235764 4.171334 0.334029 0.353389 -4.924277 -3.196368 -6.443728 -1.676210 -1.068422 3.348034 
5852060202934937151.mp3 :-151.877989 100.322822 4.821292 27.428948 9.019349 7.902470 4.887080 2.733092 -3.473871 1.673954 -6.897391 1.930853 -2.660283 0.838516 -6.178967 -1.329508 -7.101720 -1.616565 -3.907172 1.217266 -3.720265 -3.297504 -4.277955 0.911116 -3.374838 3.772618 -1.974211 -0.382412 -0.698329 4.606229 -3.335731 -5.474105 -8.494638 0.273038 -1.052407 3.486284 0.252946 2.194200 -4.044312 -0.543373 
5804148488863759949.mp3 :-88.040600 122.039051 10.124261 30.282694 3.922083 -2.664476 -0.564717 11.999373 -16.059326 3.144253 -0.950886 -2.650923 1.644269 2.429331 -7.136106 0.567917 -4.746628 0.176705 -1.173500 -1.290886 -1.980075 -0.316932 -5.709630 1.982112 -3.248376 2.145314 -0.947154 5.735672 -1.319606 -1.495342 -9.220372 -1.971785 -0.749749 3.541947 -1.576869 0.877181 -2.931414 0.251896 -3.719594 1.426721 
5883359258916298394.mp3 :-229.359756 96.396050 31.983548 18.565306 18.255624 3.372921 -3.014978 4.052900 -8.596746 0.479434 -4.598536 0.154623 -6.752040 0.176043 -4.043015 1.081202 -4.015003 2.366425 0.321586 -1.229410 -8.860539 -0.544028 -1.804961 4.418302 -4.088957 0.864509 -7.788671 -5.214697 1.486322 0.263988 -3.899617 -6.118762 -1.405305 2.594709 -2.312608 4.338692 -2.654792 -0.424907 -7.373571 -1.761564 
5818587415375011914.mp3 :-244.994171 109.155230 27.049384 46.098577 10.577923 2.518881 9.135234 -2.382761 -8.174361 1.250411 -16.631074 -2.935488 -13.935603 -7.325428 -9.615996 -3.349824 -6.758268 3.521992 -4.311332 -1.312567 -9.357502 -6.051261 -4.691582 1.076789 -3.566181 4.133600 -4.626445 -0.319234 -7.566539 -5.775387 -2.697070 -1.178798 -6.258993 -5.246153 -4.675596 -0.049181 -3.339318 -1.094670 -1.363960 0.223943 
5878923869616101131.mp3 :-105.905206 88.472125 2.955490 20.205669 -2.655605 6.270156 -0.356948 -1.315024 -10.151062 2.645962 -14.738206 -2.296775 -8.979970 -0.092285 1.502963 7.141456 -4.039263 4.088869 -12.248480 -0.268365 -3.000831 4.878840 0.757112 -0.179815 -4.216730 -0.789528 2.516416 3.034869 1.226576 2.103578 3.398250 4.496131 -0.971704 -0.998936 -5.028372 -2.282612 -5.694758 -1.468948 -5.567658 0.710012 
5842248595714624758.mp3 :-71.075861 107.188068 3.628115 29.641629 5.826395 7.910801 3.419626 7.474285 -6.198218 9.552660 -2.538137 1.284016 1.025618 2.175393 -3.889814 0.046784 -6.733456 -0.789910 -7.123959 -1.471224 -3.159170 2.278426 -4.782027 2.067505 -5.053719 -1.154494 -3.541812 4.966166 -0.900473 2.592019 -3.331823 -1.034344 -1.202750 2.638578 -3.901716 -1.645210 -6.813412 -4.217048 -5.788818 0.853464 
5866496236789334387.mp3 :-217.905443 94.025927 13.251360 27.333040 3.419133 13.157107 -4.688361 -2.471751 -6.805695 -0.002125 -6.152153 1.182900 -0.715466 6.189432 -1.386586 2.615602 -1.773189 0.123104 -2.888957 1.052361 -2.198179 0.990601 -4.908917 -5.733919 -7.769338 -1.412336 -6.150794 -0.765630 1.016606 2.542524 -7.180723 -6.050220 -4.487792 2.058859 -2.657407 0.095193 -5.158654 -3.239395 -7.927841 1.303649 
5847308635676396665.mp3 :-61.816294 75.091707 10.640009 20.239122 0.969558 3.998724 -4.834097 4.603943 -9.215374 8.496435 -6.175708 3.015006 -7.288503 -0.914024 -5.215276 2.006508 -1.716995 3.164053 -5.103515 2.544673 0.979550 6.217307 -5.064529 -4.318602 -9.869112 -3.053622 -4.092715 5.507431 1.342554 -0.384725 -7.572672 0.465167 -3.252442 -0.051116 -4.758512 -1.654085 -7.372422 -3.048434 -3.424375 1.830005 
5823335799463799982.mp3 :-96.060773 83.014630 22.063182 28.807899 11.274685 11.145826 -3.406369 12.787944 -6.549843 0.204920 -0.355198 -2.858470 -1.012738 0.792514 -3.099075 5.502337 -0.541012 5.931230 -1.043091 2.857571 -7.171434 -0.962819 -5.758524 0.715372 -0.926734 0.663220 -5.344353 0.146855 -4.241075 5.817558 -0.209276 3.045982 -0.461464 3.372736 1.670743 3.330005 0.318248 3.239026 -5.330576 -3.590431 
5820887316849175648.mp3 :-194.290857 86.958298 9.849355 33.799495 6.812284 7.338369 5.546884 -2.848064 -2.374809 1.041268 -9.140948 -2.474314 -6.615523 -3.388392 -8.528444 -4.821057 -9.085615 -1.447094 -8.089682 4.598903 1.319497 -0.886967 -5.430375 -5.120895 -1.023326 3.368661 0.165675 9.415870 3.536994 3.736066 -9.169544 -6.737546 -6.786532 0.948938 -1.632162 0.810220 -4.155005 1.541587 0.229050 2.770786 
5797241152022085710.mp3 :-73.848650 77.050048 14.903183 28.558331 6.335443 17.592242 1.831959 11.143181 1.980344 9.889028 4.595513 6.129760 -0.164010 3.666957 -1.122889 2.467573 -0.859467 2.074088 -4.441954 2.185134 -2.541458 3.115305 -2.584244 3.096777 -3.688650 2.480878 -3.196580 0.652726 -4.476140 1.590143 0.419152 4.658049 -2.936810 0.851115 -3.128282 1.151854 -1.980584 0.780291 -3.013038 0.746817 
5820343629091229741.mp3 :-87.285137 122.826746 1.015382 29.459501 0.715139 5.578384 5.113255 -1.333873 -1.555923 4.737780 -10.556199 2.203148 -8.570113 2.765410 -3.732599 4.018322 -0.678663 5.638715 -4.108035 2.459265 -3.969396 1.828163 -0.354451 1.986840 -1.620982 2.246790 -3.361231 3.393424 0.405066 4.508158 -4.724395 -3.416194 -4.415800 -0.584054 -2.604800 1.070888 -2.436876 -1.169340 -3.107125 -1.486242 
5859909356968857531.mp3 :-87.145374 75.098437 33.439287 29.272806 4.510391 10.155399 -1.007775 8.514419 -6.825317 5.444131 -5.641180 -1.668914 -4.144707 -0.604142 -3.235223 2.877436 -4.346490 2.957668 -2.018736 2.891777 -2.910132 -0.182600 -6.194487 0.483138 -5.569410 3.228970 -1.375572 3.427784 -4.361238 -1.113022 -3.252113 0.646978 -1.227476 2.134807 -4.685569 -0.998206 -3.490458 0.771566 0.418539 4.831555 
5849416924704974284.mp3 :-128.290406 89.798815 15.403021 38.955816 9.667255 -2.058172 -2.635550 5.841987 -13.419347 -1.577819 -12.240430 -4.786103 -4.321916 -3.974367 -5.839955 -1.141792 -6.925492 -5.430831 -6.839432 -4.202419 -6.027599 -1.580529 -9.777130 -0.913535 -7.034930 -0.313071 -3.730163 5.537670 -1.983918 1.926979 -4.726670 2.581139 -1.039517 0.310365 -5.656651 -5.366482 -7.472020 -4.103271 -4.066365 2.526938 
5872304052589151347.mp3 :-76.444228 84.104394 -8.932358 25.826269 -0.136316 8.004641 0.525270 -6.843736 -3.267292 1.057825 -15.363326 4.448814 -6.856787 3.014085 -2.495523 5.274366 -3.580640 2.032581 -3.048231 4.230601 -7.708229 -5.563858 -7.229770 1.637696 -1.225080 -0.368486 -4.185634 3.266985 -4.682029 -5.151450 -7.871289 0.025419 -4.483936 -0.988311 -3.280009 -2.637788 -6.667661 0.725165 -1.204652 -0.506308 
5879487050427760045.mp3 :-95.220373 90.747087 25.177403 27.739248 9.185391 4.679369 4.682061 14.102434 -8.389361 6.187216 2.417673 1.109501 0.415357 4.651643 -2.877637 2.685373 -4.200652 0.541301 -1.706925 1.972793 -7.840834 -0.995238 -5.461904 -0.252292 -1.788253 1.569634 -1.904943 2.245986 -4.182987 1.219006 -6.473163 -1.588302 -3.333450 4.488360 2.790101 5.286042 2.276391 2.799152 -3.084862 -1.763117 
