7791182832439469284.mp3 :-221.261543 61.384876 -13.891890 18.041104 0.635379 3.968869 -7.198100 0.880518 -8.417688 6.507846 -4.027068 2.301550 -3.083678 2.843046 -2.838951 2.170378 1.117966 2.917949 -0.122559 3.058906 -5.744829 2.437176 -1.244367 6.209873 0.920134 0.448090 -6.918659 -2.833701 -4.828573 2.820598 -4.462219 -2.251379 -3.465485 3.716743 2.107480 4.491448 0.265316 2.967323 -6.447782 -2.377162 
7769386496499512308.mp3 :-80.241160 77.847274 -0.813945 33.479444 7.632450 0.882710 6.640006 7.463272 2.293585 5.564555 -4.040689 5.319640 -2.482963 5.326447 0.574186 2.427263 -4.942234 1.659235 -6.514979 3.119474 -0.839476 6.196190 -1.606625 0.698722 -5.072833 3.716302 -4.343107 1.971785 -4.705744 0.452068 -2.198500 2.185006 -5.304825 -2.787909 -6.570860 -0.589561 -4.261865 0.711954 -2.959140 2.561770 
7798214862360455665.mp3 :-164.350062 63.286859 30.489387 19.422791 -8.527465 -2.862003 -2.308522 -12.654408 -9.008220 -1.027246 -12.353059 -0.606958 -6.891434 -3.049443 -6.402627 -5.332178 -7.025887 0.298291 -5.747401 3.235381 -4.676045 -0.603661 -3.601786 -1.039546 -3.436961 6.001911 -3.897761 3.683487 -0.798727 1.923306 -2.987348 -3.796633 -8.373203 -1.344241 -3.879608 2.931744 1.405218 3.568410 -3.479255 -0.222526 
7765081578788546009.mp3 :-61.568983 79.495305 5.127191 31.990000 9.908920 7.241690 0.113550 4.314666 -4.227541 0.002010 -3.983214 0.421080 -5.610916 0.811567 -6.303555 -0.088448 -6.914058 -0.132770 -7.911246 -1.886173 -1.964316 0.887626 -3.202559 2.078489 -6.889641 -2.118094 -5.968773 0.893213 -5.500056 -1.438077 -6.050487 -1.973722 -2.108520 2.372997 -2.423352 0.459100 -5.487094 -0.548520 -4.807924 0.062048 
7756769413139131228.mp3 :-124.633483 89.749886 4.749648 28.196290 4.531663 15.167304 6.644828 5.552342 9.884768 5.205596 0.216776 3.364075 -0.176321 1.811815 0.980478 10.305291 -1.332044 4.856286 1.057236 0.711254 -4.280847 2.582380 1.184237 3.017271 -2.590353 -2.210748 -5.443924 -1.232905 -9.004903 5.464075 0.152794 -4.784376 -5.258285 -0.420910 -2.739894 -0.750668 -3.426425 3.420399 -6.939545 -3.303225 
7758948975839860489.mp3 :-147.872174 68.979908 2.538066 24.959048 1.793368 4.319316 2.083009 4.991661 -13.647154 6.999093 -5.695088 -6.244024 -4.479260 -4.361694 -10.405062 -0.676856 -10.582835 0.258454 -7.492611 -5.423508 -12.172103 -4.245750 -8.434561 1.929452 -1.593845 0.741463 -6.742891 -2.651643 -9.697372 2.874260 1.632313 -0.110902 -7.358400 -0.889213 -2.167360 1.884884 -2.976833 1.346454 -3.679906 -1.677054 
7797923317304345833.mp3 :-154.117850 90.897833 -14.055240 20.352063 -1.615539 9.952572 1.233200 7.032574 -8.585942 2.599564 -3.732940 3.455970 -3.515725 1.513892 -6.099856 2.877854 -2.201056 1.467874 -4.797002 0.778347 -5.201112 -0.802596 -2.893728 3.035437 -3.230366 1.991064 -0.747041 5.302147 -0.454510 1.694370 -2.901632 6.261590 2.723114 4.541740 -3.555080 -0.628326 -5.104951 0.011108 -2.150881 0.355923 
7805326505826239746.mp3 :-226.889531 104.709875 39.296476 10.082246 2.457609 14.066620 1.383719 0.168917 -8.002127 3.569339 -10.636633 2.039413 -5.562250 -1.013126 -9.344267 -4.016822 -9.421811 -1.017999 -8.214875 1.295780 -0.889593 -1.779393 -9.274408 -5.204853 -9.388613 -1.684883 -5.953531 0.656996 -3.431283 2.753045 3.037451 -2.824315 -10.338790 -9.635119 -8.198989 -0.723206 -4.142314 2.264085 -1.649364 2.944582 
7755441413759868405.mp3 :-121.832832 103.346994 10.681570 24.906170 3.170526 9.776505 -1.004798 4.023228 -7.622227 5.847363 -4.398362 2.059073 -4.836668 2.949693 -1.683589 2.148121 -1.092578 3.475653 -0.574947 4.303793 -0.745829 4.202051 0.451642 4.711773 -3.168439 1.353124 -2.253128 1.235225 0.364239 7.294419 2.659341 2.440238 -2.255025 1.952037 -2.053851 1.762966 -1.058769 2.397287 -0.603254 -0.961159 
778288629837709409.mp3 :-117.286138 107.515004 8.512709 34.892845 5.952305 8.284443 0.221476 9.040342 -6.438299 1.924228 -0.376797 0.961957 -3.276244 1.681338 -7.809480 0.343232 -5.859341 -2.723902 -6.584359 -2.667225 -9.042665 0.707976 -1.779934 -0.174996 -5.886943 -0.568653 -7.780081 -1.813454 -5.512813 2.923471 5.217869 4.068487 -1.701975 0.556443 -4.255842 -0.744860 -3.858289 0.486544 -2.757709 0.360602 
7774160269256517744.mp3 :-243.558598 97.144331 -1.498481 20.019465 7.399109 -0.566281 -2.781189 -1.376388 -7.051891 -5.023027 -12.334393 -2.292347 -5.211295 1.274176 -5.100087 -4.707804 -11.568701 -6.818548 -11.243574 -3.666596 -4.745516 0.406688 -3.466609 2.666323 -0.961718 2.953490 -4.708858 0.736097 -1.727159 -1.088053 -8.854373 -7.978259 -6.047489 -0.613934 -3.407080 0.118956 -3.811142 -1.004019 -3.321085 -0.253794 
7794033808999184425.mp3 :-67.315756 89.916967 9.569763 30.765717 3.579454 20.608602 -1.125953 7.638204 -1.959630 -1.501816 -0.815976 -0.453663 -1.004201 4.393364 -5.748794 5.318021 -2.431376 1.666075 -3.796952 -1.173980 -8.066554 2.991781 -1.641060 1.379116 -5.556234 0.843923 -7.107216 0.758874 -2.811649 1.194032 0.587140 6.437474 -0.464913 2.952278 -3.376141 -1.976156 -5.623654 -0.080975 -2.570384 0.671299 
776735947235887217.mp3 :-105.831198 127.110608 0.179788 15.974793 8.187331 12.233150 -4.918957 8.924819 -12.005162 3.183991 4.576568 -3.211818 -4.280860 2.236915 -4.471605 3.984472 0.261854 -2.379162 -1.689988 1.317677 -6.814105 2.770787 -7.702572 0.966384 -3.829612 2.295856 -6.200011 -2.307412 -6.664565 0.351146 -1.462048 -0.766785 -8.131519 -5.121111 -3.250644 0.760426 -2.440559 -2.066898 -3.552982 -2.784167 
7810679590277796555.mp3 :-203.424029 138.560738 -13.488214 2.706144 -3.482136 -11.045292 -4.079909 -10.848786 -15.034206 -3.673958 -16.890311 -4.187714 -6.480532 -4.838745 -4.041154 -7.823845 -8.407348 -2.472708 -5.936063 -4.333883 -3.866576 -1.470764 0.096074 1.429562 -5.097731 -0.330059 -5.667424 -5.423859 -4.898690 -1.979678 -2.888534 -2.275498 -4.487065 -3.011970 -2.905780 -2.594627 -3.689326 -0.585643 -3.161748 -3.030005 
774850547548161081.mp3 :-130.461947 87.417998 4.039461 18.886438 6.430571 5.008225 -2.102734 2.833093 -8.235529 0.783174 -9.838032 1.046840 -5.492819 1.902634 -0.993316 1.747270 -2.210652 1.753432 -2.227892 3.603697 -8.016877 -1.793547 -1.516305 2.898520 -1.662604 1.524035 -4.495567 -1.948458 -6.758024 2.651132 -1.082443 -1.757819 -6.057011 -0.478197 -2.755747 -0.118944 -2.793509 -0.321467 -4.584277 -0.296331 
7747639941682933384.mp3 :-122.912797 90.078889 15.068886 26.105141 4.559469 17.348307 -2.682057 7.949365 -4.301507 9.575110 -2.343702 3.992348 2.077344 2.416879 -0.451985 0.664672 -3.388062 2.857464 -2.505446 3.802893 -3.065573 0.253182 -1.758217 3.516410 -3.832589 -1.081971 -5.112384 -0.501118 0.326927 5.039545 -4.361683 -2.705927 -3.434988 2.733789 -0.716466 -0.129545 -5.934261 -2.334241 -4.932567 1.761134 
7812523841073958795.mp3 :-94.657033 76.770330 14.370911 23.620822 -2.721120 5.549148 -0.483459 5.379829 -11.615291 4.729340 -2.607272 -5.261279 -1.622192 0.977847 -6.522058 3.153156 -7.939072 -2.175167 -4.762600 -1.860059 -4.445315 -0.172476 -4.888710 -0.699396 -4.713146 -1.765298 -3.818833 2.061229 -3.966156 7.030702 1.838212 2.166411 -7.216624 -4.233512 -8.270310 0.885626 -1.958986 2.393378 -4.072422 1.297376 
7812682242235848807.mp3 :-85.133133 54.533869 0.351044 32.524951 -0.256322 17.217318 6.989339 -3.495862 5.973533 3.299456 -6.902342 4.947905 -8.720662 1.343542 -2.820427 3.275339 0.295792 5.767182 -2.936264 -0.081879 -7.921087 -1.636904 -5.681291 3.836435 -1.032046 2.652340 -3.653889 -0.055421 -5.551143 0.786159 -2.640054 3.669728 -2.166936 1.844887 -0.750029 5.378537 -2.458322 3.345869 0.081466 2.799730 
7795401880793572417.mp3 :-155.982153 96.766031 26.666756 12.630971 2.275179 -0.807373 8.000111 -8.662576 -5.749212 2.852041 -16.299894 -3.186107 -10.045445 3.172024 -0.104267 4.727783 1.277003 1.193166 -7.664577 -1.987284 -7.953674 2.053844 -1.994272 1.501893 -5.862853 -0.056060 -8.138600 -0.633788 -0.547737 1.928117 -6.545864 -2.989875 -2.155943 3.711034 0.710090 -0.336706 -6.081811 -4.302571 -10.763345 -4.071879 
7807228359952716739.mp3 :-77.570564 74.101896 5.432840 28.008012 27.258880 8.797448 5.663640 17.249231 -10.239615 3.444297 -2.774614 -1.807794 -0.195573 -1.494917 -7.052077 -1.293772 -8.613480 -2.111074 -7.836474 -2.950955 -6.445396 1.571145 -7.023817 -1.234468 -4.576143 0.311296 -5.992660 6.384866 -0.159861 0.849312 -5.453184 2.123824 -1.332428 4.774887 -4.019072 -1.615084 -6.720326 -4.539952 -4.127139 -0.187844 
7754269548307873980.mp3 :-134.705385 87.539970 10.965781 31.749118 6.742918 13.264341 2.655460 9.655536 -4.978658 4.014768 0.716746 0.703679 0.162158 1.381500 -2.687982 1.334172 -4.966845 -2.243398 -6.457386 1.389657 -3.915617 3.643177 -3.291309 0.558485 -3.507313 -0.368485 -3.317259 2.249257 -2.148137 -0.097815 -4.307745 3.124699 1.694964 1.000716 -5.595225 -2.517976 -6.796108 -1.557065 -2.587750 2.795481 
7783385541428835985.mp3 :-129.971313 81.595937 12.101759 37.255205 3.987088 4.672152 8.504728 -0.460196 -7.540012 9.257645 -10.456761 5.196144 6.381311 4.347069 -1.803851 2.952103 -6.269704 1.562633 -6.000171 -2.202087 -7.789192 -4.199479 -3.560958 2.823415 -2.043933 1.858414 -4.674056 2.671413 -3.883721 -3.926935 -7.658046 4.071306 -0.696718 3.788472 -3.981364 -1.470545 -5.351082 -0.821327 0.483366 -3.226250 
7790693148875152921.mp3 :-126.356719 120.179969 12.412495 24.374268 9.465392 1.460917 -0.744842 -1.877556 -11.907051 -4.208193 -9.280834 -7.927889 -7.536238 -4.010513 -5.863037 2.735326 -3.508794 0.051395 -3.825411 -4.060629 -10.096545 -1.160863 -0.097929 3.067000 -2.336826 0.574279 -6.004869 -4.207167 -3.623605 3.942182 2.442249 0.319141 -4.713416 1.178845 -1.793537 0.769876 -3.400820 -0.116848 -5.061723 -5.858206 
777184025266987949.mp3 :-179.155544 114.692415 2.484334 25.954201 5.172285 10.231749 9.829769 -3.931801 1.375291 5.400195 -10.068269 0.178956 -7.326676 1.277556 -4.072416 -1.449103 -8.240448 -2.356614 0.237330 2.761655 2.997958 8.195374 3.484894 3.290456 -4.749400 0.921717 -2.932566 3.091306 -0.993840 3.900987 -0.685441 3.424123 -4.027087 -2.920352 -6.482872 -1.662748 -2.315784 2.650898 -0.707188 4.042915 
7757549434706810930.mp3 :-187.497051 126.724939 29.611838 14.295579 1.890548 -1.306307 -3.151835 2.388491 -15.452498 1.427723 -6.900846 -4.751047 -6.364840 1.430110 -4.986701 -2.506815 -8.090116 -1.320787 -5.172116 -1.617332 -6.199011 -1.925955 -4.308256 1.937821 -2.388088 2.430488 -2.997054 -4.599710 -7.714667 -3.816930 -1.925122 1.047855 -5.908439 -3.886012 -7.109304 0.410907 -2.860662 0.238616 -1.872416 -1.611812 
7783833451612739199.mp3 :-12.450909 80.066603 -20.519012 46.539574 15.446005 5.538856 8.805246 8.465835 9.113115 15.167594 -1.690821 6.974613 -0.275838 4.256622 1.093202 6.365853 -1.511905 3.072994 -6.381843 7.221270 -4.129437 -3.645428 -3.844200 2.071197 -2.466476 0.443748 -4.561243 5.639803 -0.402669 3.000937 -2.470615 1.438410 -3.278232 3.439460 -1.440181 3.963181 -2.194890 1.694686 -3.236754 1.770581 
7820313698596747697.mp3 :-72.859930 51.647299 6.458032 34.718470 -0.765904 13.943930 6.951924 14.758465 -6.577079 10.472702 0.345228 4.392794 -0.302213 4.344602 -2.188714 4.292407 -4.336795 2.486568 -3.195534 2.876123 -3.134532 2.202172 -5.455091 1.003743 -1.854677 -1.656202 -5.837861 2.069255 -1.248100 0.635282 -3.194256 1.887537 -3.282088 3.710360 0.429034 2.058811 -3.291902 -2.015238 -6.090921 0.679504 
7796101246739709936.mp3 :-159.421897 90.830688 22.880624 -7.187215 14.073104 -12.259551 2.867047 13.522875 -20.252727 2.403701 -6.919980 -8.481347 -0.952320 -3.033172 -0.734828 -1.906077 -5.942750 -3.269390 -5.508927 -4.119858 -12.226334 -1.483183 -8.185513 -3.310113 0.499955 -0.343746 -4.650035 -0.616569 -10.782650 -3.263509 -3.624740 1.473229 -3.542507 1.159013 -2.732012 -0.207910 -1.673174 0.329237 -3.851576 1.203278 
7802635554385742294.mp3 :-122.983544 98.420048 16.022324 27.580489 6.374617 1.930993 5.848422 1.889242 -11.742619 7.711210 -3.899033 0.854889 -2.409134 0.109693 -3.104446 5.289993 -6.099739 0.995309 -4.614242 -0.095683 -2.903596 1.586522 -6.421761 2.928044 -6.192512 -2.657544 -1.660631 1.486530 -2.275908 2.109938 -0.612874 5.936159 1.784060 1.075819 -4.796851 -3.116746 -5.722541 -0.933730 -2.828251 3.484573 
7793601325071217272.mp3 :-112.160945 118.399571 26.843606 15.782479 2.361511 1.595256 4.361507 3.397797 -9.238497 6.937984 -15.813978 -5.009788 -5.874458 -3.202699 -5.344391 0.009320 -2.477437 -1.016057 -3.149185 3.864198 -0.248492 5.521833 2.337453 1.203036 -7.648785 0.038738 -4.735918 -3.693619 -2.638614 6.067957 0.177942 3.294130 -7.004455 -2.583223 -5.720599 2.571929 -5.144925 2.619801 -3.535239 1.424382 
7801648262960246233.mp3 :-1.450512 62.540444 10.361813 18.006930 -0.277912 5.428054 1.308173 4.564132 -7.157674 5.399269 -2.895483 0.951992 -4.802988 0.184545 -6.660615 -0.254380 -6.666270 -0.501095 -4.074769 -0.194099 -5.135315 -0.311553 -6.759410 0.447797 -4.271967 2.299994 -2.343002 2.183349 -1.894111 2.853482 -2.791365 -0.653862 -4.392327 1.318219 -1.462822 3.897417 -1.087785 2.359850 -1.378287 1.780698 
775975355340875814.mp3 :-76.507889 72.190165 -1.025354 30.465237 1.420113 11.586570 9.596660 10.765327 -3.539884 13.914050 -1.799770 9.225257 -1.014868 8.279903 0.864841 5.530444 -3.504452 4.760761 -5.558158 4.088942 -2.985889 3.117202 1.771172 3.715664 2.891694 4.387968 -1.109513 3.417299 -2.406289 0.726731 -0.156193 0.898147 -2.108483 4.125685 -2.091273 1.156145 -2.485159 -1.169974 -4.013421 -2.009634 
7755826133528534554.mp3 :-12.229383 50.271538 11.342591 19.127976 9.909619 12.379163 5.970793 10.236263 2.520444 8.619309 -1.796319 3.820580 -2.812329 4.694492 -2.497145 4.072349 -1.585279 3.821843 -3.716489 1.443331 -4.659996 1.171551 -4.029013 -0.030229 -5.231106 1.874699 -3.951027 0.171037 -3.897860 1.807554 -2.399122 1.408595 -3.811594 -0.740029 -4.390316 0.413155 -3.429827 0.650660 -2.770933 0.108222 
7785846391447547855.mp3 :-165.877994 113.019772 16.198617 25.792216 2.409825 6.130999 3.493442 1.616912 -6.349312 4.653307 -12.996431 -3.335036 -7.368001 -1.453440 -4.544692 -2.270614 -2.457189 2.229453 2.252764 4.101845 -1.519531 -2.785314 -2.077621 -1.359382 -0.875558 2.708254 -0.881443 3.748980 0.675046 2.297450 -1.684657 -7.252558 -7.977199 0.462591 1.195225 7.935039 2.533002 4.195532 -2.063693 -3.142348 
7798430530690242163.mp3 :-33.281239 75.562143 -12.588268 12.861543 -1.461424 1.602405 -6.918745 1.857635 -6.560382 2.477751 -0.631028 4.744355 -1.113454 1.330267 1.460624 2.529870 -6.364610 4.552750 -4.004898 -1.867925 -4.097811 1.868268 -1.378319 5.832459 0.845393 2.671464 -3.733149 2.561638 -0.308530 2.468964 -4.630655 0.849332 -0.567636 3.997104 0.201960 1.767549 -4.142963 -1.546711 -3.737658 1.791217 
7765597294939441964.mp3 :-164.346026 101.381796 16.398280 20.663136 -0.847806 8.828911 3.530814 5.704561 -0.907698 7.634576 -6.194721 4.446875 -3.408246 3.358003 -1.574462 6.217950 -0.315927 4.946309 -3.196088 -2.568733 -5.507970 1.027602 0.174013 4.086316 -0.507575 1.062325 -5.009253 1.124010 -4.630836 -1.540835 -3.061461 4.029199 1.798570 5.795421 0.635513 2.105748 -3.711543 -2.134114 -5.497531 -0.161835 
7819041070840755177.mp3 :-259.857531 134.025814 7.710690 6.857968 9.103291 -6.403496 -4.413637 3.165941 -15.870857 -6.423851 -6.610853 -12.917038 -5.096930 -3.639825 -8.777311 -3.777202 -10.867773 -3.848875 -8.634004 -3.575632 -12.575043 -3.574055 -5.121815 -1.971823 -5.353587 0.258696 -4.617136 0.708488 2.770991 -0.644705 -4.118031 -3.529793 1.416670 2.198837 1.951920 -1.346534 -3.550559 -2.856416 -4.263806 -1.662611 
7748053426478254789.mp3 :-91.332550 87.076599 8.378053 32.790744 1.105170 9.886656 3.750561 2.525853 -0.977230 -2.480232 -4.412595 2.121531 -6.804423 0.630996 -4.761678 -0.225381 -4.702644 4.423103 -4.463670 0.775442 -5.977008 3.130198 -4.737883 1.727881 -5.907721 1.489309 -3.215363 0.885284 -8.785217 -1.850643 -2.241842 5.684049 -4.287593 1.014002 -4.238896 1.784139 -3.585129 1.881487 -3.947714 1.040476 
7759745903123957505.mp3 :-172.363215 111.145312 20.862150 30.336545 5.999342 7.210082 -1.674607 7.178464 0.279138 0.516509 -2.095069 1.972741 -5.005756 0.465510 -4.140256 4.022368 1.710411 6.263472 1.314057 0.081709 -7.595231 -2.277406 -0.198995 5.885117 0.189382 2.866573 -2.434925 -2.446733 -5.012602 5.180985 3.219943 0.210397 -1.292806 2.744262 2.711575 4.854831 0.085527 2.213188 -1.781434 -4.466786 
7770907262478299985.mp3 :-191.657116 92.614827 26.048973 31.129214 8.371150 1.967873 -5.079300 11.172058 -17.921267 0.264361 -3.333660 -6.809208 -3.336761 -7.033912 -7.402713 -4.773267 -13.197281 -13.369546 -8.787353 -7.863633 -5.840965 2.002908 -4.487380 -4.225261 -5.364551 -3.417649 -3.406002 3.996277 -4.235128 -3.766077 -6.862494 4.912163 0.015677 2.189202 -4.961768 -2.236168 -5.957515 -0.979522 -1.980744 2.059306 
7784287055913516002.mp3 :-187.908712 114.392650 32.359095 47.382326 17.493258 18.395433 2.392140 14.818273 -4.299127 5.947486 -1.187013 -2.107075 0.537508 -4.315066 -5.755887 -1.785055 -7.777218 -1.733857 -3.778378 -2.710058 -4.860679 -1.308122 -4.780764 -0.033637 -4.627213 -3.957990 -9.105870 -0.628709 -3.963172 0.383733 -0.167093 0.160867 -0.942055 1.286644 -1.690191 1.057378 -1.590040 1.001848 -1.556447 -0.634376 
776854404702776245.mp3 :-172.507294 103.765208 5.795903 22.004018 8.486825 3.436710 3.279204 5.286600 -10.588108 3.652264 -4.601602 -0.191816 -2.034954 0.372021 -4.887065 0.863821 -7.129404 -1.124715 -2.472209 -1.528703 -0.738344 -1.207235 -6.280836 -1.586656 -3.215220 -0.245435 -1.661238 1.388056 -4.990097 -1.498399 -4.481293 0.707594 -2.846664 -1.172698 -4.261944 -0.934229 -3.408471 -1.261487 0.111572 0.395040 
7805110692902634778.mp3 :-67.098888 76.875001 -7.977004 22.733996 -2.633455 -4.683168 4.708041 14.170798 -10.972748 0.236706 7.123810 4.053823 -1.206304 4.657945 -3.423621 1.081986 -3.601469 1.269875 -0.594197 1.761460 -2.022521 6.070377 -3.019520 2.364185 -1.516771 5.676709 -2.606237 2.788212 -1.292566 -1.829355 -4.156670 3.299626 -1.517943 -0.728539 -4.778797 -0.473079 -4.076889 1.348794 -3.047858 1.108435 
7769698320995023996.mp3 :-94.600969 132.783111 -47.658427 31.137133 8.655101 -10.393816 -14.039657 11.927096 -30.373455 -14.025672 -5.058663 -11.790944 -14.943264 -3.247793 -6.389442 -13.185303 -8.778964 -9.820572 -8.682429 -7.892240 -9.234141 -2.695206 -2.224729 -0.504754 -5.322444 2.377010 -6.986220 -2.816697 -4.428146 5.347762 -3.381323 -2.901986 -9.002923 -2.848057 -1.679121 1.068197 -0.108376 -1.150823 -3.126155 -0.840567 
7818594122339985383.mp3 :-90.958143 107.912152 15.221171 55.004587 -0.980158 1.979600 6.128607 14.255171 -3.089914 -6.322492 8.802834 -10.646514 -0.279873 -4.956770 -3.757567 -3.811321 -1.389928 -5.007009 -4.622695 1.278899 -6.195993 4.588079 -9.060268 0.893860 -8.018522 3.413840 -8.838322 7.199228 -8.455197 5.425007 -2.933915 7.540761 -0.743537 2.506782 -3.535994 -3.247260 -1.970561 -0.776483 0.069385 -0.194831 
7809870157784565282.mp3 :-88.990133 80.378120 10.762442 34.051019 8.034027 8.882679 0.443369 5.301176 -8.387927 7.819881 -9.285235 4.124971 -9.185782 1.422209 -6.806636 1.061486 -7.278251 0.094719 -9.100785 1.912767 -4.339011 0.496963 -6.887102 -1.843904 -9.128084 0.450886 -3.188674 -0.187229 -4.028348 1.798437 -1.624596 2.583335 -5.741452 -2.328543 -6.088443 -0.875682 -2.008779 2.730307 -2.463943 0.936241 
7754591990304968327.mp3 :-206.695432 110.087103 9.546461 12.169865 0.842852 -2.019492 -6.159010 1.922686 -10.881734 -3.769870 -3.043210 -8.244651 -8.593698 -8.935567 -11.770321 -4.577766 -10.328109 -2.280450 -5.678411 -2.722109 -4.406570 1.190936 -3.081676 1.967331 -3.174840 -4.382043 -5.500571 -2.482507 -4.627483 1.080660 -4.528733 -3.508104 -3.035747 2.402187 -2.943840 -1.447155 -5.667810 -4.172633 -5.579283 -2.482308 
7796129657858064490.mp3 :-185.200009 86.462343 -15.257191 16.205919 -0.921677 1.655379 -5.001683 -9.765006 -1.205986 -6.689146 -10.893953 -3.453214 -5.978556 -2.063118 -4.738600 -2.545153 -3.912215 -1.459160 -6.668787 -2.970071 -5.436381 2.276812 -4.977231 -1.750993 -7.008825 -2.482174 -6.230813 -3.608349 -9.413457 -1.686977 0.032944 4.363845 -2.877227 -4.325580 -6.437574 -3.352925 -6.730645 -0.046546 -2.779928 -0.516845 
7766177073465627745.mp3 :-142.685498 95.146297 0.270863 23.567676 -5.837426 2.421233 0.540349 3.974627 -7.956635 4.368310 -2.634026 -0.547521 -1.674271 0.277967 -5.218301 0.400440 -8.891314 -3.665268 -6.996897 -1.183568 -1.120850 4.103259 -7.784285 -3.733290 -8.295926 -3.147212 -3.179224 1.081469 -3.476713 -1.103849 -2.866824 2.875560 -0.048630 -1.277323 -7.599589 -4.493188 -7.200379 -4.134249 -3.634072 2.999251 
779139990897202254.mp3 :-154.462959 134.971904 10.281811 21.493966 9.967477 -6.208642 -1.733475 -2.894640 -17.849524 -11.156796 -12.188746 -12.925075 -12.959751 -9.532859 -10.310869 -8.545608 -13.125015 -3.073651 -8.984066 -4.318763 -12.793723 -3.138748 -8.116456 -2.441120 -5.563050 -2.387277 -9.997220 -4.286016 -2.297065 -1.316365 -5.555233 -4.615072 -5.844281 1.423244 -0.045282 0.264291 -5.835483 -3.080968 -3.948171 -2.288983 
