3696032709453266419.mp3 :-95.299838 78.874097 -8.715520 26.799991 0.009294 1.750849 2.569222 1.760947 -1.613257 2.138503 -6.077861 0.456359 -6.379485 1.316885 -2.872219 4.117609 -4.316671 2.287052 -2.772929 0.785314 -2.074084 4.477529 1.647445 1.242161 -3.188756 -0.101047 -5.251001 2.445792 -2.905951 -1.074299 -4.693136 0.931559 -0.434235 2.057107 -3.527031 -0.833060 -4.573678 -1.768929 -2.749998 0.275713 
371784229958855539.mp3 :-107.936576 74.387036 -0.141034 24.992417 5.149546 5.276409 -1.091678 3.481437 -6.133597 0.959662 -3.006239 1.360291 -3.405755 2.953153 -5.628057 1.184985 -7.820348 2.560097 -5.985920 -1.322647 -4.878332 -3.636475 -6.325586 2.343748 -2.005350 1.161877 -3.452126 1.333669 -3.171014 -0.005052 -7.346076 -5.828024 -3.874779 2.636519 -0.034320 3.254428 -2.876985 -0.644296 -4.533364 0.655685 
3739251467045174969.mp3 :-89.812490 89.750500 5.762925 17.280718 1.984707 9.897953 -2.257146 -1.579827 0.651462 -2.595215 -5.053211 3.282027 -4.038745 1.029540 -3.992751 -0.269413 -4.240629 1.818419 -2.647850 2.154993 -1.994977 0.466025 -1.709118 5.254607 -0.631811 2.493722 -2.008500 -0.032928 -5.315329 -4.992047 -3.745469 1.436271 -2.262337 -0.020586 -2.533857 -0.023870 -4.228582 1.436835 -2.158687 1.387357 
3712801614583166478.mp3 :-157.013803 117.775761 -3.299148 34.446592 8.125274 4.466093 4.330941 8.307720 -10.683477 -0.906329 -2.890519 -6.390024 -2.190994 0.257648 -7.324105 2.589284 -2.337194 1.161398 -3.355436 -1.585421 -5.159446 2.209007 -5.268822 1.267535 -3.642166 0.498382 -5.198406 0.609014 -3.721725 3.838980 -0.255905 -0.322479 -7.638210 -3.715495 -5.613852 -0.212524 -4.055299 0.047193 -3.405962 -0.060378 
3710733624156976165.mp3 :-197.424734 92.783319 5.345014 24.048000 -5.205427 6.119103 -0.484480 2.650163 -12.799732 6.334387 -8.276586 2.487923 -0.901406 -2.083012 -3.669797 -0.696498 -6.578828 -0.231877 -6.237787 -1.038849 -7.155793 -4.879764 -6.387559 4.088620 -0.713748 4.925926 0.459631 1.126479 -2.505504 -2.799613 -8.678857 -3.298191 -3.305882 4.250773 -0.582405 3.969158 -0.112823 2.024809 -0.667055 0.013672 
3671046227866481967.mp3 :-126.741147 83.226916 22.072699 29.792561 5.997780 -0.070181 2.610406 4.408025 -17.848188 8.055660 -15.844460 -0.537546 -6.843650 -4.893333 -5.285919 -2.537067 -9.847658 1.894950 -8.863375 -6.584197 -2.624476 -5.231966 -5.494570 -1.229244 -6.204679 -2.521370 -4.974265 -3.079126 -7.004182 1.747928 -0.613976 6.685513 -3.416363 -1.708305 -5.138229 -1.614100 -4.398309 -0.793031 -5.363700 -0.094712 
3679990898330064939.mp3 :-103.848654 67.082980 33.437632 14.163307 10.795826 8.099118 2.364824 12.954055 -6.887819 12.933841 -5.625602 1.162924 -2.856786 -1.365326 -3.734060 1.162038 -4.338286 0.371231 -4.282456 -2.041324 -1.947651 6.000342 -0.898472 0.933580 -5.417868 -1.291749 -5.922806 -0.140968 -7.968415 -0.816846 3.144667 6.358706 -5.339653 -4.411450 -5.033850 -1.284302 -4.970246 -0.881582 -2.126237 0.845426 
371421361938393493.mp3 :-140.136084 93.085901 -11.989859 31.196091 5.712021 10.683876 4.486111 9.300512 -5.610453 8.775272 -4.151093 7.484270 0.292852 3.940856 -0.395398 1.685706 -2.712143 5.882084 -1.153269 2.595393 -3.692779 0.862945 1.654416 7.622224 0.326507 2.822291 -5.484251 -0.080844 -4.498798 1.298695 -4.596428 -0.998098 -1.669374 2.455176 -0.870021 1.855325 -2.563195 -0.569064 -2.331032 -2.776409 
3733280664577371831.mp3 :-110.123149 81.504986 19.092732 29.113484 3.856874 23.682804 0.557885 13.733231 5.720127 11.454654 4.797708 4.975531 3.924587 0.018632 4.416271 0.103706 -0.742262 4.998768 -0.004541 2.609844 -6.202025 -3.828921 -7.823477 4.627665 -4.223492 -0.493784 -4.178726 1.434969 -2.336963 -2.436726 -1.759544 3.796355 -2.348010 -2.461291 -5.777379 -0.143182 -2.734582 4.186977 3.236367 4.670217 
3735212336930987810.mp3 :-101.791962 136.674599 -6.258475 28.641399 9.184539 -5.999328 -2.330985 2.672211 -17.627138 -3.746204 0.778223 -3.018835 -5.062970 -0.253426 -12.271126 -1.862046 -0.517802 -1.637593 -2.782940 2.955787 -3.567624 -3.318247 -3.996736 -0.488043 -1.346795 5.841925 -4.201049 0.056188 -1.819704 2.381109 -0.481266 1.634743 -4.752864 -2.184526 -1.379870 4.598962 -0.260604 2.408556 -4.652393 -0.062598 
3725475468734061541.mp3 :-111.628544 85.075900 32.492864 34.127294 11.422601 10.743948 3.459678 5.328277 -2.310933 5.825460 -4.299344 -1.869481 -7.161891 -0.804659 -4.638209 1.022363 -2.467763 5.609864 -3.246703 5.256800 -3.692643 3.786080 1.265393 2.249386 -5.861066 0.029665 -8.084785 -0.653714 -2.723028 2.791476 0.241932 1.129766 -3.549585 -0.376243 -2.847290 2.783884 -2.556310 1.899829 -2.719004 1.475631 
3713413755094676812.mp3 :-227.686466 144.130187 -4.666486 12.749047 2.679558 -3.006299 -12.964055 -8.762098 -5.404485 -0.496435 -7.021130 -8.834388 -5.489567 -0.076724 -4.446878 0.311876 0.942369 1.471463 -0.611587 -1.351601 -7.839928 -3.640575 -0.424877 1.629133 -1.052243 -0.914577 -3.424787 -5.513558 -3.813760 3.013308 -1.144059 -6.684718 -7.188006 0.406749 0.849431 0.542144 -1.742672 -2.743028 -7.699588 -6.378674 
3672629935623490.mp3 :-115.150201 75.374081 16.871724 34.781400 -2.971879 2.073241 0.719878 3.238848 -13.435332 2.547919 -12.985316 1.287353 -6.043125 -3.833085 -7.305737 -2.750894 -11.008789 2.785920 -5.799391 1.035079 -2.883566 -2.194300 -3.363287 4.951367 -1.881978 2.102203 -0.720773 1.750144 -2.219029 -2.327259 -10.788833 -1.085892 -2.699039 2.472550 0.283735 2.066207 -2.077147 0.559074 -2.081284 0.705220 
3673022683276583080.mp3 :-191.348370 87.630783 11.715481 8.713381 0.402703 8.718814 0.953211 -0.115915 -6.779401 0.650671 -8.811963 -0.251749 -6.223662 -0.294161 -7.352419 -1.524080 -3.730577 2.228719 0.819081 4.442314 -9.418855 -5.990178 -7.977275 0.253570 1.800345 8.095514 0.864030 0.706533 -7.849450 -4.265111 -0.810895 3.491794 -5.322674 -2.123215 -2.560692 3.210510 0.572724 4.695438 2.056389 2.379658 
3729672053675040634.mp3 :-165.179320 130.257930 25.810343 22.596857 10.586175 -3.528949 4.702556 3.841744 -17.667926 5.685964 -14.481745 -5.816744 -6.307558 -3.233070 -8.357548 -1.662768 -8.125149 -5.401568 -9.799922 -3.822839 -0.178416 2.955615 -0.120866 -2.083819 -7.513810 -3.143216 -2.320651 -0.368911 0.149069 -2.875363 -7.195200 3.220207 1.199298 -2.078620 -6.639854 -5.986663 -10.218944 -2.967503 -5.236872 1.459664 
3713148932667549004.mp3 :-119.674625 99.657642 -6.497766 21.063012 -6.976885 1.759913 -2.581528 -8.265388 -6.747532 0.407063 -16.986828 -3.850161 -8.433539 0.915338 -3.553676 2.108763 -7.631603 -2.813604 -13.038729 -3.961568 -0.851759 6.317176 -3.254557 -3.340876 -6.374307 -1.141010 -2.952975 7.289834 2.102623 3.003958 1.582130 7.490777 -0.360027 -2.527195 -8.551024 -6.394868 -9.426002 -1.545476 0.789790 1.542721 
3681122360445980845.mp3 :-48.301284 88.783471 -3.542585 25.029723 12.104331 3.912411 -2.841784 9.092485 -10.454361 11.470136 -3.414020 -1.364257 2.108921 2.254355 -5.723209 0.620632 -6.633279 -0.777855 -1.982501 2.262711 0.488767 5.361512 -6.059017 -0.820477 -3.175882 0.529123 -1.232204 8.101196 1.556111 3.610910 -2.852025 0.411840 -1.872510 3.748918 -2.581646 1.143887 -2.780209 0.186989 -4.127236 1.554722 
3702878794364986593.mp3 :-197.894762 101.815111 -17.885769 9.968139 -19.223284 -17.461817 3.499851 -18.382614 -4.849522 6.554078 -22.712372 -1.168410 -5.207081 -13.757769 -17.568192 -10.438782 -14.029047 0.781451 -7.191876 9.687188 4.997239 5.254552 -7.791739 -5.710394 -11.513562 -3.855982 -4.957065 1.570626 0.509733 1.777501 -5.945915 -9.469624 -14.785238 -7.668059 -4.876028 -0.335020 -3.386351 -0.650545 -1.338810 6.360025 
3733869786144921180.mp3 :-103.195961 84.414862 18.027079 21.977489 1.331082 13.394634 1.833239 6.624259 -8.876439 4.809234 -4.438109 2.049117 0.906030 -2.679429 -5.925034 2.840249 -5.891084 0.039187 -3.926219 -2.586085 -6.314987 4.255695 -0.853847 -0.063613 -2.234634 2.425092 -7.550629 -3.538066 -10.108014 1.431465 4.984796 2.069385 -5.111771 -1.183757 -5.818023 0.091286 -5.659735 -1.930463 -7.731456 -2.580171 
3683075279076905919.mp3 :-53.184679 97.128388 25.935172 24.128285 10.061847 5.581663 1.645709 1.525111 -9.434990 0.217809 -6.373459 -1.735984 -4.956569 -1.669794 -3.204176 3.195972 -6.100551 -1.335691 -3.358189 4.045548 -6.709231 -0.260995 -6.147156 -1.499913 -6.911657 0.256865 -4.116247 2.299594 -0.484310 1.106528 -6.701002 -0.792399 -2.204368 2.927120 -2.840157 0.479955 -3.933405 1.482717 -3.459460 -0.071023 
3678763788197861173.mp3 :-219.771945 117.108815 9.559381 19.343289 0.351559 1.761458 1.947587 -6.881906 -7.733563 -0.132094 -12.570306 -1.949231 -8.381682 1.862215 -6.607737 0.551733 -6.166765 -0.811089 -5.267593 3.718754 -3.271795 -0.780001 -6.367954 -5.493393 -4.120639 -0.281827 -3.685624 -1.373871 -4.896056 5.962069 3.460976 -2.332925 -6.838502 -2.656657 -3.600615 2.737854 -0.082247 0.640975 -2.667143 0.465850 
3691009462387486163.mp3 :-94.339064 88.699486 12.712971 8.045511 13.751542 5.354117 10.985914 -3.429914 -1.815606 6.483526 -2.659410 5.300311 -4.656439 -1.378920 -6.158158 5.294838 -0.337064 6.895659 -3.071881 0.744765 -1.829461 2.343082 0.296921 2.525724 -3.267574 1.535589 -2.885206 -1.329140 -4.962489 0.714442 1.814841 4.677454 -4.524317 -0.018690 -3.757264 -0.406021 -2.717002 1.671105 -3.109733 0.925452 
3683047904053574049.mp3 :-70.318243 71.307399 23.914626 18.547405 6.619322 4.436622 -4.208850 6.743507 -6.879538 2.787110 -7.359289 -2.590839 -5.793126 3.769993 -5.075148 0.499117 -9.844491 -1.412447 -7.070790 -0.639144 -5.117510 -4.226052 -4.592942 1.731100 -2.466880 5.403924 -0.182159 1.947031 -3.839438 4.521821 0.294521 2.062195 -4.173776 0.960329 -2.066677 3.105168 -1.849118 2.731441 -2.692127 1.657075 
3733615581249740545.mp3 :-113.935531 63.423184 16.181121 22.428980 6.010361 17.806386 2.057138 7.933443 2.029149 5.840136 -0.509226 1.463013 -7.418918 2.579543 -4.706049 5.767082 0.103787 5.941614 -1.650385 6.901815 0.003909 2.319940 -1.456148 -0.788781 -3.935499 1.541352 -6.552108 -1.396295 -0.228874 2.912941 0.863751 -1.858688 -4.430031 3.178468 -1.451686 1.924446 -3.853017 2.324999 -3.775207 2.014142 
3674191307233180069.mp3 :-76.851774 72.831826 -3.897678 32.272555 9.009491 0.766365 -1.956094 9.191741 -6.440330 9.083803 -3.480824 1.805961 -1.779454 3.341044 -3.645553 4.515890 -5.582103 1.258091 -4.124323 -2.096767 -3.733399 2.503961 -2.958107 2.407027 -6.470839 -3.238983 -5.393381 -0.659050 -3.250579 4.907254 -1.163706 1.443344 -1.938598 2.300354 -3.970879 0.644174 -4.272992 0.476960 -2.257388 -0.765971 
3692126487620364799.mp3 :-94.888634 123.415837 -6.044317 29.230606 0.140151 0.055429 0.413257 11.776928 -11.053409 3.920061 -2.305547 -8.292049 -0.294178 0.829861 -6.416700 5.209068 -1.441251 2.057305 -2.008472 -2.515345 -1.630928 6.578055 -6.982011 -0.404786 -5.511654 0.053341 -2.602114 3.880120 3.582884 4.074280 -3.522740 1.924145 -0.466374 2.904404 -2.978233 -0.782738 -5.051548 -2.401165 -6.012857 0.992890 
373603386768266897.mp3 :-131.312888 108.629170 12.091535 19.393380 1.800582 -2.063810 -0.287033 -0.180339 -2.816375 5.371533 -5.032280 0.672785 -4.288633 1.740129 -6.771719 2.797877 -3.269827 3.444732 -3.252457 5.083728 -2.451538 4.220370 0.576012 5.744666 -1.181704 2.901078 -2.107462 2.713695 -2.569705 -1.029230 -6.915171 1.168811 -0.868916 1.286797 -4.506881 -1.317175 -4.528136 0.366441 -5.226967 0.707742 
3692739709361009755.mp3 :-119.853080 118.424491 0.192193 21.164537 -2.645115 3.586427 -4.156077 5.287534 2.417229 7.372764 -0.354777 3.374398 -5.669173 1.314733 -2.004986 3.454709 -3.687659 2.263951 2.685862 6.815252 3.124792 4.020279 -5.738550 -3.121616 -6.804561 -1.887921 -5.113219 2.478892 1.365389 1.865567 -8.003241 -3.951930 0.326142 4.400344 -1.533675 -0.511218 -3.309394 0.919727 -1.246550 -0.536564 
3692713207855609594.mp3 :-155.023226 97.761392 15.570886 20.808873 11.535722 5.359116 0.652916 0.291953 -7.734461 1.312843 -10.305680 -3.965994 -10.008225 -0.646745 -5.741185 -3.882394 -7.060291 -0.389111 -5.531607 -0.078305 -3.926586 -4.362269 -2.693421 -5.154969 -3.494494 2.639545 -3.903272 0.171717 -1.296123 -4.208241 -4.282308 1.929021 -0.304444 1.872369 -3.569102 0.855364 -3.511486 -1.340698 -2.794366 1.402316 
3709747484653121048.mp3 :-63.227339 95.938311 -3.192538 18.263136 2.455138 12.013036 -4.955858 3.625725 -10.889672 0.428229 -3.902791 -4.929268 -3.643980 -4.594895 -6.479814 0.884467 -4.533091 -0.801646 -2.808931 -0.621683 -4.267306 4.939480 0.349026 1.092350 -2.890321 -1.099505 -5.898009 0.737112 -2.081506 4.566426 -2.132077 -0.219195 -2.932579 0.330660 -3.439579 -1.179705 -5.299030 0.400393 -3.318611 -1.702255 
3727209197753229278.mp3 :-176.793626 22.633170 5.351403 23.527054 -14.384675 0.038275 -4.393853 -3.522354 -11.947557 3.524973 -11.652110 -2.150592 -10.069584 -4.591558 -8.799838 1.649475 -1.865411 2.704865 -6.609689 1.066312 -2.720331 1.925196 -0.968696 -1.901380 -6.286535 -2.792887 -7.880704 -1.447985 -3.908592 3.849195 -0.699118 0.669506 -4.234964 2.562195 -1.912725 1.062241 -3.440609 1.684600 -3.119849 0.514897 
3677644138021864689.mp3 :-145.464015 108.393277 20.931860 20.571373 1.576937 -2.582577 -9.523100 -1.571881 -19.035124 1.705633 -14.569924 -11.671483 -12.540396 -10.946920 -9.166177 -8.675674 -9.037640 -7.503225 -7.155745 -6.894096 -5.879323 -10.058505 -1.264179 5.085118 0.287407 6.349913 -5.358222 0.113950 -7.614068 1.983760 -3.815358 -5.418676 -7.991449 -3.042251 -2.284193 2.899570 -1.348084 -2.290027 -5.999630 -1.577104 
3691490352015123150.mp3 :-125.337887 108.056274 12.821968 14.421531 6.947066 4.182819 -1.349729 9.992633 -5.796656 -0.353339 -2.414782 5.033980 -0.698714 2.499198 -1.252589 1.919222 -11.536280 -0.872810 -5.988081 -0.575964 -5.056194 3.329756 -3.585288 -2.008627 -5.539844 -0.826619 -1.795049 3.954234 -4.847041 1.762356 -1.738658 5.645922 1.201045 0.352631 -4.427389 -2.656651 -7.410658 -2.123187 -2.445421 3.236701 
3690859532533169958.mp3 :-100.038458 84.303317 12.756815 21.310503 7.980511 7.644813 -1.133192 6.022086 -3.865535 2.363440 -3.469085 3.260541 -1.508300 0.600050 -2.454179 2.308732 -5.877710 -0.537764 -5.996560 0.540356 -4.085299 -0.893507 -7.402350 -1.710791 -5.294674 1.811383 -3.322633 1.353211 -3.275658 -1.959915 -3.725330 2.154497 -6.375445 -3.077838 -5.126446 -0.984860 -2.762405 3.120972 -0.094132 6.698451 
3696480047681940132.mp3 :-102.776958 118.779162 16.742612 25.996339 5.670817 -3.521778 -4.374657 11.701132 -8.543618 -2.902819 -8.440231 -8.226488 -5.377684 0.002398 -6.069742 -0.100163 -6.522723 3.034392 -1.464562 2.997069 -3.515735 -2.722169 -3.918627 0.944288 -2.764118 -0.262982 -6.038102 -1.993614 -8.733250 -3.316757 -0.160869 1.507945 -0.279153 -0.536268 -2.980126 1.982902 -4.503261 2.918213 -2.875038 -0.424459 
3730792882231046096.mp3 :-185.056514 116.066475 8.436341 24.347210 -1.059928 -1.546475 2.142357 3.302380 -11.120562 5.805420 -4.259482 -7.726901 -5.866296 -2.438937 -9.114193 1.463392 -9.676539 -0.614950 -2.868534 -3.485469 -6.016692 -0.517571 -2.903162 -0.903088 -6.604634 -1.691752 -2.820047 -1.031881 -5.227315 1.444621 -0.270730 2.614665 -0.764974 1.144245 -3.591051 -0.946130 -7.436306 -1.130573 -3.607433 -0.788047 
3704313489173309541.mp3 :-65.293502 60.898098 19.791597 29.622641 9.250286 7.797355 3.236233 4.761678 -4.112458 6.848618 -5.821551 -0.963314 -4.893077 -0.464279 -5.289093 -2.253173 -5.848770 2.553062 -5.559721 2.010574 -6.612220 -3.062881 -4.144930 1.086535 -3.582936 3.754459 -2.080466 1.242667 -1.926809 -0.768849 -8.020716 -1.330211 -4.037199 2.512896 -3.936218 0.044500 -3.616165 -0.506928 -3.881590 1.040704 
3699137412661581235.mp3 :-243.988994 101.099219 23.807932 26.401946 5.778032 9.339055 1.429651 12.306660 -7.222175 1.375686 -5.458563 -0.875592 -3.857298 1.207454 -6.075036 -2.490443 -6.172393 -2.716339 -7.888898 1.303730 -3.615117 3.582040 -3.654286 0.308220 -7.475713 -0.124858 -0.776791 4.906236 -2.127577 0.433830 -3.608595 4.568817 2.096410 0.294043 -9.802261 -5.050747 -7.905133 -2.431353 -3.264561 3.511054 
3713254194612623723.mp3 :-75.089332 51.412193 -1.156500 21.928167 -6.743988 17.296114 -3.827276 9.228450 -1.023391 0.050651 0.315495 5.514666 -1.434279 6.948765 1.731642 5.791479 2.472583 0.626699 -1.444332 4.271994 0.069334 3.488456 -2.565251 3.302933 -0.307617 5.441482 -2.223429 3.799209 3.788619 7.628246 -1.305260 -1.859972 -3.038338 5.239904 0.271826 3.845044 -0.416939 1.681221 -3.191326 2.298469 
367349254192701176.mp3 :-193.009458 121.229508 29.803877 24.904452 14.657159 12.490634 0.491465 7.570868 -0.404566 4.995457 -2.784443 2.386495 -2.405954 2.902447 0.342542 3.223191 -0.418722 4.842879 -1.405087 -3.943675 -11.041050 -2.157028 0.997406 2.189807 -1.925655 0.054481 -7.513819 -4.777912 -4.781114 3.718032 -1.097450 -3.866690 -4.175832 1.197401 0.248272 0.476008 -3.791555 -1.483678 -4.632826 -6.058843 
3677749544962020333.mp3 :-112.917654 106.252936 27.023780 34.194904 7.559415 9.685442 0.059566 -0.199971 -10.349179 3.488960 -9.390379 -5.104442 -4.715067 -1.063807 -4.040642 -0.450314 -2.978010 -0.388752 -3.667485 1.741283 0.603801 -0.125285 -4.995790 -3.016895 -7.133238 -0.541339 -4.969432 4.918647 1.970638 -1.020315 -6.193454 -0.022398 1.720779 1.887623 -3.972873 -0.647412 -3.902437 -0.362839 -5.277459 1.691323 
3670613855500021307.mp3 :-62.402755 96.671933 11.503385 28.207385 7.336509 12.628228 7.575909 4.922015 -2.944524 7.742678 -2.412435 1.735397 -2.276203 3.295445 -4.179421 4.441325 -3.255830 1.457240 -5.289907 0.577558 -3.939679 4.174055 -0.861784 1.506113 -3.331618 -0.982037 -7.006491 -0.316506 -1.664967 6.189989 0.036753 -0.849582 -5.492680 0.421167 -3.366747 0.581812 -2.618978 0.375164 -4.030231 -2.137288 
3713881359989657537.mp3 :-83.161182 94.027646 6.870971 30.860924 8.275288 1.101847 6.318247 6.870034 -10.543592 6.957957 -6.084357 2.713384 -2.838529 -3.857601 0.215317 6.927095 -10.661954 4.582021 -5.148459 -2.642734 -6.453129 1.523721 -4.126546 2.758791 -3.108373 -1.457999 -5.332730 0.263142 -0.016999 -0.032195 -2.425081 4.288895 0.708864 6.311318 0.477608 0.426644 -5.141510 -1.531084 -7.151803 -2.920124 
3690174162643308616.mp3 :-99.127800 95.595633 10.681161 29.897455 -1.128871 -0.381995 -7.119615 11.224248 -16.399012 -1.841147 -9.815548 -5.770274 -7.433605 -7.351926 -5.272537 -1.735962 -3.600496 -0.847812 -5.720439 -7.649381 -7.629574 -3.018808 -3.534986 0.825182 -3.818013 -2.344746 -7.156434 -1.700897 -5.665438 4.143017 1.151366 6.186774 -0.416541 3.229158 -1.380124 1.699345 -5.024770 -0.706696 -5.428983 1.115092 
3696764107923497143.mp3 :-130.918729 97.396819 -19.935995 -0.342099 -0.191166 3.798518 1.040409 4.967140 -3.279664 10.456360 -1.297500 8.500141 4.349620 3.073270 1.522627 3.301998 -5.152090 3.401941 -4.261160 4.216436 -1.913057 2.468045 -4.901064 -0.151038 -2.977204 3.385508 -1.782179 2.567077 -0.624677 3.615357 1.507779 1.290583 -4.636666 -1.687365 -4.419412 0.392621 -0.914255 2.387914 -1.898895 1.061889 
3718374169187424027.mp3 :-46.179016 84.439409 11.988834 30.035733 10.853212 13.860112 0.998576 18.188393 -2.359697 1.488638 1.213207 2.641030 1.198145 2.816040 0.935168 3.453678 -1.203599 3.384278 -4.026626 1.126676 -7.399188 -0.289039 -1.357527 3.151018 -2.162096 2.027943 -3.708884 2.131149 -3.434850 1.599415 -2.188625 2.736158 -0.959313 2.816758 -1.337612 2.558368 -3.329094 1.241375 -2.162197 -0.094138 
3678315652553547791.mp3 :-111.521573 63.971828 -4.048951 29.927333 -1.554332 1.235326 0.744090 3.101318 -17.127214 0.958882 -10.638372 -1.688337 -2.914526 3.902939 -4.948426 -0.243876 -7.111863 3.032268 -4.064461 1.597893 -8.120441 -3.038639 -2.774471 4.267827 3.017438 6.283155 1.326026 2.821060 0.621525 4.637411 -3.978175 -4.306120 -3.474610 5.274297 1.052154 4.249735 -1.446931 -1.375840 -3.608436 2.874934 
3673432633051595754.mp3 :-37.859387 78.688364 1.993903 23.449095 -11.174403 -2.083220 -3.942841 -1.202017 -8.277766 2.524332 -14.654939 -1.634409 -7.198014 -4.674209 -8.487581 -1.024307 -11.233459 -2.501207 -6.857565 -0.778817 -2.664213 2.145925 -4.220814 -1.909165 -3.436918 2.435450 -1.276492 1.205686 -4.392388 -0.057635 -4.825115 -2.045775 -7.147052 -2.227020 -4.879514 0.523814 -0.996453 0.530385 -2.141337 -0.048634 
3686572609782122802.mp3 :-134.024240 132.428354 0.933839 35.843816 4.914135 9.368109 -2.497033 3.170102 -8.436744 -3.573989 -9.961660 -6.823145 -8.016216 -1.872476 -9.028727 -4.531174 -8.083451 -1.315988 -6.022701 -1.881178 -5.024256 -0.726379 -3.325901 0.667628 -0.481482 -1.899043 -4.160035 -3.980274 -6.754929 0.601469 -0.459180 3.524841 -1.152714 -0.249824 -3.557495 0.434046 -4.289073 -3.104073 -3.635120 -1.281170 
3686493889532351283.mp3 :-81.119066 59.301441 4.545586 15.839052 4.295713 8.766678 -0.525469 4.580058 -6.738070 4.048322 -6.562250 2.122196 -5.820390 0.240779 -6.034773 0.057772 -5.959200 0.718329 -5.438220 0.249065 -3.243990 0.966274 -4.130967 1.455999 -2.885276 1.358051 -3.191785 1.074175 -3.965286 3.148127 -2.084172 -1.728391 -5.766831 -1.558925 -4.427030 -1.216515 -3.867510 -0.637855 -4.318060 0.229850 
