751506567549509313.mp3 :2.490671 79.159915 0.112964 18.028462 1.788278 9.477489 -1.054698 8.425973 -3.520038 8.900111 0.589774 1.711924 -0.612939 3.354242 0.119648 5.445860 -2.774357 4.712259 -1.595883 2.021056 -3.055273 1.392247 -3.340490 4.200947 -0.729315 2.291014 -2.211742 1.777680 -2.962314 3.291048 -2.672615 1.836566 0.347435 4.303086 -1.459415 3.412257 -2.933302 -0.681853 -3.074568 1.145739 
7505436418375333469.mp3 :-202.819756 110.941461 21.992079 19.685352 10.452855 6.701798 3.572320 -1.343120 -0.836673 2.110225 -7.938089 2.426884 -5.641808 2.468953 -5.574077 1.106960 -7.662731 -0.968625 -1.965662 4.561619 -3.220526 -5.407390 -8.314420 -3.455691 0.148161 3.376350 -1.193142 2.665770 0.333850 4.908451 -4.347934 -6.120377 -9.763729 -2.105306 -1.944892 2.641444 -1.498842 1.973247 -2.650519 0.770577 
7468872889793413288.mp3 :-70.606352 64.040647 17.965276 29.234800 5.962919 13.225731 -1.396836 15.664144 -4.253393 4.319242 1.466135 4.412735 -1.861441 0.870735 -1.920898 1.906898 -7.551721 0.480740 -1.632403 -2.035772 -7.101187 -0.826216 -5.418286 0.601559 -2.724566 3.931155 -3.876220 2.262494 -4.709041 3.027712 -4.262017 0.412846 -3.663085 0.088365 -1.307536 4.057241 -2.221746 0.665688 -5.384888 -2.283554 
7473424725018920286.mp3 :-142.529076 74.062796 21.719565 26.082768 2.976168 2.053293 0.356625 0.099823 -4.600324 5.036833 -7.354166 -1.059471 -3.278895 2.605432 -5.926976 4.219662 -6.959297 2.787530 -7.987279 0.694022 -3.131212 3.414782 -2.653074 2.259519 -4.878800 0.391931 -4.259747 2.315246 -4.925414 1.269146 2.609232 7.639779 0.502485 -1.116592 -5.095640 -0.264868 -3.932483 1.303044 -2.518894 1.617747 
7495344528987781455.mp3 :-58.832185 82.885401 -3.406963 33.347316 4.164842 8.374868 2.586608 0.513465 -1.231242 -1.882064 -6.029832 0.692847 -5.820672 4.726559 -2.651596 1.223791 -5.256002 0.393585 -3.972788 -3.917793 -10.195310 -3.504253 -5.049351 -0.572037 -6.712288 -0.001756 -2.605218 -0.037387 -4.355171 -1.453968 -3.779076 2.425259 -3.957695 0.580223 -5.353159 -2.272210 -6.215345 -1.142004 -2.577082 -0.107470 
7536782043201032391.mp3 :-64.306743 89.996626 -6.465236 40.195216 3.622190 17.515638 9.404732 -6.014832 4.648235 6.117249 -3.159783 3.541593 -4.505875 -0.386842 -6.055640 0.682606 -5.868973 -3.597625 -5.484308 -1.335156 -8.509506 -0.613670 -5.953405 -2.445865 -5.362964 -0.665230 -2.966159 1.297928 -3.818169 -0.290716 -7.166027 -4.756132 -6.044975 0.758139 -0.588734 5.012710 -0.356914 -0.988387 -4.924181 -0.719071 
7504513961876999169.mp3 :-96.339300 100.563408 16.285924 27.080540 8.697985 15.816213 5.437493 9.050694 -4.388672 9.145263 -5.820948 5.530678 -2.033381 5.626432 -2.648540 2.440360 -5.891563 2.441155 -2.133485 2.734047 -1.113818 0.306417 -4.702021 2.072908 -1.107052 3.976860 4.351027 7.138293 -0.766933 -0.368032 -7.621554 -1.992906 -0.324507 4.193554 -2.390846 1.066922 -2.031835 4.020570 -2.529997 -1.047276 
7528696141948840079.mp3 :-216.636568 99.585633 -2.155102 30.863057 16.776621 7.793745 1.367556 10.710660 -7.712324 4.915956 -5.368954 -1.376226 -2.570648 -2.617008 -5.545614 1.454103 -2.236090 1.787992 -1.009505 -1.678462 -4.641586 2.412304 -3.429170 -1.910469 -3.590116 -4.013243 -6.782466 -1.896860 -7.172450 -0.902976 2.116123 3.230578 -0.776750 -0.574130 -2.125708 -1.108201 -2.618544 -0.678670 -2.993308 0.206059 
7539402461598245858.mp3 :-132.334630 96.530060 9.666474 42.135199 -3.183769 6.304346 -9.857972 7.013375 -10.734852 -1.068366 4.565791 -6.162332 -7.267372 4.463702 -11.270044 -0.127721 -7.000793 -4.651718 -7.742479 -1.601051 -6.405295 -0.815217 -3.014749 -2.182127 -11.009372 -1.149751 -5.987895 2.564240 1.690656 1.637644 -2.159275 0.125360 -2.352805 -0.955124 -3.263558 -2.825521 -5.687940 -1.834552 -6.282286 -1.152379 
749706681055962275.mp3 :-96.207047 102.759015 31.835809 25.670302 8.952694 9.254963 0.659003 0.877868 -9.277489 4.453986 -7.442165 -0.921207 -6.634820 -0.981252 -5.684101 -1.610398 -6.420077 1.262900 -7.757921 0.273388 -5.085261 -0.053868 1.479948 2.290054 -6.038734 -0.452871 -4.943414 -2.743453 -6.408413 -2.664036 -1.927553 4.353707 -1.046858 1.857410 -4.811955 0.476611 -3.052160 1.092050 -2.785102 -1.551162 
7489625316412275770.mp3 :-154.992761 84.351874 6.584532 28.922090 22.497321 -5.712446 6.654888 25.358630 -20.039054 0.875138 10.912909 -3.176525 -1.170981 6.121691 -0.746677 -3.457305 -3.173474 1.048683 -3.899118 0.596177 -6.203090 -0.317516 -3.999425 -2.643666 -3.913319 4.615206 -3.963624 0.263418 -4.720423 -2.606577 -5.066061 -1.697452 -4.893758 -1.944895 -6.619865 -4.285589 -4.503102 -1.918020 -4.022652 -2.892845 
7535129710600780829.mp3 :-107.253638 95.937813 19.996192 23.970925 3.610818 2.484857 -4.414868 0.068440 -8.241156 0.532219 -2.433628 -0.812372 -5.642572 -0.234209 -7.376412 -1.941705 -6.247594 -2.004221 -7.325923 -1.225517 -0.842779 4.134099 -0.885425 2.747852 -5.723194 -1.713544 -6.485657 2.790172 -2.110953 2.726547 -4.314336 0.217912 0.400547 5.894882 -1.802078 0.316232 -4.667436 -3.111017 -7.079109 -4.715461 
7480324709296007184.mp3 :-271.610937 84.678943 13.335067 35.590149 0.672299 2.614498 8.049693 2.775506 -13.954040 8.933326 -4.592126 -1.451026 -4.311212 -4.973856 -3.319304 -2.169941 -6.118784 0.341670 -3.469535 -1.829532 -4.552699 2.296657 -4.587328 4.016677 -2.420147 1.735713 -1.905716 -0.308458 -5.600245 -2.411283 -0.005088 1.354214 -5.008362 -2.808419 -5.716567 -0.412017 -3.343454 0.457843 -2.725987 0.648239 
7480750830672954003.mp3 :-119.147345 86.934402 -0.671938 31.854342 -2.092838 17.186176 -2.766722 9.636365 -4.818245 8.440745 -6.313870 3.378827 -3.818941 8.307109 -3.083378 1.811911 -3.774739 1.165631 -3.112826 2.950910 -5.378387 2.787245 -4.096664 2.531897 -5.327688 -1.462129 -4.204022 1.395715 -0.846826 1.721865 -5.434630 0.209367 -1.694647 2.784890 -2.301066 -0.913227 -3.233752 -0.839220 -1.841872 0.079038 
747710614963226486.mp3 :-123.359035 98.305257 23.636977 37.673720 14.414760 6.591316 6.110013 10.425609 -6.669955 4.553875 -8.331193 0.741957 -3.779196 1.366273 -1.557355 -0.143926 -2.844649 2.227814 -5.265468 -2.723410 -4.814357 0.647871 0.713699 6.383315 -4.560659 1.983749 -2.950288 -1.519822 -1.911401 7.920201 0.179121 -3.363786 -5.005110 4.013006 -0.369877 4.996652 0.828449 0.841283 -5.369614 -3.904190 
7529687851691186056.mp3 :-84.465662 57.403089 0.199868 31.037625 9.987288 23.052153 11.019937 4.628262 10.074036 9.817647 2.140686 5.216964 -0.001903 3.911484 -4.631374 6.589039 -2.274915 9.571707 3.127755 2.758025 -3.861164 0.370973 0.314941 7.326311 -0.925747 2.593079 -8.995920 -4.466572 -7.770223 2.225123 0.105747 -2.422647 -6.478045 -1.267456 -3.044958 0.016522 -4.645152 -1.385288 -3.564003 -4.205251 
7528121236514138102.mp3 :-112.049127 91.940729 21.083548 30.281038 11.875830 6.667865 6.404700 -6.356237 3.389125 3.215043 -8.976931 2.901294 -6.652702 2.065279 -4.862252 2.953125 1.304764 5.323478 1.693194 0.603853 -4.225259 4.777335 -1.375901 4.867041 -2.460948 -1.825640 -4.583911 -1.056938 -2.611891 4.643872 0.171258 3.477016 -2.980035 -0.119874 -2.553442 1.620106 -1.870149 0.666386 -3.742043 -2.675506 
746414559659249242.mp3 :-117.889387 86.538441 29.685803 11.188223 11.783664 4.195602 0.074055 4.130720 -3.989231 5.745053 -7.477303 -1.480491 -6.144951 0.604926 -6.275681 3.807207 0.351644 1.577592 -3.801401 2.343325 -5.020245 2.487977 -2.831247 1.087090 -2.568850 3.772874 -3.276132 4.300040 -0.533026 0.979767 -3.976273 1.328288 -1.218144 1.295157 -2.814332 1.239894 -2.633496 0.172889 -4.992955 -0.072538 
7512829459173655561.mp3 :-192.836649 117.793468 8.519640 21.818700 10.261986 4.586078 -1.041467 2.708139 -9.154259 -1.980863 -6.269217 -3.262687 -6.542653 -1.664920 -6.181167 -0.442036 -4.913075 -1.828609 -3.602180 -4.595845 -7.088527 -1.549019 -5.827824 0.838359 -3.140459 -1.000627 -7.810002 -2.851093 -4.627960 2.792688 1.003616 0.826717 -2.899835 1.472494 -1.022703 3.339200 -0.692662 3.057122 -1.917305 -1.083089 
7492395418329534930.mp3 :-166.186961 71.454146 4.867407 27.873101 -0.395007 8.106527 -10.688266 1.806970 -15.942713 7.740871 -11.696897 0.179055 -10.846710 -4.065520 -3.132538 -5.509681 -6.095262 -1.974703 -1.505348 8.061495 -1.081657 2.930882 -4.612210 -0.406049 -7.564833 -0.606901 -5.582469 2.157371 0.438046 2.764146 -7.561453 0.433413 -3.364367 4.446019 -1.048674 2.313496 -2.927372 0.666274 -2.339578 -0.523246 
7514737552386346218.mp3 :-159.839343 88.904338 -0.856539 27.000112 -1.081719 -3.724283 -2.123878 5.433080 -21.608327 -4.358640 -14.277663 -10.603195 -7.761203 -9.761621 -10.631084 -1.974967 -7.374514 -6.260483 -7.536292 -9.108598 -11.691409 -0.933103 -8.348716 0.215527 -9.404890 -3.190512 -8.939811 -4.492769 -8.796032 -1.368520 -0.252853 0.799701 -8.043973 -1.706480 -6.893304 -1.669199 -5.423143 -0.976268 -3.116506 -2.378281 
7521801922366707785.mp3 :-95.091189 88.863837 13.392969 38.293146 10.878862 9.511794 -2.826253 10.653653 -9.078438 9.325829 -1.209872 0.762680 0.630459 6.371807 -4.139906 3.550897 -4.344168 1.742651 -3.581583 -4.396696 -3.929926 2.587841 -2.443174 -1.831687 -3.931029 -1.097906 -2.769140 4.810203 -1.494818 3.953465 -0.609648 3.723115 -1.394930 3.667162 -3.290431 -1.107986 -5.481209 -0.762556 -2.568078 1.973262 
748374396207267119.mp3 :-163.058251 103.039959 10.485200 36.271494 10.017667 3.108215 5.771487 8.489931 -7.088228 5.826828 -4.329635 4.260841 -5.529764 0.511484 -4.526312 2.445258 -3.340717 5.742612 -4.115634 2.352794 -1.601173 -0.291603 -8.155053 2.252618 -1.059421 4.187530 1.210104 1.254098 -7.179152 -1.694703 -0.100463 2.072025 -4.805831 -1.225753 -3.349547 -0.037455 -1.497767 3.396247 -1.963533 0.079467 
7475759167798838000.mp3 :-82.064238 107.507098 12.392476 33.225671 11.876086 1.144026 15.256965 8.385889 -13.323073 9.501163 2.158581 1.645294 3.749988 5.137963 -7.586375 3.359428 -2.522203 2.131621 -1.989010 0.633877 -3.845807 0.588677 -4.113845 2.616319 -3.114779 0.004064 -2.605727 2.739492 0.688466 5.401901 -3.439790 -0.612009 -1.044984 3.388127 0.232334 2.537968 -4.455337 -0.597692 -5.149294 0.362163 
7501728714148236675.mp3 :-109.628413 74.476073 -2.577807 22.796150 7.796096 2.171856 3.397256 13.078914 -11.448973 9.539108 -6.536954 -0.507350 -2.831042 2.692041 -8.375036 0.541656 -10.988332 -1.087835 -3.634741 -0.060657 -5.403581 -2.060258 -4.470357 1.733868 -2.121234 1.507261 -1.709455 3.029070 -4.361599 -0.477703 -4.380968 3.550806 0.944781 5.860986 -2.580002 1.171700 -1.662403 -1.682416 -4.711855 1.522439 
7459176380548637335.mp3 :-94.694131 98.040069 19.767926 21.213453 11.882309 7.486975 7.986891 3.063712 -4.181124 5.445043 -5.695286 0.186485 -7.234239 -3.531519 -3.967085 -6.219052 -6.765337 -0.709443 -7.320774 2.498513 -1.740165 3.664024 -2.444987 -0.124244 -9.248302 1.307545 -8.981415 -0.076367 -0.827888 4.481305 -1.184802 0.356002 -4.690382 -3.258160 -5.557668 -0.280593 -4.670807 -1.929559 -3.529269 0.844054 
7496238775133323726.mp3 :-142.086067 99.217600 1.552203 33.629998 9.302447 7.722238 -5.248564 8.530472 -10.762823 2.642209 -1.185306 -9.529178 -1.970608 -1.306965 -10.232498 2.289334 -6.134038 -0.440710 -3.086597 -2.839023 -4.261429 -3.484422 -6.448986 -1.491447 -4.799961 1.473766 -3.589720 2.154603 -7.288027 2.214589 0.456350 1.128589 -2.394432 1.174158 0.464106 2.105132 -0.237655 2.991837 -0.711378 2.104112 
7524322387594631217.mp3 :-180.790597 85.442307 -11.447569 30.035872 -2.982437 1.745309 -6.977283 12.023416 -20.053201 3.136239 -2.412091 0.467181 -6.648528 4.619847 -8.763564 -4.751697 -4.731491 -0.660551 -9.590158 -3.666511 -3.750329 1.006134 -2.796695 1.376952 -7.017248 -1.026383 -2.973729 2.489965 -5.970410 1.341347 1.001790 4.659583 1.784232 1.234054 -5.259136 -5.393688 -10.054104 -4.108530 -5.528882 2.538699 
7518569621309944327.mp3 :-41.311141 81.972210 1.756089 22.130153 8.056112 16.824364 -4.794229 7.297020 -2.145133 4.071489 0.677195 0.678887 -2.934908 1.619068 -3.543436 3.344349 -1.706143 3.111989 -2.590688 0.909235 -3.497713 1.854286 -3.255270 2.625197 -3.290357 1.701531 -2.402713 2.870250 -0.268460 3.375849 -1.516398 4.138126 -2.077195 3.292210 0.109377 2.218827 -1.842804 2.451642 -3.308221 -0.520574 
7464820814096810173.mp3 :-118.573677 92.768480 28.290378 34.192341 7.166219 8.776783 3.447001 7.165547 -6.740970 8.095771 -4.402890 -4.433247 -2.796414 -2.570657 -3.377815 -1.572601 -4.324004 4.100254 -5.698566 -0.024022 -7.181379 -2.859807 -1.312104 3.280892 -4.636541 0.779710 -5.876241 -0.370536 -5.070733 -1.560244 -1.446469 3.047301 0.968355 0.830224 -3.724242 -0.064227 -5.524177 1.676272 -2.759375 1.412811 
7461060424774136394.mp3 :-173.385157 79.671360 8.535828 37.555779 25.173100 11.201057 7.245548 14.077021 -9.524836 7.992431 -2.816322 5.454044 -1.817963 -0.233629 -4.941141 5.134920 -3.690434 5.564253 -1.055668 1.467823 -7.601127 1.898073 -5.121755 -0.210540 -3.232645 1.297087 -5.897220 -3.092673 -4.953896 2.135405 -1.043444 2.886216 -5.242204 1.268139 -1.261401 1.123376 -2.317884 1.333471 -4.596591 -2.141616 
7526472484624007212.mp3 :-123.902701 105.148042 19.093318 17.229596 23.934245 -3.878362 19.260346 7.140532 0.280853 10.866770 -8.151505 7.134255 -4.636884 6.765628 -0.613272 1.968035 -2.197716 0.365531 -1.752904 -0.473224 -5.481531 2.196535 -4.283460 2.650791 -3.825942 2.048621 -3.251728 -0.253963 -6.184865 -0.262575 -3.544604 3.369945 0.469404 3.546334 -2.252484 0.799975 -3.090806 -1.531151 -3.186931 1.059144 
7496575877152629422.mp3 :-80.972215 81.335762 -0.560385 27.136093 -1.371394 -7.326695 5.857316 -7.952179 -6.554291 4.721577 -17.001280 1.458401 -6.512797 -2.497107 -5.809224 -0.774725 -6.234540 6.452021 -1.451111 3.470688 -3.105271 -3.507766 -5.531695 3.421906 -1.088535 6.475058 -4.694670 0.878737 -9.272691 -4.731771 -5.574036 1.757342 -2.170659 2.423496 -5.280813 3.120866 -0.358931 3.131211 -5.850873 -2.598671 
7509828799812312868.mp3 :-88.861578 68.432656 16.379362 29.240077 8.078215 7.477922 2.165980 4.315570 0.891975 6.108507 -2.924826 7.278411 -1.099213 0.453981 -1.018529 10.040303 2.451511 6.744443 3.612098 9.710902 0.881590 2.102787 -3.668628 2.668404 -3.852246 1.200891 -3.080739 1.230048 -4.521662 -1.011252 -1.384311 1.346670 -3.833400 0.456591 -6.338310 1.102094 -1.676350 3.949138 -0.586561 3.146322 
750190969689251145.mp3 :-52.905226 79.415568 -0.060608 12.556810 1.491335 15.585947 -2.049952 8.582093 -2.415226 4.756034 -2.807578 0.418753 0.150620 4.286133 -2.894865 4.391683 0.129148 2.463197 -1.961326 0.137364 -2.364298 2.964266 -2.565837 -0.507397 -6.115666 2.173123 -4.493121 2.899357 -0.290854 3.144719 -2.779114 1.138728 -2.566220 1.889533 -2.279614 0.032162 -5.063605 -1.981672 -6.070743 0.077101 
7520489777760470478.mp3 :-316.923395 150.885767 30.397391 17.439960 17.327824 3.753243 -4.134934 -3.988249 -2.136316 -2.377757 -4.845696 -4.474932 -6.248602 -11.163941 -8.757888 -2.905562 -5.555359 -10.498057 -10.060212 -5.112715 -0.335349 -0.283077 -1.887872 0.028322 -1.618393 -6.188692 -5.364350 -2.793830 -2.856432 -0.957152 3.528739 4.897005 1.321905 -3.366932 -6.261778 -4.804853 -0.512462 -0.568869 -2.506263 -0.190573 
7474890156294729219.mp3 :-189.424343 80.949938 -8.296531 20.447428 -1.756214 20.680166 8.866395 6.591428 -1.955840 11.700781 -1.325105 4.569580 -5.008062 -1.315350 -4.490055 -0.943405 -1.267225 3.908241 1.057656 9.863301 -1.996801 -1.037228 -5.950544 1.720676 -0.320481 7.325375 3.167468 5.240618 -1.148669 -3.607608 -7.587029 0.372164 0.389038 4.351129 -1.716572 1.056716 -1.376667 0.459117 -2.369363 -0.842686 
7476303222191347355.mp3 :-32.465460 80.873468 -10.402817 30.016361 14.576694 3.930552 2.408143 13.555639 -7.819046 6.222521 0.334892 5.517082 -1.610934 4.689745 -4.194178 0.918236 -2.858418 2.354530 -4.424250 3.091138 -5.236912 0.781385 -2.295646 -0.004744 -6.478533 1.097242 -4.992686 0.245728 -5.283692 -0.187375 -2.643540 2.787656 -3.933553 -1.048074 -6.018965 -2.380778 -5.097881 -0.958450 -3.017822 -0.704129 
7512296597744699400.mp3 :-193.053920 112.801751 13.715536 14.303270 6.480976 10.038306 2.967599 5.038389 -4.549388 -1.411403 -1.837981 -2.036780 -5.846810 -5.691906 -4.631747 -0.413539 -9.345599 -4.597044 -9.922019 -3.157241 -3.538923 1.658603 -6.147306 -2.893727 -8.040253 -0.592064 -2.485580 3.422249 -0.850584 -0.906925 -3.642604 0.069497 -1.265250 -1.838344 -5.606259 -3.867801 -6.541378 -4.336348 -3.492403 3.355583 
753571953587669173.mp3 :-103.771220 94.879706 6.980961 27.958288 -0.822950 9.175714 4.022724 -0.652362 -5.604666 1.951930 -6.354049 2.382442 -7.105230 -1.036020 -5.253442 -0.738716 -4.711807 3.146449 -1.161727 4.478902 -3.263247 0.894434 -5.400221 0.159734 -0.224108 1.302625 -1.972741 2.289639 -2.045747 0.379839 -6.155300 -2.623392 -3.355005 2.109494 -0.515862 2.986853 -1.436272 -0.216593 -2.894517 0.021843 
7521299826127806947.mp3 :-110.850425 66.267927 12.665028 17.532008 4.106435 10.069417 -4.393915 8.012249 -7.028059 9.504937 -3.611438 -0.428206 -2.467681 3.251568 -1.645380 0.440062 -2.259169 3.196193 -5.939529 -1.229564 -5.070501 -0.642550 -3.090376 3.608313 -2.873784 -0.114643 -4.371649 -2.292439 -5.747637 3.356286 0.178086 2.822400 -4.078257 2.746705 -2.198082 2.248310 -2.909501 1.010161 -3.237628 -0.689670 
7504233691172784386.mp3 :-151.372738 98.005844 13.992593 31.117320 4.106496 10.414455 0.078507 9.530893 -2.837242 9.087628 1.016353 -1.565197 1.214556 2.154845 -3.858762 2.965219 -7.262869 0.071686 -4.777993 1.940988 -4.856657 -1.449395 -4.204866 3.400432 -0.623536 3.515967 -2.375512 1.682338 -3.161618 0.392076 -7.886352 -3.773242 -4.857474 2.229120 -0.013755 2.904585 -3.417870 -0.105745 -3.275187 0.969089 
7494045789318461008.mp3 :-135.266976 84.387804 -20.961089 24.440155 -17.809273 -0.542130 -2.648852 -4.226624 -12.141597 7.026915 -15.406384 2.962285 -2.081347 1.704548 -2.826162 5.206263 -0.742118 9.072464 -1.650041 -1.196824 -7.445851 1.021285 3.929478 7.825306 -1.023551 1.961680 -5.703267 -1.508516 -5.658663 -1.360480 1.600400 4.697353 -1.474158 2.409532 0.566295 2.105848 -4.655540 -3.438706 -1.301818 1.614191 
752117260561923973.mp3 :-59.665958 93.538481 16.286772 37.938047 11.587171 13.955252 4.108997 6.883378 -5.790799 7.446987 -4.871660 0.612264 -3.071861 -0.614953 -2.867002 4.172470 -3.596177 2.806717 -5.662066 1.790219 -2.068162 2.586325 1.892502 6.380800 -0.290100 4.045970 -3.829946 1.968669 0.337146 5.728698 -1.184151 1.286791 -4.274635 0.735825 0.647567 2.767633 -2.082649 1.108627 -3.311524 -1.162655 
7479957984418081995.mp3 :-92.172728 59.494470 26.686822 39.202676 5.931650 20.314938 9.365848 10.541738 7.806953 5.438496 5.764211 6.291799 3.286646 6.081866 -1.578296 4.878952 -1.841950 3.819107 -2.751604 3.348413 -2.863988 0.367858 -4.778488 3.344690 0.985678 2.809653 -3.590792 1.887563 -1.097445 2.526766 -7.137974 -1.519648 -1.549747 3.647289 -2.159520 1.860823 -2.488565 1.058804 -5.474696 -1.206445 
7495580511193492678.mp3 :-151.150232 62.476248 19.514542 34.325540 0.502872 13.725755 -2.441646 5.481147 -15.738783 11.493360 -12.192685 6.635910 -4.843811 2.214871 -4.954054 1.744843 -10.419186 6.470202 -9.773547 1.679734 -3.003969 1.704410 -7.478129 4.662196 -9.636552 -0.714357 -2.300979 -5.122765 0.970028 2.572968 -4.607233 -1.898832 -4.717291 -0.440320 0.009509 -1.559641 -2.061058 -0.414471 -3.977975 -0.857815 
753255843274374155.mp3 :-112.946664 100.865121 6.371559 19.841974 -0.042704 4.127340 6.808425 0.417662 -0.205652 8.264347 -0.996569 6.687659 -7.258270 3.912789 -4.177401 3.752918 -1.920347 4.935668 1.979649 7.888404 1.221685 4.670500 -1.991460 1.472744 -2.882282 1.497644 -4.289876 0.716663 -5.768719 -2.009745 -5.216012 -0.943464 -5.329164 -2.218519 -5.587010 -0.382057 -3.456372 1.493635 -1.014436 2.739005 
7485030827149607288.mp3 :-202.378196 116.928288 28.901603 40.410192 8.743377 9.073526 13.851526 -2.672655 4.929646 8.647619 -6.938173 -0.143098 -4.123841 1.267563 -2.844698 -0.538863 -7.887064 1.442701 -4.701648 6.872473 2.603581 6.105403 -2.430675 3.114454 -6.757229 0.218622 0.686384 8.284784 -2.065088 -2.430215 -4.041983 1.781035 -0.793717 -3.018048 -7.607193 -5.775255 -7.458113 -1.509092 -3.886780 3.348895 
7469143059557201973.mp3 :1.828823 78.552066 0.327563 18.106719 1.822924 9.594496 -0.913685 8.611729 -3.510288 8.937209 0.688047 1.707974 -0.447319 3.384024 0.172728 5.553510 -2.733785 4.778614 -1.569018 1.937404 -3.030587 1.401828 -3.358835 4.223519 -0.717391 2.315542 -2.204479 1.866320 -2.950138 3.247257 -2.638040 1.829014 0.325823 4.233674 -1.493539 3.440680 -2.933266 -0.703596 -3.118328 1.125105 
7459616515222397252.mp3 :-92.440734 75.087723 28.889773 20.430691 -1.508710 -1.305374 3.076159 -7.037754 -1.559644 5.179600 -10.882065 5.459091 -5.024785 5.284127 -0.158348 2.637999 -0.581368 2.358011 -6.087392 -2.151334 -4.956933 6.150996 -4.081450 -3.154080 -9.233049 -0.578048 -5.746884 0.282213 -3.654731 2.064303 -1.300495 3.969190 -3.748910 -1.806254 -5.324851 -1.235352 -3.524970 2.067954 -3.777356 1.395935 
