2381221141954080523.mp3 :-123.272292 56.721591 27.769283 34.346990 1.426655 17.506287 3.675896 6.995192 -6.445734 10.168322 -6.455788 -0.018054 1.395200 3.465581 -0.513604 3.698866 0.162536 5.841506 1.592921 7.201331 0.553391 7.241514 -1.068852 8.637320 -1.043579 2.561359 -1.595545 2.441632 -0.616996 2.260063 -7.791352 1.658341 -4.463208 2.111449 -2.468761 -0.898425 -2.021771 2.527279 -3.892496 1.153992 
2390548725686718640.mp3 :-165.681975 124.315710 5.134670 22.156974 2.665175 -1.494017 -1.263915 5.128686 -18.315587 4.361810 -3.519878 -11.596553 2.206670 -4.699090 -8.099039 1.403489 -8.876006 -2.193496 -3.391419 -6.243540 -7.140226 1.089439 -2.229855 2.828923 -2.156823 -0.705933 -9.644873 -1.564538 -3.817941 3.557015 -0.283915 -0.869539 -8.462009 0.304272 -3.335101 0.794239 -1.937215 -4.651008 -8.485060 -4.467930 
2429928783142541739.mp3 :-148.786939 52.933946 21.488558 22.706793 -8.497779 -1.153094 -7.703338 -2.930229 -14.126156 -1.757464 -13.432814 -0.041838 -10.188659 -3.697407 -9.372860 -0.167612 -0.582234 5.503404 -4.619796 1.004075 -9.079387 -2.227199 -6.896392 0.073933 -2.909944 2.239419 -3.516105 2.151539 -6.462672 -0.727812 0.562102 4.904772 -0.268939 0.103756 -2.467894 2.059971 -0.922236 4.015735 1.619840 1.841939 
2398557205874727209.mp3 :-35.386649 45.304025 1.960586 31.698148 19.100976 15.379575 8.344578 7.980518 7.471582 10.084298 -0.961299 11.422243 3.413093 2.485421 1.810499 7.940366 -3.273764 0.824919 -2.085067 1.297861 -8.176997 -2.352992 -5.559504 2.241206 -6.403664 -0.749458 -3.484072 -1.639090 -3.224596 0.740310 -1.925757 0.323279 -5.863509 2.645365 -0.572560 4.081955 -1.545209 2.222253 -4.572505 -1.906207 
2367210333406825507.mp3 :-156.070625 121.702535 -19.769777 13.815085 -10.254501 3.943503 7.647976 1.778199 5.887450 7.411299 -2.291175 5.147792 3.614945 8.526075 2.134407 2.468416 -5.082724 -2.152147 -4.507561 1.142471 -2.352819 1.660813 -1.643281 0.778467 -3.498248 -1.020865 -3.467230 1.150130 -2.998871 -1.399138 -0.745852 0.442320 -5.486698 -8.081092 -8.013943 -4.340939 -3.008403 2.293219 -2.464851 -2.435571 
239306928901062993.mp3 :-122.596500 95.279525 29.294563 40.837533 10.493676 9.858400 6.908211 -0.118286 -5.416785 2.035743 -8.550571 -1.851328 -7.787143 -2.368050 -7.303947 -4.602501 -5.791629 1.836742 -2.814218 8.977870 0.642238 -3.167733 -5.947366 -3.401127 -5.902030 2.917153 -4.404556 1.412790 0.928140 -1.351665 -5.464348 -2.229546 -3.350497 0.275518 -1.094687 4.789726 -3.285977 3.773214 -2.418977 2.202362 
2414937327993185744.mp3 :-145.167822 76.411955 26.703382 25.970460 11.003329 15.651407 3.378107 11.321640 -2.061078 4.352127 -2.139572 -0.211229 -3.073296 1.156649 -3.726855 -1.209789 -5.603900 1.446421 -3.101631 -0.167681 -3.997390 0.685015 -4.860984 0.455044 -3.687131 -0.893839 -2.810607 0.256078 -5.572809 -1.006473 -7.664931 -1.952682 -3.077718 3.686156 -1.272391 2.459288 -3.659444 -1.265432 -4.492281 0.559733 
2409541693900549988.mp3 :-261.625987 112.893111 27.618880 25.910675 9.636397 2.686977 -3.776772 -3.597146 -1.558939 0.029619 -12.915888 -8.769241 -8.657479 -4.674507 -7.664313 -1.312586 -6.627280 0.908160 -2.150720 0.401799 -6.021249 -1.960827 -5.255779 -0.689041 -1.623574 3.444678 -3.261818 2.181932 -2.557091 1.989403 -0.223886 1.834803 -2.268009 0.545022 -1.428185 1.263381 -0.174040 1.851809 0.624724 3.437909 
2424465916604809615.mp3 :-154.285032 76.333245 -20.237886 20.291855 14.915381 -13.079972 2.408067 -0.212798 -8.330181 7.518347 -14.977296 3.397235 -5.585764 0.725626 -3.981435 0.333418 -0.843114 -2.470322 -4.504878 0.089814 -4.413602 5.866226 -0.242656 -0.476035 -7.400967 -2.544651 -4.196508 -0.813325 -8.924274 -2.106051 2.866075 4.703677 -4.065828 -4.131960 -8.825856 -5.228703 -5.752753 3.158732 -0.707869 -1.679424 
2365573048059435703.mp3 :-122.636992 103.507798 -0.884964 15.454192 2.862582 8.358819 -0.333783 4.236504 -3.013802 7.737437 -4.222363 4.348462 -3.256489 1.055638 -3.566906 2.000234 -4.463419 1.821011 -3.894897 4.093445 0.057240 1.764058 -3.792442 1.921341 -4.687256 2.604616 -3.213236 2.792359 -0.559827 1.962551 -1.664104 3.489900 -1.721816 1.338427 -2.728875 -0.468485 -3.574181 0.260279 -1.586853 2.268884 
2366277034183287520.mp3 :-193.088816 120.155797 35.488182 19.302563 12.886538 -2.454963 -0.984427 1.968671 -8.497762 -2.592713 -6.490722 3.371258 0.616292 1.488926 -2.125023 -0.709364 -4.620764 -1.383295 -5.642595 3.144925 -3.592475 3.154210 -3.930215 1.935874 -3.372442 1.414027 -1.026987 3.193676 -1.957774 -3.390447 -6.071998 0.657051 -2.427021 2.589371 -3.120665 0.750133 -4.360947 0.043458 -3.318048 0.448963 
2413123855616793997.mp3 :-196.068512 56.900187 -25.471163 13.030934 -5.873440 16.460908 -2.692219 13.632058 2.485710 5.953772 -2.024079 3.674836 -4.286917 2.373029 -3.201063 3.923715 0.500890 7.048557 -0.040595 5.805272 -3.335912 1.045370 -2.866803 4.050309 -0.622467 2.759898 -3.237594 1.070261 -2.202515 2.978882 -1.454044 1.613562 -1.619355 2.564103 -1.904463 1.543359 -0.456222 3.532486 -1.501754 -0.215743 
2426866025528737604.mp3 :-90.225898 59.906932 4.586914 21.134299 3.417139 18.183344 0.899205 5.682373 1.659717 5.833654 -4.227535 4.067096 1.694097 4.156955 4.882417 9.519566 0.341047 6.288085 -0.867813 8.513732 -1.862088 1.593079 -4.448011 -0.953655 -4.656823 -2.374346 -4.622269 1.535701 -5.348404 -5.101009 -8.168321 3.149221 0.656718 1.079803 -4.549923 0.407050 -5.101778 2.173188 1.320957 5.522917 
2413937058180933956.mp3 :-162.576153 109.732549 11.643785 20.926723 5.233124 -0.461232 -6.290735 -6.286464 -10.771175 -6.974222 -6.503061 -1.530545 -9.792452 0.057519 -6.099209 1.316631 -0.656171 1.373182 -5.982910 -0.216300 -6.032804 0.938811 2.471767 6.597908 2.216925 4.233649 -2.937280 0.538965 -1.988982 4.730413 -1.068272 -1.497743 -2.143086 3.243824 0.870670 3.002143 -0.374035 0.206055 -3.308948 -1.616861 
2384709666059559730.mp3 :-178.554473 103.665793 9.077198 13.102124 4.903979 -8.053357 -3.895295 2.211688 -23.854651 -0.634715 -9.686906 -5.568346 -11.416814 -7.528938 -12.407094 -4.387392 -6.831637 -3.058464 -6.858457 -3.744976 -4.306571 4.697297 1.279324 2.100084 -3.254169 -5.501736 -6.580792 -2.062115 -1.845972 5.343844 -0.638201 -0.059158 -4.613664 2.106820 -0.710698 1.264065 -4.409509 -1.862112 -2.385042 -2.951354 
2427438659195890319.mp3 :-142.529180 87.640567 15.761421 33.351529 10.167355 6.256022 3.718419 2.882731 -1.935338 5.152252 -7.006195 -3.372320 -5.046526 -0.206200 -6.697483 -3.419488 -5.519319 1.701149 -7.700549 1.514162 -5.488099 3.529566 1.050528 3.029188 -6.457294 1.535811 -6.020735 2.883998 -2.934024 0.480043 -1.604162 3.697209 -0.395676 1.392958 -5.490563 -1.281103 -3.365764 2.397793 -3.023186 0.226388 
2395333333688454113.mp3 :-120.936791 87.860704 8.351187 36.311397 8.171888 17.768474 2.392758 1.762014 -9.851717 2.611650 -4.940673 -2.196072 -7.436855 -0.494050 -3.967528 1.998113 -2.124126 3.076325 0.284672 7.041037 -6.388454 -6.581447 -5.440528 0.127750 -2.047626 0.372325 -5.214587 0.581090 -6.992024 -0.963938 -1.194879 2.033555 -5.062964 -2.810871 -4.671256 -0.217115 -0.923231 2.705601 -0.929232 -1.246021 
2432496896273706843.mp3 :-193.103208 120.862901 10.781081 7.881895 -8.022410 -14.548411 -0.607121 -16.193890 -11.790398 -5.910470 -16.491801 0.166940 -9.139255 0.066431 -2.938137 -2.318209 -1.891335 -1.476788 -4.348929 -2.557998 -11.987788 -1.671322 -1.315513 6.094801 -0.228918 3.763601 -2.345706 -0.682045 -6.854078 -4.004809 1.550241 1.477248 -2.259376 -3.503117 -5.103675 -3.000966 -4.346400 2.161599 0.857367 0.842464 
2422254676192786541.mp3 :-331.154850 183.197225 7.930249 -6.961566 -2.090486 -3.545846 -5.311204 -8.241883 -9.271733 -9.896743 -10.269566 -8.420075 -6.105478 -2.407989 -1.927183 -3.972925 -5.137268 -5.396759 -2.535219 2.881268 1.415337 -2.902197 -4.099446 -3.874847 -2.609869 -2.221773 -4.873905 -1.221300 2.874830 -5.927989 -11.267669 -5.121888 -0.903826 0.708193 -0.457692 -3.143386 -4.305756 -2.076178 0.914420 -0.756487 
2397876423045192707.mp3 :-175.067929 135.852337 5.221816 14.294992 0.128111 -3.827614 -14.980192 -10.083733 -14.020189 -6.916200 -13.782575 -6.659911 -6.645172 -1.927878 -2.770493 1.158409 -1.111569 3.485135 -3.371795 1.502955 -2.955267 0.194330 -4.002416 6.632757 2.181518 0.513578 -6.172984 -4.670797 -3.784963 2.964529 -2.140555 -4.902503 -9.843689 -1.944845 -3.038932 -1.118074 -2.425976 -3.102157 -5.560133 -6.948822 
240588680365657815.mp3 :-58.942810 92.237549 11.652259 22.171074 6.381408 11.212070 -1.549485 10.141594 -6.339664 7.573334 -5.406696 2.898265 -5.753745 2.914715 -3.808767 4.414158 -4.464772 0.741787 -1.571759 1.051899 -3.532812 -3.394574 -6.377321 1.321545 -3.114012 1.402674 0.762791 3.083034 -3.377993 -0.241065 -4.340422 3.344428 1.564539 2.755230 -2.748178 0.745426 -4.151306 2.511242 -0.965619 2.879561 
2382472622157875919.mp3 :-163.196733 107.440962 4.799004 27.961925 5.565718 0.954961 2.817224 13.356014 -15.187755 6.003653 9.328609 -8.024916 -0.871687 2.237677 -10.673941 1.293465 -4.362774 4.918141 -2.394098 1.924006 -6.723869 -4.444777 -3.840948 4.345332 2.747340 4.702012 -6.417491 -1.163416 -3.125920 2.578145 -2.821729 -2.983958 -6.833184 -0.465281 1.297339 5.042756 0.792844 0.348878 -4.489394 -1.468224 
2442359513188812631.mp3 :-104.134629 86.826715 19.494354 20.598112 -6.541473 7.201310 -4.290638 5.330974 -8.171462 4.751534 -2.625170 -1.773725 -11.469712 -4.332295 -4.066233 -0.786422 -6.673353 1.476364 -1.408693 -1.395496 -4.695768 2.179683 -0.135718 3.779086 -2.864144 1.587683 -5.487588 -1.731224 -8.361313 0.367531 2.997410 0.107477 -4.612549 0.672871 -1.374972 1.477386 -1.936772 0.997039 -1.692160 -0.980277 
2364095840692704729.mp3 :-100.571726 106.722525 1.596501 34.413944 8.058593 8.584492 4.205655 5.114496 -3.556230 7.428711 -10.147119 2.410444 -5.560218 -1.642327 -5.466296 0.267020 -1.817535 2.934805 -4.154697 0.690044 -5.035896 0.760795 1.230541 4.061319 2.478853 4.730385 -3.535116 2.006596 -0.935683 0.472849 -4.343540 -2.990416 -2.107914 6.232420 0.564184 3.260168 -0.838284 2.154867 -2.046273 -3.327395 
2426192418302752924.mp3 :-80.538500 91.312949 14.312544 27.753915 21.442638 -3.224268 6.025043 16.420500 -13.611835 8.259482 -1.047860 -5.844924 0.243222 -0.330468 -6.538771 -1.105055 -6.852636 -2.998244 -4.358112 -4.576153 -9.100135 -0.568213 -8.841143 -4.983656 -3.928906 -2.453658 -7.022810 6.206810 -4.601312 0.961260 -2.475686 1.986246 -0.495945 5.665342 -4.876552 -0.372062 -6.223603 -3.293003 -4.353599 0.516146 
2440229175841804323.mp3 :-70.842119 87.158727 19.582115 33.438805 7.183417 7.994782 -4.097048 9.757910 -11.367760 2.843164 0.004175 -2.462385 -2.012485 -1.702305 -4.291433 1.101921 -6.961338 -0.099054 -5.920017 2.032197 -4.097343 1.001857 -3.007424 2.990323 -1.909609 1.349807 -4.876440 0.120297 -6.508185 2.037516 0.844382 5.139780 -1.299506 1.117198 -1.991628 0.919994 -1.790326 0.962670 -3.537178 2.212966 
2396165615672292405.mp3 :-157.681530 94.467712 19.775035 32.034143 3.777900 5.235169 1.155638 1.126147 -4.845685 1.045543 -7.870598 0.169412 -5.683252 1.109309 -6.746335 -1.881518 -3.059387 0.634649 -7.009512 -0.831900 -5.705708 4.549716 2.986204 2.864440 -4.395719 3.897549 -3.717124 2.621277 -2.616167 -1.580245 1.870842 7.403777 2.687309 1.696934 -6.745218 -0.649675 -5.179250 3.026374 1.086241 0.632968 
2431418544220272004.mp3 :-121.135551 72.017083 9.212754 40.613367 2.980507 10.281641 -4.207964 2.522515 -14.656386 12.286960 -11.698137 4.664569 -9.239796 3.587712 -5.268820 -3.092602 -7.262488 -2.345179 -6.895236 1.620088 -6.053300 1.425989 -0.931824 3.458914 -4.090949 3.735288 -2.874721 2.203074 -1.569460 -2.122685 -7.405186 0.765352 1.620657 2.627991 -3.669611 -3.066151 -2.902109 1.978910 -1.592730 -0.130023 
2370100183427977259.mp3 :-120.314352 116.863638 21.736233 32.231403 11.435459 6.277113 9.490921 -8.249726 -2.165710 -6.290966 -7.560522 0.722691 -4.812219 4.651224 -6.375475 3.180403 -2.711723 2.479153 0.198960 6.710550 -1.259896 2.893189 1.054060 3.204168 2.578062 6.077085 -2.588444 2.856771 -1.984816 6.224156 -2.780596 -2.902146 -5.783834 0.987207 -2.568291 3.859043 -0.847304 0.392915 -3.725105 1.031739 
2361850801852453438.mp3 :-228.014026 78.840842 24.017632 32.513833 11.129919 6.152952 -1.708405 -0.523321 -6.840033 4.430542 -9.633744 -0.970017 -3.455038 0.609476 -2.138688 1.992410 -3.276205 2.163809 1.351565 3.849833 0.874913 1.716191 -5.046005 -0.094695 -3.686984 4.267207 -1.921279 2.591741 -2.324270 1.078492 0.207595 1.240609 -5.956494 -1.588700 -4.996509 -0.287179 -0.754419 2.659869 -1.580503 -0.368466 
2390234774615900260.mp3 :-60.991102 55.524512 8.318922 34.317175 6.034182 26.237669 2.004474 11.869261 1.108014 7.055025 -1.849830 3.502074 -2.632170 1.001616 -5.861606 0.024090 -5.076908 -0.997794 -4.542171 2.908750 -4.106071 -0.084426 -7.105004 -0.716319 -4.940094 -1.330471 -3.639589 1.582696 -4.140207 -2.470738 -4.194257 3.278859 -3.311864 -0.198946 -5.424275 -0.498176 -3.445512 1.219656 0.270428 3.980690 
2387361878502092448.mp3 :-291.641902 130.869180 10.472824 16.349125 -2.814342 -4.097990 -0.565191 2.546742 -1.124306 -0.462371 -7.364355 -6.776934 -7.130563 -1.277035 -0.734945 0.113012 -4.628774 -1.275521 -1.641306 -3.798041 -9.274846 -8.399311 -4.610928 -1.959418 -1.219747 2.047721 -1.750468 -2.020068 1.562089 4.623895 -0.807826 -3.485002 -1.261921 5.140727 1.481528 2.366795 0.719431 -2.598144 -8.136208 -7.104179 
2391417985403951047.mp3 :-25.704383 88.102471 -2.879276 4.497776 -3.072555 -1.350382 -5.001541 1.048611 -8.805935 -0.803989 -8.294952 -3.516295 -7.421817 0.088700 -4.716110 -0.647362 -5.463942 -0.999062 -5.467378 0.476588 -4.853596 -1.632347 -6.008957 0.062540 -4.915997 0.776987 -0.627601 4.510885 -0.640893 -0.622521 -4.806376 2.783860 0.075178 2.334528 -3.321135 -3.018518 -7.015301 -0.471637 -2.277052 0.238115 
2391436091127267902.mp3 :-104.086409 100.909090 -3.269224 25.098503 2.283204 12.280792 4.201227 -0.137187 0.392637 -5.562539 -3.813603 -6.584828 -6.710173 -5.001921 -7.095275 -0.039066 -8.421852 -1.031567 -9.763676 -0.425620 -4.547137 -3.180248 -9.120044 -7.762820 -7.350561 0.918271 -6.968081 -0.767501 -5.358298 2.003467 -2.858712 -3.620075 -9.423205 -3.742136 -3.849611 0.613195 -4.689414 1.389989 -1.060574 -0.288101 
2436379598163492619.mp3 :-39.260687 96.139235 27.342073 20.380894 11.394623 7.852919 3.203301 5.868807 -5.655084 2.933027 -4.308539 -1.033007 -1.532684 0.991206 -4.664263 1.125847 -4.022676 1.334709 -2.184782 3.052347 -7.750401 1.554454 0.227614 3.780012 -2.173719 4.350924 -3.392264 0.457564 -3.105361 -1.900484 -8.399105 -1.402759 -3.297739 4.797015 0.416077 1.489048 -3.871091 0.814176 -0.271416 3.225075 
2429313367112116877.mp3 :-159.918391 104.599600 1.610008 37.054262 23.016299 15.204497 3.724761 -1.549135 -6.915450 3.733387 -3.057059 1.348729 -8.286640 2.590444 -1.532077 5.824729 -0.207247 5.783111 4.824860 6.342572 0.586577 3.455656 -1.815069 0.845110 -1.733342 0.722487 -4.974423 0.157538 -6.429908 3.227416 2.101069 4.313178 -2.009175 2.264805 -3.003515 -1.147956 -2.251457 1.732814 -1.451321 -5.332831 
2366186733509385797.mp3 :-141.953042 100.229119 21.619839 6.557788 3.852612 6.872371 0.084323 -3.826877 -9.493882 7.190777 -8.370412 -0.253254 -4.210499 1.372061 -7.138178 1.311751 0.133960 8.646766 0.601160 5.466729 -0.898806 5.384837 1.624397 2.861376 -4.984679 -0.365108 -6.393089 1.263743 -4.234236 -2.657443 -4.778727 2.451175 -2.062251 0.485050 -4.706995 -1.791234 -6.971368 -2.838922 -5.659774 -0.783853 
2364474279953965750.mp3 :-130.104068 79.206565 -3.941350 35.392908 10.794381 4.480029 5.096128 4.727523 -8.627095 10.905429 -5.227180 2.531697 -3.688549 -1.246752 -7.008867 -0.827817 -6.465750 -1.161821 -4.961978 -0.812752 -3.577811 0.971367 0.105325 9.580904 1.213506 2.928269 -1.418520 -1.870622 -4.239722 4.618562 0.394055 1.292540 -5.453193 0.910325 -3.875821 3.773601 -1.859505 -0.773567 -5.985644 -0.112645 
2415878733580828098.mp3 :-225.076695 118.994301 -2.024722 25.582337 1.418743 1.480939 8.779581 -14.770286 -4.295319 -5.648688 -14.547545 2.897313 -7.452708 -3.105465 -2.616935 -1.339409 -2.898996 1.344081 -3.695033 3.229409 -4.035089 -6.015329 -6.222273 -0.669153 0.701722 0.128633 -5.492378 -4.226511 -6.425100 -2.890398 -6.511670 -5.145423 -4.457250 0.439407 1.541665 4.676180 0.019881 0.100935 -4.812241 -3.556534 
2390410421307339600.mp3 :-106.185845 74.804182 -3.074024 19.862574 10.136236 -0.491982 9.775142 0.191060 -3.157856 8.566653 -10.118713 9.057518 -5.704099 2.165361 -4.413104 -1.379973 -7.196851 -1.210211 -4.257065 5.852788 -0.209676 0.279027 -7.499006 -3.095573 -4.290661 1.388886 -4.139805 4.413808 -2.928694 -5.211919 -4.325190 3.581936 -3.997622 -2.844984 -6.469569 -2.549292 -4.504010 2.022951 -1.038224 2.665056 
2430472186545773583.mp3 :-129.220384 95.599408 21.699384 29.077036 9.054272 8.741561 2.580576 9.931440 -3.396087 4.239249 -1.880045 -1.607669 -6.319966 1.159619 -7.080698 0.957526 -8.905359 0.399629 -4.015051 -1.895427 -4.004662 -1.826864 -4.802322 0.285435 -6.225554 0.169269 -3.401275 1.482313 -4.385728 -1.560069 -7.607236 -4.082717 -2.822160 0.419991 -4.783621 -0.919197 -6.156663 -1.802088 -4.276386 1.195064 
2388812243986280009.mp3 :-128.386878 78.805522 2.729561 22.614219 2.860525 8.586939 3.632709 9.836395 -6.371045 10.879246 -6.175737 4.892862 -8.495917 4.741072 -3.745286 4.263372 -4.159047 7.101092 -3.545731 -1.809729 -10.147293 0.023926 -2.277276 5.491699 -2.965517 2.088745 -7.173295 -0.504336 -2.583283 2.011619 -4.419943 2.690428 1.303197 6.051584 0.093813 2.585906 -2.621827 -0.985915 -4.541294 -0.859937 
2435414666805649391.mp3 :-164.037539 102.127007 28.032491 31.950537 13.571127 12.448813 9.115728 0.157363 -5.546149 2.233203 -8.472005 -4.559417 -3.682585 -5.108421 -6.958688 -1.087185 -5.916070 0.429450 -3.271033 1.537259 -3.472959 4.243713 -1.829549 2.375921 -6.855967 -2.870970 -9.936323 0.477030 -0.599562 2.987662 -2.053995 -0.787037 -1.810936 0.293513 -3.316960 -1.007072 -4.647554 1.602781 -4.319452 -2.237780 
2436043407355355408.mp3 :-106.915512 107.531690 4.638179 30.659536 6.721751 1.068806 -0.646079 7.364363 -6.076848 6.930946 -0.271997 -1.572402 -4.111262 -0.844111 0.082510 2.360890 -1.931382 -0.413429 -3.079386 -0.603791 -4.196492 -0.265875 -5.312420 -2.855673 -5.369931 0.596309 -2.233653 1.741242 -2.060785 1.446606 -4.310318 -2.636929 -4.220866 1.280278 -2.611499 0.343269 -3.597113 1.989153 -2.076152 -0.093121 
2379950130967383486.mp3 :-90.563378 82.762298 4.764762 30.311427 4.575054 17.735171 6.234048 8.450990 5.407731 -4.184423 1.995797 -1.160860 1.259508 4.263631 1.346658 4.794102 -6.617056 -1.925851 -4.439367 6.258298 1.973804 0.755198 -7.162657 -0.909271 -0.593150 2.992321 -1.320602 0.550597 -1.678197 4.656633 -5.140812 -3.141625 -7.679719 0.833318 -3.919534 1.729579 -2.656886 0.900672 -1.710487 3.021119 
2427574577450813629.mp3 :-51.915429 74.897665 14.349117 34.045683 3.073047 10.075844 -2.876225 6.248465 -12.319898 7.488896 -4.772603 -4.852977 -1.040091 -2.963359 -5.163547 0.665996 -4.500688 2.077757 -6.172042 1.158388 -4.595954 -1.638454 -4.950121 1.694693 -3.516580 2.643115 -0.765420 0.946473 -7.021802 0.229658 -0.443424 5.148774 -1.270246 -0.323805 -3.299408 1.674603 -0.053838 5.486467 -2.265758 1.641200 
2361780274090864435.mp3 :-107.353114 77.591566 12.232261 41.575453 -4.198209 14.525064 9.739358 -5.140759 0.480726 7.625373 -4.801724 7.216350 -5.372630 -0.243126 -4.668871 -2.917032 -1.361157 3.149547 -3.837021 6.100028 -3.181097 6.563669 4.424375 3.163749 -3.163072 -0.489704 -7.518859 -1.895323 -9.565747 0.535779 1.351665 3.159225 -4.688691 -3.747315 -7.130760 -2.204354 -5.312072 -1.242439 -7.001073 -1.646901 
241599138428579384.mp3 :-2.309430 62.192853 34.371512 4.538270 -17.906443 10.976670 -9.848861 4.968406 -10.438469 13.280970 -10.994397 8.596276 -8.965359 1.203947 -1.369462 -0.337633 -1.993300 4.176052 -2.807184 3.206010 -4.480858 -2.061173 -2.683873 6.063923 -2.931701 6.298587 -6.934456 -0.621423 -5.365394 -1.231065 -8.376729 -3.925284 -5.043728 1.799311 -2.353702 2.081299 -2.322679 0.137471 -4.146202 -1.838197 
2407030871815414368.mp3 :-271.245667 104.761962 -2.048863 37.057294 0.451373 1.583306 -2.185083 8.494368 -16.998340 3.779484 -4.489052 -9.129914 -2.825674 -1.103638 -11.231687 0.144523 -5.924537 -0.180587 -3.925804 -5.058499 -8.250299 -1.206796 -3.189746 3.827874 -1.100007 4.208774 -8.388576 -2.207429 -4.341305 6.479536 0.286052 -0.964215 -3.159044 2.396650 0.485523 4.119725 -0.343559 -0.598625 -2.688834 -5.984103 
2395823623095208685.mp3 :-360.578876 78.287581 9.945326 11.280774 -7.790997 -7.318095 2.643453 -5.901414 -14.316736 -0.530636 -16.948020 -5.712180 -8.851075 -8.856202 -5.906298 -3.331273 0.298696 3.920938 -2.149468 5.295220 2.423108 3.446563 3.107289 3.960830 -0.819036 2.226756 -3.523368 -3.498741 -2.845140 -0.453020 4.068311 3.603555 -0.375022 0.580607 -2.751978 1.601699 0.903719 1.618282 -2.004288 -1.041893 
