2141648677841640387.mp3 :-38.429916 79.662887 -6.944215 25.367947 2.308549 14.226840 8.837799 5.265210 1.149160 6.410885 -0.230294 0.567876 -1.365208 0.265319 -2.784757 2.617227 -4.663030 2.633980 -3.643110 3.765542 -3.396904 3.270096 -2.714869 2.681848 -4.017106 2.083983 -4.041586 2.515290 -2.214593 0.649266 -5.421714 -1.248472 -2.708710 0.017718 -3.000998 -0.993105 -4.835647 -1.116807 -4.211578 0.733319 
2159180974893147907.mp3 :-91.571483 86.976009 0.342387 19.812792 0.358894 7.285772 7.428337 6.158132 -7.882081 7.106187 -0.864698 -1.097897 -0.765693 1.353424 -4.241704 4.178845 -7.945567 -1.786481 -4.961406 -2.609543 -6.145593 -2.568869 -4.608642 4.888982 -0.985385 4.712880 -1.362511 2.065923 -4.136299 -0.505720 -10.709026 -3.245644 -1.748316 3.756393 -0.376134 1.942489 -1.499110 0.940786 -4.266962 -0.911275 
2199700283776866990.mp3 :-156.495073 101.076768 31.474463 15.546397 -0.185976 11.496817 1.765952 -0.986305 -7.711766 4.702197 -10.019561 -1.129701 -9.567235 -4.894212 -9.845863 0.852623 -0.260509 6.044233 -1.978851 2.573306 -3.843160 3.175070 -3.323786 2.308481 -5.142251 0.900404 -4.609565 -0.465878 -6.142711 -0.658837 -0.683062 4.360690 -2.389010 -2.070773 -4.816371 -1.011514 -3.332672 1.151477 -1.644058 2.257477 
2138485203056703904.mp3 :-422.856777 161.040816 55.674750 5.938454 3.678211 2.283518 -4.755098 -6.874294 -6.005756 -7.056191 -7.041618 -2.540730 3.695306 5.071971 -2.627104 -13.399941 -15.876477 -9.439717 -4.067833 -4.825151 -7.787360 -8.186369 -5.289105 -3.390997 -6.702223 -10.323344 -7.755957 -4.777215 -7.619197 -8.633361 -2.450272 2.227670 -0.057786 -3.080991 -3.347780 -3.376030 -2.686868 -1.507699 -2.695037 -3.786757 
2149438137256309574.mp3 :-107.889959 92.715689 15.909376 34.288797 5.561740 2.806760 -1.186695 9.850143 -12.516608 0.589981 -4.157132 -4.017450 -5.277037 -0.191752 -7.885545 -2.676407 -3.413243 -4.460294 -7.546940 -0.908116 -2.864016 0.835347 -6.071210 -3.323904 -8.558394 0.820304 -3.865035 1.119207 -4.966099 0.378416 0.894652 4.847130 -3.615608 -2.285758 -5.976849 -0.854901 -3.574130 2.199972 -1.286050 2.597390 
2171341701974248962.mp3 :-93.800198 69.604115 22.588262 26.380045 8.097315 8.911213 3.644495 7.891734 -1.623356 6.279837 -7.859175 0.530043 -3.939907 -1.111494 -6.891213 0.932618 -3.397609 -0.040999 -4.813928 -1.412921 -8.238117 -1.479047 -6.105558 -0.935855 -5.320907 0.844794 -2.985583 -1.069307 -3.152344 -2.845484 -7.200195 -2.874220 -5.513254 0.913521 -2.994995 -0.049989 -1.310233 2.081118 -6.586383 -1.096257 
2160792566985830554.mp3 :-104.091361 70.561988 14.121078 30.892480 11.595191 22.133504 7.982345 14.033526 3.370328 4.629979 4.258168 1.815508 2.933669 7.466376 4.053401 6.224933 -1.280221 6.336376 1.921175 6.407052 -1.834908 -3.713778 -10.272139 1.935977 -3.287779 2.554520 -0.791563 0.386416 -5.146372 -1.701648 -3.636367 4.423667 -1.804077 1.043305 -3.491664 -0.014185 -2.483655 2.003694 1.541803 5.213123 
215483522886200461.mp3 :-80.475284 99.681522 30.101277 24.176331 15.134243 9.553343 5.511411 6.954202 -3.803558 6.002200 0.656425 -7.014927 -2.415851 6.613996 -12.864780 3.074260 -0.680317 -1.450806 1.077147 2.273296 -7.155904 7.801340 -0.706209 0.871373 3.934141 -1.127912 -3.946175 3.132421 -1.636793 2.919734 -6.015593 -1.998115 -4.135636 2.394570 -5.503385 1.002918 -3.609989 -3.186514 -3.312232 -1.256112 
2194864900955632139.mp3 :-53.794298 69.227229 15.394793 24.369425 -0.984692 4.549935 -4.474573 7.011164 -8.906678 6.160610 -2.118341 -6.331087 -6.986108 -0.031426 -8.509307 2.414294 -6.435925 -4.273076 -5.780884 0.428275 0.016834 2.122068 -2.749320 -2.482665 -7.900231 -1.151047 -4.928068 1.880374 0.715165 3.907792 -6.089603 -2.853806 -4.863086 -0.423372 -5.680083 -1.579197 -6.130134 -4.340081 -7.739743 0.009970 
2211642384281144228.mp3 :-87.787634 90.946188 4.935820 32.376867 -6.730379 10.083777 7.134014 0.069661 1.393622 1.691275 -4.358176 4.596949 -5.319249 5.287785 -2.265472 3.209267 -4.705363 2.729582 -0.724449 3.845550 -2.796264 0.763713 -3.452529 5.305834 -1.920011 2.512316 -4.082965 6.535829 -3.097288 -4.067495 -6.852950 -4.110920 0.100638 3.064096 -3.067293 -0.924010 -3.188083 -0.932215 -3.665670 1.547638 
2171996694751570010.mp3 :-152.240330 74.438652 31.489949 22.560414 22.529527 1.408295 11.205048 -0.064989 -5.576273 2.802413 -8.922913 -0.927845 -8.778848 0.918995 -5.845969 -1.306281 -3.586834 2.679059 -10.686977 0.177276 -4.355180 1.398721 -3.290431 0.917660 -1.950372 2.867873 -6.091262 2.987417 -2.329369 3.697524 -0.730478 -0.638297 -7.698463 -2.617130 -4.576746 -0.549491 -4.739531 0.692138 -4.211110 -1.120715 
2159879676202993434.mp3 :-83.122883 69.802910 4.234465 33.518876 -0.892406 4.067191 -2.847070 2.540203 -14.466689 6.819321 -3.935933 1.585278 -3.371197 0.965975 -2.830215 1.789658 -7.495611 -0.931667 -5.394447 -1.357377 -6.043822 1.756121 -4.970021 1.327766 -5.311690 -3.433962 -2.015741 2.236080 0.493825 7.152186 -1.066881 0.187576 -2.717247 1.365535 -4.023818 2.017039 -4.434239 -1.757958 -4.440609 -0.579074 
2145598542148292027.mp3 :-232.047274 130.634615 8.374140 25.440215 6.455908 -2.568917 0.890538 6.693290 -8.876269 6.018921 -4.709675 -2.221263 -2.895530 1.331629 -1.593464 2.572200 -2.034856 0.904598 -3.728221 -2.258293 0.062759 5.988466 4.175763 3.469559 -1.357104 -3.223814 -4.751294 -3.233043 -1.310177 5.381192 -3.434939 -4.485160 -1.209168 2.831054 -0.679771 1.683903 -1.683897 1.673598 -3.178705 -4.011951 
2195821240317841388.mp3 :-106.671264 98.321540 -1.950147 21.404088 -11.821869 10.061583 -4.762673 5.289900 -4.965101 -0.771934 -0.792698 2.177439 0.698050 3.275903 -1.566947 4.035467 1.370319 5.037479 5.226230 5.408080 -3.933906 0.637611 -2.538489 2.588194 -0.956162 3.043413 -0.714536 3.268979 -4.302941 -2.789892 0.640213 4.321843 -3.677345 0.185322 -3.736449 1.107297 0.365259 4.539529 -0.341221 0.432738 
2211498902253109133.mp3 :-64.898053 88.950844 16.964067 30.774442 1.856763 10.873570 0.624865 9.856292 -11.811655 3.967003 -1.438779 -0.700657 -5.466510 1.800433 -6.426719 0.949018 -7.165540 -1.033673 -5.685274 1.507238 -4.584440 1.402684 -4.320247 1.144567 -6.770043 -3.471023 -5.951790 4.593709 3.208521 3.537015 -3.566077 -1.913503 -1.863529 5.374837 -0.645271 1.218628 -2.371896 0.961010 -2.739807 -0.791059 
2186054689478867674.mp3 :-136.374658 77.426409 15.470168 23.968870 4.067316 18.117925 -0.064119 9.739242 0.306891 6.271500 -4.078288 3.972338 -4.340036 5.625767 -3.741615 3.105165 -2.270337 0.050614 -2.248802 -0.692655 -6.422585 -0.600953 -1.751947 3.739093 -2.891953 3.044960 -7.325454 -1.312740 -8.171761 4.147320 0.396622 0.330180 -4.870344 0.089401 -1.640139 2.126449 -2.706544 0.478482 -3.227128 -2.704396 
2203188248423131036.mp3 :-140.671089 91.101166 25.892632 29.502288 13.146379 9.169046 -2.388753 1.530349 -6.156707 -0.011290 0.670787 5.979644 -2.705895 -1.205838 -2.598273 -5.736203 -5.726685 -3.604175 -5.318839 -2.401435 -2.896101 -0.331864 -3.548659 0.459646 -7.296811 1.190022 -4.561645 1.284752 -3.587625 2.364230 2.776255 5.396022 -1.864350 1.680640 -5.111423 -0.934058 -2.435657 0.621063 -3.116743 2.185029 
2145380618154269024.mp3 :-198.189179 117.244169 4.267200 27.154331 7.359041 -1.717482 -1.200234 4.420522 -14.599817 -5.734390 -4.980155 -8.853117 -5.290939 -2.713276 -9.522493 -5.222482 -6.901239 -4.083192 -7.190246 -5.648031 -7.780413 -0.657690 -3.654338 -2.330188 -6.308880 -3.148126 -4.863808 -1.301623 -3.342380 1.759479 -5.502508 1.078259 0.173372 0.631843 -2.765470 -1.285869 -6.082950 -3.079952 -9.472220 -7.040286 
2143478793001849232.mp3 :-193.159568 120.862177 -1.302621 14.349959 8.703645 8.885796 -5.131401 11.166403 -14.517443 -6.480386 -0.847920 -4.655475 -3.183595 -7.641956 -14.223230 -7.285949 -5.914272 -2.353399 -5.594393 -0.534172 -7.040559 -2.891507 -4.797312 0.435617 -2.217070 0.716434 -7.662866 -4.805466 -5.546919 3.261943 1.906072 1.937181 -3.089444 0.752636 -0.946313 2.843878 -0.998200 1.941208 -0.942835 3.952289 
2184797298643309361.mp3 :-113.874433 89.118982 13.348094 21.505857 7.801762 -0.391310 4.052841 -2.637742 -8.705229 8.150357 -9.059994 0.644189 -9.438231 -1.594355 -8.675778 1.218532 -2.651482 4.000500 -3.871988 3.735676 -2.148379 3.409379 -1.033608 -0.068784 -5.562539 0.429059 -2.525712 -1.862832 -7.082987 1.368164 1.511888 5.386868 -4.960464 -1.616229 -4.438531 -1.179684 -1.539583 0.785497 -4.634806 -1.650766 
2199204517671627485.mp3 :-99.292908 75.336614 -4.352441 9.826081 -3.188201 -5.653291 -6.650753 0.159605 -16.015007 8.868858 -2.053736 -3.774839 -12.263505 1.860652 -11.203419 0.442490 -12.964786 -2.196807 -8.903922 0.910690 -9.616494 -2.619721 -8.715035 1.434354 -4.234691 0.194912 -2.865169 1.120636 -3.413459 -6.563229 -3.895703 -1.081557 -3.379801 -1.412181 -3.665349 -0.673866 -3.438051 -1.663066 -0.356429 3.531496 
2171510003973832955.mp3 :-59.766865 92.255508 13.635278 31.739703 3.326000 7.594160 4.531154 6.473003 -8.208678 4.459624 1.122750 -0.970791 1.740202 1.661470 -1.339321 4.437323 -6.859271 -0.065555 -5.420665 1.046948 -3.357537 -0.984000 -3.970769 2.239887 -4.633693 2.752802 -2.292115 3.662097 -3.399473 3.780792 -2.802729 -1.319390 -5.324984 0.568506 -1.986064 2.766483 0.274013 1.021444 -1.818025 -0.213111 
2160391122024266621.mp3 :-146.249670 103.248400 9.045768 24.432118 5.092300 2.220248 0.587547 -2.038075 -15.880293 -3.121730 -4.466841 -6.698100 -6.379760 -1.762766 -1.667322 2.914830 -4.135455 1.404504 -1.750601 -1.988991 -3.837360 -0.161835 -7.846067 -1.372353 -6.235462 0.742675 -1.752971 1.303830 -6.319194 -0.299967 1.863907 2.861820 -2.990749 -0.083481 -1.816252 -0.210749 -1.141112 4.060254 0.622135 4.530833 
2163198487466085493.mp3 :2.546460 65.681538 13.921552 20.391232 8.858002 8.620223 1.161217 12.683597 -2.858809 9.786990 0.394085 5.495261 3.376627 8.793096 -0.469679 7.737404 -1.472340 3.735946 -2.393372 2.855646 -2.845111 5.006700 -2.225589 3.236443 -0.240446 5.019953 0.239605 4.862749 1.974565 7.074605 3.047543 2.195863 -4.897848 -0.856276 -2.026365 1.852850 -2.010845 1.349159 -3.512974 0.127628 
2192131281414061123.mp3 :-216.707791 91.635459 23.779069 -1.259413 -8.097994 1.512725 -13.890909 -6.682255 -8.613118 -2.452642 -12.492123 -4.784354 -10.250202 -5.313958 -7.491477 -0.731466 -3.535393 3.158990 -3.304510 -1.618443 -12.237276 -3.007926 2.104638 6.016097 -0.297272 -0.049260 -5.692209 -3.262695 -9.554155 -6.430334 -3.383577 2.433400 -4.494328 -0.874765 -4.409015 -0.675425 -3.657169 0.621482 0.213048 1.081586 
2177896623838067703.mp3 :-58.502844 89.471350 -8.827367 18.324999 -4.348898 3.775797 -4.214496 0.370778 -8.014953 2.835285 -8.033027 -2.609099 -7.482887 0.233751 -6.620869 2.020279 -3.642803 0.808673 -3.652005 3.760561 0.473642 6.579335 -3.765333 0.037962 -5.128406 1.480122 -4.583578 3.270173 0.722472 3.734351 -2.438356 -0.334003 -4.483866 -0.848518 -3.996751 -1.434515 -4.349075 1.467863 -3.059325 -0.894229 
2188996199564091288.mp3 :-295.432127 172.245737 -13.517746 -12.875165 5.102420 -5.241256 -10.674653 -8.070561 -4.085783 -4.007678 -1.725061 0.470128 -2.018130 -3.334930 -2.795544 -4.604674 -8.102528 -7.748178 -6.042365 -6.916883 -4.828569 0.248248 3.328394 3.288474 1.717420 1.703548 1.389715 -6.067576 -6.578834 1.670517 -0.708216 -4.849323 -2.799040 -1.012174 -0.562914 2.188302 3.759432 -2.442427 -5.780479 -1.742255 
2151079428385129005.mp3 :-188.813584 96.709803 6.160724 14.473689 4.957287 -7.160277 -10.238033 1.626976 -6.416344 -2.949015 -9.926271 -5.576402 -9.585031 0.062469 -4.136810 -0.505772 -6.803057 -4.253146 -4.981112 -5.657871 -5.896102 -0.394647 -6.086577 -3.395642 -8.615806 -5.673693 -7.702682 -1.433542 -0.923784 2.149822 -3.932986 0.314352 2.375250 5.411645 -0.463068 -0.586437 -6.199961 -3.005304 -6.859672 -3.552729 
216964320782307053.mp3 :-112.435225 117.552956 9.345653 5.729843 -10.009820 -3.231530 3.200525 -2.921504 -10.674146 3.970065 -12.785142 0.377650 -6.836913 2.644457 -5.336651 2.454912 -1.415507 2.064263 -4.421792 1.722525 -5.582481 0.829087 -2.922733 0.715730 -3.471611 -0.130532 -4.855545 4.044446 0.374649 -0.642192 -5.438954 3.532744 1.740448 1.910758 -3.022577 -1.259694 -4.411268 -0.016783 -2.289616 0.898519 
2154528864420959903.mp3 :-75.523082 67.452597 9.761232 11.886244 3.363579 6.198270 -3.660489 2.491458 -7.404343 2.098583 -6.216116 1.941196 -3.367814 2.886095 -3.369452 0.651508 -6.190376 -0.309603 -4.349089 1.814957 -4.851478 -1.421692 -4.756329 2.579272 -2.771997 2.772837 -2.082438 1.373327 -5.793421 -2.305405 -3.753200 1.740426 -3.797923 0.114257 -3.747546 -0.128942 -2.646208 1.496138 -3.074066 0.288560 
2181082616449707726.mp3 :-237.250384 115.693744 13.879430 11.835383 4.073275 2.967282 -1.307141 3.591176 -11.426479 0.921524 -8.218246 -7.803288 -2.528683 -5.289185 -1.029987 -3.824395 -4.258366 -0.706876 -3.596933 -2.097808 -3.147403 -3.252340 -8.685089 -3.450605 -6.425296 -1.986438 -4.481623 -0.333537 0.075420 2.457633 -2.130057 -2.753876 -2.270089 0.995689 0.518878 0.758730 -3.583150 -0.378135 -1.703764 -0.786460 
2191245926831639189.mp3 :-146.132237 95.584070 19.284820 24.214649 -2.865847 1.696353 4.473416 7.197044 -17.580731 6.004323 -10.708626 -4.350499 -8.398996 -7.814141 -3.862396 5.679893 -3.341437 7.171212 2.107328 0.760825 2.370786 7.786203 -0.531529 0.252086 -10.303871 -4.226367 -3.228156 6.360547 -1.314153 -0.040580 -8.194529 -2.231968 1.972106 0.231292 -4.654511 -0.896027 -5.763461 -3.775740 -7.596871 -5.731471 
2205622502130982359.mp3 :-170.415875 77.593070 5.495409 27.142397 5.364951 6.410138 4.641986 3.218458 -5.229759 6.197535 -7.826121 0.816204 -4.753481 -2.405968 -6.696822 -1.121998 -7.513378 2.397965 -6.704172 1.635331 -3.513020 0.461010 -4.950194 -1.263628 -7.126997 1.282705 -2.441121 -0.063705 -5.138195 -0.931396 -0.854386 2.565972 -7.134795 -3.124501 -5.045524 -2.904802 -2.489428 -1.047443 -1.757292 1.307444 
2142256006328077568.mp3 :-74.939745 82.025459 17.628838 28.940233 4.251036 6.707477 -2.149140 1.020045 1.521950 6.567110 -7.848998 -2.402618 -4.489009 2.425847 -8.091329 -0.759368 -1.949900 3.697265 -6.717123 1.119893 -2.464141 5.357341 3.368187 0.276027 -5.147405 -0.388249 -6.736893 0.822788 -3.592113 0.818498 1.251042 3.729336 -4.197062 -0.190396 -4.362614 -0.882166 -5.670421 -0.443763 -2.725278 0.850005 
2164699044852631369.mp3 :-142.202979 109.679978 21.678448 27.777548 2.701029 -2.669598 -9.407855 10.160937 -17.109303 1.583660 -9.017113 -3.894918 4.471376 0.323795 -0.223211 7.975579 -0.257841 2.374900 1.583108 2.047560 -5.012977 4.052329 -2.052221 -1.188039 -3.329868 0.568053 -7.235257 6.130704 -4.901393 -1.551157 -2.954008 1.995469 1.498941 2.761843 -5.214923 0.075813 -5.559009 0.283547 -3.318390 1.650103 
2152892894796035028.mp3 :-86.047614 97.058315 -3.833486 25.320809 6.375861 -1.847856 7.622733 5.762361 -14.569136 10.464608 0.841638 -1.826368 -5.039743 -1.503146 -8.144059 1.294030 -3.180989 3.153087 1.811021 3.889568 -3.543484 -2.343775 -9.649995 3.705758 2.771796 4.621731 -3.270443 3.383767 -4.146031 1.223029 -5.733108 -3.073067 -4.700084 2.070852 0.536078 2.672032 1.245969 1.620516 -3.374055 1.333163 
2194541284507984655.mp3 :-29.432525 87.476817 2.064181 27.993486 3.233719 2.982643 5.538571 4.017776 1.822849 9.061594 -0.733705 11.038537 -2.431310 7.673828 -0.818702 2.392167 -2.812822 1.625246 -2.629357 5.845641 -0.835788 4.643418 0.450672 4.529944 -0.728139 6.266055 -0.103921 6.356424 1.036842 4.721759 -3.357799 0.999394 -2.088747 1.318928 -1.421927 1.778458 -2.190466 0.205571 -4.972287 -0.050038 
2141916614071797703.mp3 :-108.212019 105.817294 9.009465 33.281458 7.337158 6.351515 1.496218 7.046727 -0.878351 5.859296 -3.628510 -0.009166 -10.832982 3.037861 -1.792934 1.670456 -3.731497 2.600087 -5.449162 1.094309 -6.564490 -1.171368 -1.409452 1.915536 -4.457112 0.790008 -5.920763 -0.542094 0.045801 8.895588 3.797474 2.665246 -2.444045 -1.234148 -1.609168 3.124360 0.264918 2.124039 -3.649150 -4.315288 
2144011721003204311.mp3 :-153.449922 107.636539 3.930340 31.173651 16.139432 10.411049 0.478249 4.015632 -7.806946 0.876149 -6.932776 -0.957155 -4.492523 -1.008290 -5.074979 -1.866369 -4.408489 0.201991 -4.750080 0.041801 -6.040747 -4.741072 -4.082435 3.770000 -1.165661 2.739151 -1.973881 -0.399714 -0.148857 -1.549387 -6.109943 -3.254366 -6.287150 2.569041 0.699523 2.839868 -0.847097 -0.310316 -3.693993 1.808808 
2182523812482707503.mp3 :-133.935815 93.263073 10.284144 25.061128 6.566123 -0.273843 3.557384 -7.063937 -7.121287 2.307598 -12.979744 0.281493 -8.802175 -1.102945 -5.867287 0.266053 -3.134901 2.952029 -8.668756 0.305231 -7.648044 0.908905 -0.453293 5.216215 0.255848 4.188285 -5.782479 -0.441824 -4.589039 4.251583 -1.020309 -1.708087 -6.251034 2.495413 -0.531030 2.868468 -1.740342 1.898082 -6.686851 -3.958409 
214714872089513082.mp3 :-122.038832 63.391097 -2.346670 24.652928 -3.189267 13.053765 2.037771 6.299370 -1.691146 5.363079 -2.566802 6.088444 0.870027 6.494380 -2.133951 1.535396 -5.648312 2.812384 -5.133745 0.087130 -6.175777 -0.315645 -3.329104 3.834605 -0.940990 5.075857 -2.051613 2.907546 0.188281 1.970942 -3.105632 0.341961 -2.335886 1.462708 -3.219853 1.127089 -1.923341 1.442136 -2.539128 1.445751 
2167446074039398806.mp3 :-131.346954 117.556323 29.540577 29.177894 10.398141 10.160572 3.496802 3.182297 -6.773107 6.083857 -6.113183 3.960937 -2.793275 -0.026444 -3.141366 -1.701334 -4.993283 5.202032 -1.498443 2.113884 -1.652819 4.895815 2.054632 0.522175 -5.858141 0.234221 -5.713161 1.155701 -2.436213 -0.377148 -2.647051 3.750297 -1.447840 1.308453 -3.792802 0.112373 -4.507299 -0.395177 -7.165759 -2.501686 
2155848294238822062.mp3 :-162.910477 111.766778 11.512362 23.131772 -1.360668 -0.345287 5.355441 7.702691 -11.547403 1.873550 -1.418943 -1.609620 -5.391494 1.055638 -5.994153 -1.786319 -5.722322 0.543189 0.230822 2.662525 -1.546478 -0.191886 -6.458782 -1.186063 -4.864391 -3.183159 -5.209761 4.147714 3.048561 0.061444 -4.541916 -4.080680 -3.564697 2.423984 -0.157504 3.532854 -3.076673 1.593902 -2.902318 0.746932 
2149936939729855133.mp3 :-149.529916 113.272882 -4.046719 26.487335 3.941890 6.490029 9.379110 -2.845223 -5.120896 4.016102 -11.213888 -0.026999 -7.108568 -2.932076 -6.116864 -2.313360 -5.469138 3.322824 -2.773112 0.476090 -9.418516 -4.092230 -2.072854 2.181505 -2.182890 3.182022 -5.509566 -5.374661 -5.011582 1.177308 -6.794002 -6.508266 -5.134982 3.885193 2.566450 3.940644 0.848177 0.504463 -7.353716 -3.720086 
2161922384259645908.mp3 :-221.318919 124.191482 16.876767 15.761448 12.194100 -0.117568 -0.343954 -2.673750 -9.571163 2.673464 -7.469478 3.132522 -0.981046 5.311935 -3.673619 -0.754569 -6.694844 0.528509 -1.361918 5.774317 1.501453 3.313593 1.190925 5.365316 2.578463 5.209550 -0.774382 0.395037 -3.956948 0.403346 -1.307847 -3.549424 -9.021111 -3.733334 -3.033099 0.259772 -2.584419 -1.814819 -7.435732 -4.840935 
2138834125786172931.mp3 :-212.274920 118.909397 9.409596 9.044861 6.720173 1.107488 0.255172 -3.881032 -6.763366 6.881910 -11.031087 4.929867 -6.462264 -2.270720 -6.708649 -3.738113 -5.524531 -1.447440 -9.878324 0.315454 0.048993 0.791965 -1.855819 -4.368321 -6.765839 -0.342416 -6.794582 2.109407 -0.463753 -3.780045 -6.594718 -2.068512 -0.084787 0.658856 -4.900829 -4.481828 -6.427776 -3.142441 -4.734470 -0.963334 
2157300245367486228.mp3 :-123.855565 56.432316 13.570118 34.526932 1.450616 17.980924 -4.443011 15.643983 -9.423717 6.607398 2.551136 1.277001 0.361610 4.287111 -3.754991 3.304914 -3.338151 2.233339 -3.990456 -0.940248 -2.670010 4.302588 -6.080138 1.543781 -5.903989 1.661802 -3.806160 4.778275 -1.080182 7.371254 2.777081 -2.462172 -4.695429 -1.273285 -4.610304 1.379482 -1.767447 -0.191812 -2.107119 -0.828529 
2142018931116098537.mp3 :-177.380934 84.306576 -16.041160 18.599403 -10.094296 7.043059 3.110617 -9.800234 4.638639 0.214811 -11.813612 -0.230254 -11.047803 -0.650185 -2.180414 2.125058 -2.881384 -1.965340 -6.826309 -2.493678 -3.366021 5.926649 -2.709464 -0.250810 -10.005054 -3.651268 -1.139934 6.063813 -3.314999 -4.158652 -4.999125 6.928566 3.043924 0.326835 -8.058871 -3.143195 -7.960105 -0.274411 -1.042069 2.080895 
220696410781445487.mp3 :-213.509955 101.400532 13.226707 15.112363 2.518612 -0.542610 -2.564145 2.407618 -9.025812 3.462243 -15.713565 -3.216674 -6.587110 -2.890107 -2.446964 -1.509946 -6.800169 -1.653691 -4.939979 2.288759 -2.539582 -3.282303 -1.647565 1.999374 2.377932 0.804085 -1.443627 0.553037 -1.700904 -3.769906 -8.145694 -2.718480 -0.162124 1.042398 -1.526711 -1.090253 -4.598482 -2.346777 -0.884246 1.245310 
22109792965541471.mp3 :-148.433434 85.442266 18.755362 24.031791 1.383891 4.537192 2.671810 1.212973 -4.960590 7.243679 -10.561353 1.414005 -1.733619 3.229677 -0.258470 4.568349 -1.673768 5.568002 -1.373720 3.470333 -3.988949 -0.699140 -2.305731 2.491171 -0.965884 5.402760 0.443562 2.732305 -1.829185 0.851339 -0.377887 3.676061 -3.265742 -0.368760 -3.561455 0.222170 -4.062800 0.556879 -1.648805 0.111292 
