6585388822635335012.mp3 :-80.347365 85.449286 -0.286610 25.670503 8.292092 0.132146 -3.598844 10.576623 -9.821161 1.371691 0.215676 -0.353689 -0.926386 3.354607 -0.068961 0.583196 -10.514606 1.237179 0.556344 -2.396720 -0.284029 7.001311 -5.738972 0.654514 -2.322087 2.113973 -3.779325 1.938364 -3.672560 3.697115 -0.701057 6.649576 -1.002057 -1.100553 -8.827643 -4.482570 -8.053003 -3.012172 -4.876957 2.097556 
6562487926507616067.mp3 :-72.171812 86.768638 23.247505 31.645634 12.653841 11.495273 1.041037 8.923173 -10.892912 4.046736 -0.935498 0.050014 -3.200861 4.094552 -2.695211 3.147096 -4.489087 -0.095815 -3.840917 -0.948779 -2.530979 0.849727 -5.442255 -2.527425 -7.117355 -1.734484 -3.992334 4.745624 -0.678467 3.305566 -1.183384 2.279392 -1.413610 4.062817 -2.376685 -0.348137 -3.500577 -0.585924 -5.964637 1.669909 
6591830893391031588.mp3 :-134.310861 111.763045 15.506358 18.305135 1.672320 -0.397447 -5.953207 3.672688 -14.498389 -3.426561 -6.055174 -3.336449 -6.142626 -4.433605 -3.470396 0.510687 -4.289204 -1.032799 -4.093848 -1.160921 -10.375354 -2.486677 -1.729993 1.977183 -2.358642 0.882767 -3.226585 -0.189426 -5.390246 5.890452 1.027029 -2.608490 -4.822978 0.769715 -2.506768 3.826211 -0.135507 2.388076 -2.586779 -3.585481 
6573073380098355367.mp3 :-159.327282 91.670490 21.952333 27.697243 10.988005 5.907312 5.571817 5.278409 -10.730197 21.333236 -12.835832 4.272313 -4.859315 2.585418 -7.160274 1.469773 -4.428515 3.504573 -6.181481 0.193143 -0.624782 0.201737 -3.254072 2.519483 -6.919217 -0.436552 -3.138079 1.357989 -0.684023 2.211659 -5.606056 2.017812 -1.434096 1.526731 -4.078336 -1.165066 -4.805412 0.138742 -4.078997 0.737056 
6520405682531786290.mp3 :-186.134058 110.083637 -17.176551 28.708730 -12.781308 2.297088 -4.833341 1.267253 -18.049633 4.467954 -8.301024 -5.064608 -1.362427 -1.790909 1.919824 -2.673270 -3.187978 4.666619 -1.453289 5.380149 3.352998 4.025977 1.920071 4.622348 -0.154364 1.851406 -2.319495 -2.691064 -2.434734 3.623197 -0.120403 -0.780763 -5.613047 0.160246 -0.236508 2.037149 0.553057 3.812720 1.026742 -2.430499 
6573637404508514769.mp3 :-6.268819 69.821453 -13.697064 29.895563 2.981454 6.542159 2.681881 2.756396 -0.521248 3.573076 -7.974899 1.688749 -5.114008 1.785364 -3.895258 2.400689 -3.842913 0.927612 -5.772005 -0.641131 -6.092288 -1.715162 -7.632780 -0.500650 -3.626393 1.354858 -3.430694 1.215155 -3.021522 6.063584 1.286559 1.942530 -4.218712 -1.115891 -4.172204 0.205055 -3.185773 -0.591149 -4.262860 0.760620 
6598196503665032189.mp3 :-77.807049 46.879167 35.989152 38.249147 4.667072 6.253827 2.722241 16.755328 -9.034718 9.660676 -2.135284 0.174132 1.700344 -2.418277 -3.032316 0.838829 -9.187010 -0.353988 -7.527420 -5.293830 -7.852035 -4.526503 -4.706084 2.505223 -2.575242 1.951233 -4.918506 -0.501434 -4.992948 0.120160 -11.066475 -1.795929 -5.841758 2.633934 1.570107 3.041953 -1.069215 2.649488 -5.288752 -1.123047 
6570347295520174330.mp3 :-105.590923 92.480756 15.549537 34.845162 5.233635 6.871012 -6.710039 3.779600 -9.217262 -2.389247 -2.323314 -0.798215 -3.434640 0.722806 -8.484604 3.997938 -4.569149 -0.044520 -5.636510 1.986908 -2.863292 0.264907 -2.546698 -0.315741 -4.970088 2.131874 -3.796735 4.777109 -1.332799 0.863291 0.657104 5.312750 0.684454 1.503229 -3.488351 -1.499712 -5.239858 -0.515141 -1.238941 4.601068 
6563998847100525685.mp3 :-173.054866 94.895763 10.350778 23.198497 7.457516 5.279170 11.099137 0.349463 -4.464625 10.251478 -11.603533 1.350692 -8.345204 -6.927318 -5.705800 -2.346871 -10.763649 0.541038 -7.274419 1.957048 1.004723 3.984611 -2.002647 1.356851 -8.128356 2.327258 -4.645789 -1.017346 -3.580118 1.648666 -1.036260 1.848173 -5.674011 -3.063860 -5.028182 0.036693 -3.557102 1.123830 -2.336785 0.175868 
6524008297508149151.mp3 :-130.468335 90.603633 40.629464 32.077163 14.577097 5.156967 0.354136 5.124740 -8.187993 -0.143073 -8.496967 -3.935197 -5.958476 -1.596849 -6.704977 1.240248 -5.716724 2.234792 -0.119555 2.537260 -6.422853 -1.911338 -3.558751 6.205054 -1.137750 0.451584 -1.226815 2.959480 -3.330180 -1.720984 -9.116126 -1.471833 -0.573380 5.715370 1.463048 2.714911 -3.843261 0.825262 -2.338840 1.758451 
6536049383656540380.mp3 :-165.798148 90.134134 17.149345 26.256873 7.635842 4.711965 2.550166 -1.861861 -7.236279 5.511198 -8.177291 0.807861 -7.481149 0.374626 -4.643699 -2.466033 -9.658288 2.137924 -6.656120 1.105957 -9.389201 -1.795831 -5.021674 -0.984622 -3.360995 2.340533 -6.134494 -1.176438 -3.201257 1.014561 -2.860274 -1.270359 -6.914308 0.355266 -1.280507 1.792959 -0.409575 1.043176 -3.558970 -1.187963 
6553590219086132529.mp3 :-139.422372 100.190210 12.037110 23.814180 2.395292 4.962446 -2.642337 3.384862 -13.046083 2.512509 -8.126993 -4.079693 -6.616110 -5.292687 -9.029251 -3.169439 -7.700923 -4.350782 -8.063929 -6.686891 -8.947766 -3.733417 -7.486246 -1.765922 -5.703133 -1.527739 -6.151937 -1.183731 -3.945643 1.539116 -2.636988 -0.317540 -4.323264 0.108369 -1.564610 1.210496 -2.140795 1.401209 -3.586183 -0.715142 
659971869187765548.mp3 :-71.048287 75.728689 6.508314 21.249820 6.765167 10.081013 -1.495385 8.740807 -5.370017 3.711331 -2.656567 3.512838 -1.181566 2.597469 -4.392381 1.528486 -6.146910 0.312188 -3.136741 -0.305788 -6.517949 0.855157 -5.082001 -0.414567 -3.847458 0.196177 -3.959061 2.286819 -1.961417 0.925298 -6.197136 0.901822 -2.842110 0.812004 -3.590579 0.778062 -3.198407 0.168031 -4.177965 -0.988544 
6532537849177073810.mp3 :-122.673116 100.656373 16.947854 34.824712 11.105758 5.914376 6.710224 6.215112 -10.012093 2.652604 -7.858476 -0.400478 -7.342989 2.145148 -3.658480 1.305123 -5.864041 2.694053 -3.396909 0.774382 -3.870251 -0.183608 -4.630595 4.559855 -1.466801 1.893015 -3.077138 -0.082389 -4.224963 2.462792 -3.641959 -0.457198 -6.980066 2.123414 -0.497931 2.105461 -1.810414 1.395646 -4.253015 -0.024418 
6549989209796494035.mp3 :-118.315372 60.378199 21.366908 33.553200 15.048160 13.816569 1.549244 -0.153489 -3.821378 6.349826 -7.657253 0.598959 -4.565824 2.610790 -3.631192 -0.597811 -2.898525 1.018701 -4.054231 3.125159 2.509885 6.235508 -0.984611 1.690449 -5.138360 -1.561477 -2.589334 5.185229 -1.931482 5.890901 -2.451430 -2.754151 -5.767331 0.905444 -4.698116 0.000915 -4.144252 0.462282 -5.987670 0.881121 
6539615463403639145.mp3 :-57.702314 87.737513 -27.994298 18.571008 -4.735381 -4.412998 3.092452 -2.124300 -17.687134 4.813131 -9.018271 3.121168 -5.124335 -0.394728 -10.635284 -1.108763 -7.216895 2.872557 -1.703944 0.395076 0.858349 -0.959400 -13.022077 -6.006259 -7.341652 -5.520930 -3.680203 1.773523 -4.683764 -2.406782 -6.333584 -0.699403 -3.246207 -2.360542 -6.704739 -2.132924 -6.436287 -1.038687 -2.433946 2.839304 
6531652616962786260.mp3 :-150.421573 110.059804 23.019658 23.461956 5.891281 4.480405 2.492826 1.047100 -8.688304 0.933271 -11.088010 -3.413781 -7.946308 -5.063152 -4.027081 0.724126 2.298564 5.968863 -1.870605 0.487929 -6.221581 -0.733355 2.660103 6.872178 -1.546595 1.993862 -6.370990 -0.804604 -5.666002 2.711214 -0.965029 5.102141 -0.965589 4.865653 0.328804 3.037517 -2.159000 -4.383937 -3.014875 1.277534 
6593547255316855353.mp3 :-69.956739 79.210253 5.764741 27.716895 5.503605 19.626243 7.061663 11.944427 4.918514 6.942646 -2.554227 7.279568 1.255731 7.285796 -0.192523 4.608185 -2.264261 3.467036 -5.212654 -0.464990 -4.742505 2.331323 -1.074975 4.646722 -1.103834 3.091383 -0.699791 3.022008 -2.464652 5.534471 1.868164 2.867574 0.113642 2.924045 0.616438 1.833868 -1.679222 0.971329 -3.113743 -0.494670 
6538014639985657406.mp3 :-97.060177 71.074694 -27.860803 13.251523 -22.436705 2.581904 -2.244229 -14.690384 -8.390735 -6.354237 -12.176982 -2.862209 -3.703523 1.911759 -7.418383 1.884842 -5.214715 5.203222 -0.953205 0.706903 -8.388194 3.772412 4.936696 7.647036 0.581137 6.933252 -3.609267 -1.531487 -7.882310 -1.237646 -0.621083 5.127703 -0.906566 0.091368 -3.919185 0.586680 -4.876841 0.863195 0.174891 2.293167 
6597627596339440430.mp3 :-124.169572 128.138618 3.527882 23.636646 8.303595 -4.005274 -4.408206 7.341217 -20.073753 -3.138013 -8.677098 -6.797174 -1.221059 -1.384676 -9.093814 1.265524 -7.716884 -8.529186 -1.266921 -5.753289 -7.464776 0.999699 -4.777602 -6.424704 -5.156771 1.973336 -6.229446 0.848527 -4.253796 -1.608510 -2.177698 3.605408 -1.005713 2.502182 -4.786361 -3.955534 -8.285715 -0.388247 -2.333078 0.695348 
6552461986246957705.mp3 :-173.353480 99.796756 18.883539 33.980757 7.431593 6.629282 -0.985094 2.492437 -6.693502 6.134695 -8.955814 -1.384448 -3.566587 0.708994 -7.094437 -2.607722 -5.993387 3.895424 -4.267880 4.638218 1.242002 4.721954 -1.237202 -0.347019 -4.875992 0.720181 -3.677552 1.853468 -2.016115 1.561526 -1.725261 -1.209334 -5.694297 -1.909351 -5.327639 0.146104 -3.986433 0.630881 -3.340060 1.166654 
6592203724494947232.mp3 :-188.853862 120.874922 18.385026 20.634552 9.732300 -7.879016 -0.427500 -1.050367 -10.791297 -2.893574 -14.485170 -6.149679 -7.791740 0.737752 -9.880240 0.517689 -2.776046 0.376120 -3.797272 -0.758191 -1.860162 -0.237735 -3.837753 -0.624630 -3.542418 -0.599340 -3.654720 -0.687387 -0.223108 5.009857 -7.216546 -6.846287 -3.979127 1.714955 -0.846633 1.708572 -2.872441 -4.528965 -6.152722 -1.937812 
6537890400655992757.mp3 :-39.574973 86.066068 6.639106 11.305684 5.822061 17.968886 -2.839935 6.084793 -0.653198 5.280258 -0.650160 3.242927 -3.064753 1.787864 -4.082231 -0.494342 -4.320360 1.772240 -3.097932 2.121020 -3.655545 0.782116 -3.730145 3.793748 -2.003236 3.953505 -1.046862 3.520075 -0.314226 5.154373 -1.289214 2.841960 -0.999944 2.917982 -0.500772 3.059255 -1.875141 1.225762 -3.197226 0.791576 
6599529766308421817.mp3 :-140.072476 66.020207 24.956167 40.524706 13.415183 9.561373 5.530338 8.187104 -1.867968 10.628115 -2.727199 4.246547 -2.330198 0.888850 -1.436460 8.168676 0.914596 9.737361 0.557869 2.039882 -7.559182 -2.228141 -2.215542 4.975403 -4.352328 2.270731 -5.798123 -3.696427 -4.780493 3.158398 -3.137459 -3.405100 -5.500483 2.050577 1.324722 2.606558 -1.192485 1.181260 -5.999139 -5.495531 
6527760272240258989.mp3 :-124.682936 85.850244 6.353549 23.116116 -0.000026 7.543102 3.691628 8.038122 -4.994075 8.950442 -3.554763 3.748264 1.721973 3.118045 -1.477301 4.222831 -3.108027 5.289495 -6.171166 0.604942 -2.925502 2.250928 -4.251151 0.522090 -3.879010 2.206984 -1.023984 4.302383 -0.691702 1.771910 -2.564309 3.619929 1.368624 3.032675 -3.046963 -0.524029 -3.225636 0.676462 -3.086981 -0.062643 
659674622393537994.mp3 :-94.161066 92.961769 -14.821096 24.433422 -1.518144 6.961212 3.212885 -10.871030 -3.574086 2.087678 -4.085495 -0.422574 -1.944030 1.124270 -5.828844 8.451939 -2.267782 4.161339 0.388580 3.213356 -2.162822 0.373850 -6.831303 4.889171 -4.902833 3.069552 -4.893413 5.013543 -2.590217 -6.566907 -4.980195 7.937024 2.363946 2.716865 -2.329531 3.861747 -2.262006 -2.389009 -2.989094 7.106536 
6563443411876500855.mp3 :-125.315832 104.566700 13.766051 11.525393 -4.369032 14.566276 -0.438517 -3.677012 3.139960 2.139474 -4.107090 2.015526 -6.737617 -1.217021 -3.899012 0.661522 -3.641426 4.351580 -2.867496 1.565812 -5.316125 -2.045601 -2.323089 6.394486 2.119801 3.649494 -3.406442 -0.336613 -3.266317 -0.956492 -4.515712 -1.048082 -2.058523 3.187791 0.216803 4.047301 0.190597 0.157642 -6.970713 -1.577271 
6541929031420874315.mp3 :-64.644657 61.563750 20.034807 36.868009 11.376412 7.604702 5.470946 12.313364 -9.202490 12.053368 -8.087034 -2.224732 1.264481 -0.382648 -0.937445 2.824129 -0.495354 3.878247 -3.376845 2.415801 -4.264237 2.416748 -2.648766 3.140696 -1.385319 0.323019 -0.886943 2.710043 -4.411114 1.972890 0.348871 4.929407 1.786462 2.847718 -2.280040 -0.304927 -4.150029 1.227919 -1.609761 2.078880 
651928402429915879.mp3 :-212.038172 125.148624 -3.490862 17.565863 0.180342 3.617825 -2.746564 0.128081 -10.992845 6.340113 -3.915770 0.177800 -4.569134 -0.349771 -6.039343 -3.458798 -8.748822 -3.600277 -5.908499 0.871544 1.376704 4.179762 -1.600386 1.794129 -2.208485 2.247136 -0.642812 3.878918 0.593119 -0.078848 -4.002204 2.730814 0.615842 -0.769635 -4.483619 -2.354281 -4.459074 -1.269123 -1.730072 0.244209 
657629402804469325.mp3 :-20.494568 70.540476 23.741026 24.685908 -5.496920 15.377245 -3.787733 1.427974 -4.257774 0.799001 -4.216121 1.105324 -4.230697 1.301696 -3.214274 1.138910 -5.307974 1.089717 -2.938135 3.435097 -1.968754 1.921661 -3.796561 1.989375 -3.605031 3.366548 -2.113090 4.137727 0.352058 5.830553 -4.052502 -2.355888 -1.386724 2.233376 -1.662507 1.903162 -1.697106 1.831178 -4.840340 2.929720 
6595070172283931305.mp3 :-258.236091 105.950150 26.379997 19.890062 3.364804 -7.664975 -6.864645 -6.808282 -17.600949 -6.372809 -17.568748 -5.257250 -8.308626 -3.650764 -3.129022 0.077909 -5.314198 0.586926 -6.557588 0.730619 -2.483538 1.024863 -0.365065 -1.157503 -4.745453 2.692676 0.285976 1.812522 -1.347616 0.277104 -0.460550 3.228392 -2.973759 -1.857990 -4.612632 -1.129025 -1.676718 3.759625 0.649473 4.003095 
6571480832217950948.mp3 :-335.038517 179.971187 8.492684 -18.455455 -14.132093 -13.606293 -14.749409 -13.195619 -9.734540 -13.146674 -11.712173 -10.840100 -12.976787 -11.702951 -8.998519 -5.630051 -4.739243 -3.601464 -2.620108 -3.603451 -5.568113 -5.200296 -2.284349 -1.723151 -1.112573 0.843003 -0.821761 -1.331473 -0.308573 -2.707146 -4.294194 -1.465732 0.301350 -0.017253 2.029138 3.766725 0.893879 -0.966028 2.022150 3.428479 
6533062259471688760.mp3 :-246.828801 142.812580 4.590064 20.688270 9.982509 6.692475 3.757627 2.205952 -2.632725 -1.270637 -4.659923 -0.356062 -7.350795 -6.395338 -7.886494 -8.789969 -9.546976 -3.796682 -1.612637 5.532346 1.479814 -2.112065 -5.273851 -0.771961 -2.701729 2.375907 -1.319582 1.197785 1.653446 4.652325 -4.101227 -6.805056 -7.109198 -2.460431 -0.387807 3.695360 1.172547 3.183864 -0.679185 -1.626868 
6551050530774293252.mp3 :-74.922924 104.975097 9.452948 37.615215 -8.148186 3.510609 0.516203 -1.747688 -6.643497 3.111177 -8.193187 -3.031427 -5.362398 1.380629 -6.235327 -0.005137 -3.369962 1.635554 -2.056663 9.379390 -5.186262 1.793954 -7.238843 0.531446 -2.100801 2.472225 -0.759896 3.139047 -1.154515 0.550406 -5.173980 -1.716066 -3.545134 0.420498 -0.269771 0.335702 -0.682022 0.574952 -3.026583 -0.451119 
6582843339638392733.mp3 :-137.111763 104.144793 17.300678 44.395534 11.557155 7.163751 -3.438372 4.076459 -15.514824 -1.598229 -3.915357 -2.560013 -5.108934 -0.376857 -8.161587 -0.894849 -4.059335 -4.236041 -7.024728 -3.263829 -7.674224 -4.407860 -5.601490 -1.076015 -7.222336 0.355085 -3.685688 3.384756 0.392227 1.319893 -3.845226 2.161087 2.942933 6.164552 -0.160121 -1.051344 -7.752521 -4.965109 -3.547905 0.243720 
6522817359993965279.mp3 :-62.259095 55.900456 -2.218378 21.108078 8.616950 14.812442 1.108210 10.222329 1.310109 5.906689 4.801955 2.774556 3.977675 3.963875 1.333710 7.418997 -0.833369 7.344648 0.371827 9.450163 0.401449 -0.612019 -8.823798 1.270434 -0.949789 2.676950 0.793830 0.427156 -2.238858 -0.658878 -4.608230 3.243526 -5.158779 0.027810 -4.721326 1.006616 -1.842779 3.900571 -2.475443 3.294818 
6587500978343584472.mp3 :-93.138775 73.926947 11.251882 39.795635 3.184197 11.456509 3.045456 6.883052 -6.199509 8.328095 -1.845472 4.734186 1.152609 3.917538 -3.786487 0.915843 -6.593723 -0.158776 -5.390941 -0.178361 -0.243824 1.172814 -2.665706 3.033160 -4.651233 4.195427 -1.526022 2.263900 -4.848197 1.548307 -0.584392 2.806568 -4.163834 -1.481950 -4.228160 1.612743 -0.602552 1.665145 -0.055136 4.457439 
6524310282733844885.mp3 :-116.836044 81.119802 6.666388 30.612238 -1.087183 15.569046 0.940258 7.122333 -0.632741 -0.301844 -1.439188 0.608973 -4.899564 1.909679 -1.052121 2.516682 -0.829908 3.734128 -4.387077 1.252144 1.710171 3.887101 -2.548046 -2.257105 -4.907388 -0.858897 -4.913305 5.062839 -1.693487 -2.632969 -8.639571 3.661809 0.223488 0.416999 -4.460034 -2.501577 -3.622501 -1.752506 -8.413966 0.037834 
6548658871299290107.mp3 :-110.696447 103.227260 20.002581 21.494163 -1.330543 6.063050 5.188351 5.145445 -9.519072 0.561134 -10.650671 0.088838 -7.245149 2.071179 -5.198034 -1.393089 -4.023526 3.769176 -0.431862 1.305091 -6.579870 -2.174571 -4.137376 1.815640 -0.416601 5.134809 -1.040782 4.733686 -2.683161 -0.403654 -3.308318 2.693604 -2.599829 -0.113771 -4.124125 1.872537 -1.416049 1.776015 -3.959236 -1.169443 
6572942199375772705.mp3 :-51.365220 71.295976 6.901057 18.681952 3.921746 19.020150 0.355782 6.680637 -1.913047 2.559981 -0.810704 0.437106 -3.020668 1.010343 -3.021036 2.191206 -4.370621 0.692370 -4.372319 0.129046 -4.663946 1.210183 -5.516179 1.995476 -3.576787 2.028965 -3.630092 0.210233 -4.965252 -0.899955 -3.158947 2.785699 -1.829954 1.701282 -2.573343 1.919880 -2.290802 2.305703 -1.901389 1.575656 
6593098507595401076.mp3 :-56.817146 65.101666 15.299062 15.246392 4.297963 2.598478 -0.528293 7.404972 -9.925482 6.367251 -1.595544 -1.072447 -2.322701 1.366114 -7.211657 -0.123240 -6.210895 -3.290801 -6.886895 1.166400 -5.553784 0.269926 -5.135206 0.611453 -3.874276 0.458350 -1.213786 4.836417 1.197460 4.001415 -3.863284 0.215223 -4.142111 1.026980 -4.213123 0.407675 -3.374934 0.622159 -4.807091 -1.773013 
6551046881911623611.mp3 :-184.298562 108.872328 -10.301190 28.854968 -14.674617 10.400580 -13.548853 -5.555889 -13.054820 -3.276704 -6.758959 -3.484926 -9.014557 -4.682712 -5.859952 4.188464 -5.171426 -0.564786 -4.650820 -1.198296 0.399803 2.332392 -4.232502 -2.834631 -7.593225 0.070898 -0.856803 3.581040 4.930513 -0.648709 -7.866783 1.262934 -0.447174 1.672847 -2.953180 -0.786726 -2.974205 -0.858411 -7.419894 -0.601339 
6524779604493369870.mp3 :-69.644987 87.840758 0.880652 29.082643 -3.129273 12.249035 5.117005 0.143550 7.603737 0.882094 -3.258218 2.983027 -1.163132 4.557514 -0.484518 7.666627 2.550839 6.960230 1.750220 2.305793 -3.354989 0.664484 -5.134975 0.049907 -4.013578 -1.240766 -3.736656 -1.218041 -4.580516 1.405671 -6.821615 -0.738158 -3.499359 2.664713 -2.921986 2.619984 -3.267842 1.759702 -3.963732 -0.869540 
6528180037283880946.mp3 :-172.744390 67.750920 25.480107 25.684560 2.684301 11.379233 -0.070372 8.447881 -6.081566 0.719276 -5.447300 3.695666 -1.150403 1.924372 -1.119254 -1.053109 -4.270570 -4.979949 -2.190005 -4.050033 -4.916404 -1.318832 -2.201828 -0.067840 -2.487855 3.001513 -1.876458 1.725434 -4.935454 -2.399752 -0.344374 6.727757 1.273972 -1.635975 -4.357869 -2.054300 -3.382147 -1.295552 0.676803 5.119562 
6537861897864988895.mp3 :-117.889213 89.865088 10.209814 22.753991 5.280951 2.266912 5.492588 4.074799 -10.628341 11.866569 -9.799989 -1.910021 -4.059427 1.944830 -5.690627 0.647430 -5.453754 5.304085 1.444519 7.166140 0.286343 0.922414 -3.688904 -1.524508 -7.327657 0.864137 -1.929352 2.650106 3.235491 4.341111 -2.832516 -2.039082 -3.366826 1.387377 -4.167005 -0.453039 -4.676615 2.354005 -1.941529 -2.081977 
6570501981132664062.mp3 :-82.541348 78.771904 12.835486 30.307419 6.869554 8.628529 6.894609 8.225145 -2.615617 4.772348 -1.419114 1.353952 -1.507556 0.589800 -2.227603 -0.265193 -1.433108 3.496500 -4.294988 2.713857 -3.788433 2.213502 -1.723115 1.813835 -0.867262 0.385168 -3.424207 -1.271032 -2.665025 3.094765 -0.297899 2.230509 -4.880042 0.373578 -2.651797 2.036543 -1.806614 0.456863 -3.517705 -2.627360 
6545559239317215911.mp3 :-136.414225 94.432180 6.768428 19.630339 -3.016025 3.166837 -1.151691 6.170859 -11.503038 1.022289 -3.473611 0.059689 -5.151376 -0.509811 -8.227979 3.827321 -6.968539 -2.787717 -6.979356 -2.307893 -3.670867 6.158244 -3.594787 -1.237152 -5.455851 -1.849354 -6.265397 -0.971898 -5.847553 1.181254 -0.177099 1.665612 -3.836682 -0.365270 -5.354698 -1.250136 -4.425259 0.894497 -3.123762 0.126779 
655603560444313521.mp3 :-143.309797 104.317587 23.794682 33.216628 8.980715 2.859597 3.168046 4.186177 -5.236885 1.686798 -7.107038 -4.320179 -6.774947 0.743743 -6.257715 -1.233913 -5.093873 0.253393 -6.879527 0.031024 -6.259316 1.246327 -2.156033 -0.904471 -7.633699 -1.247840 -4.842236 2.817033 1.820114 1.187718 -3.682560 0.269770 -2.827044 2.103666 -3.233911 1.118108 -3.074014 -0.822838 -4.906990 -0.642906 
6525548388318477024.mp3 :-107.110729 100.392565 10.670702 34.309809 4.444668 5.401756 5.169951 9.423029 -12.633079 8.333845 -7.686042 0.724257 -2.725973 0.623170 -7.939782 0.153090 -7.593459 -1.048461 -1.777995 0.039319 -9.425496 -3.815000 -8.151338 -0.689542 -0.356032 3.699847 -0.821420 1.889381 -6.794282 0.803549 -3.512835 -2.737274 -6.570258 -0.018659 -2.696938 3.526125 0.514791 3.438568 -1.884568 -1.549120 
6545014411606014738.mp3 :-108.394362 85.427025 5.877002 16.560749 2.789743 -0.246085 -1.128685 14.114750 2.223592 16.266562 -0.396769 -1.761181 -5.017737 6.213396 -0.132277 1.620197 -2.213117 3.540601 -4.250393 -1.100867 -3.355555 1.889317 -0.203694 3.157658 -3.567376 2.524868 -0.418977 2.122413 -3.790157 -2.523868 -3.254474 4.904349 1.236228 1.097195 -3.478513 -1.191967 -3.914781 -1.111283 -2.343728 7.491506 
