59229167632740072.mp3 :-46.031155 45.612870 -2.667106 33.795881 -6.645716 16.433354 -1.942890 -4.704496 1.052446 -0.470997 -9.427789 2.952247 -8.036930 3.408261 -2.698073 2.865461 -2.783941 3.690293 -0.821763 -0.956471 -7.843650 -1.825142 -4.702893 3.673161 -3.300912 0.584555 -3.289546 2.174089 -2.863857 5.723958 -2.134927 -0.996985 -1.415480 3.692545 -1.155601 2.491207 -3.865688 -1.091637 -6.870378 -1.830763 
5947712996482169375.mp3 :-156.698896 105.533849 24.133423 31.502047 17.063244 -1.186589 1.887200 15.640634 -7.900664 2.747920 -4.629621 0.783994 -3.134394 0.284345 -5.146634 4.206879 -7.039990 -0.244759 -0.615236 2.363146 -5.210536 1.329311 -2.672277 1.680129 0.296814 2.523145 -2.924017 -0.401694 -4.092123 -0.575203 -3.379132 2.028525 -3.794988 1.877437 -1.293791 3.835548 -1.868875 0.539961 -2.704186 0.792915 
5918192460672502244.mp3 :-104.096319 91.157960 7.722626 23.278192 -0.763475 11.697117 5.574393 -0.634359 -5.530219 6.764520 -5.288389 3.478511 -0.679669 1.342774 -2.312905 2.726823 -3.259809 2.301079 -6.479285 7.089940 4.156290 2.593009 -5.388212 0.490827 -2.815299 4.635691 -0.631460 3.986900 -0.413135 2.956987 -2.089487 0.683449 -6.862363 -1.902102 -3.811594 -0.162259 -3.952577 1.024127 -2.678109 0.646388 
5898598790316493226.mp3 :-157.831216 78.728280 20.264188 16.417813 17.490841 5.444549 3.848605 8.063891 -5.366922 2.303195 -1.940269 -2.158218 -2.870619 -1.144000 -5.977162 0.242346 -5.397172 -0.564274 -8.337899 -1.814957 -2.244906 4.100577 -6.040649 -3.143985 -6.568147 -2.345442 -5.148878 6.080665 0.215463 -2.094183 -5.674438 3.530271 -0.001994 3.420563 -5.413897 -1.771725 -7.699061 -2.838104 -4.712109 0.569985 
5920209397263517010.mp3 :-96.689822 91.016818 8.497847 40.734135 2.319250 15.624848 8.824339 -5.703036 0.401284 1.737184 -8.169066 4.440904 -5.074020 2.613299 -1.169917 7.046262 -0.540053 4.298625 -3.132396 -1.522620 -5.856454 3.860268 -1.885976 1.032992 -5.888736 -0.094220 -1.999524 4.847187 -1.944075 0.973726 -2.072567 5.161905 -1.286257 1.647329 -3.582003 -1.882697 -6.571377 -0.199516 -1.769969 0.505509 
5934792443881631380.mp3 :-137.018851 87.412887 27.121493 29.123353 12.508669 8.269563 4.977938 2.910770 1.435209 6.545434 -5.861083 2.215378 -4.819230 0.012304 -5.311025 -1.975234 -3.773188 4.728347 -5.795135 4.154732 -6.280813 0.381390 -1.227920 1.603836 -2.871131 3.449148 -5.792870 0.241896 -0.587444 0.558711 -4.951902 -1.677782 -0.357979 5.551069 2.177688 3.252176 -1.846686 1.617985 -5.035309 -0.935166 
5902088342659484512.mp3 :-77.259303 103.566084 10.907281 20.534749 -5.871103 15.102559 0.260559 3.310856 -0.590512 -3.936525 -7.568537 -0.138847 -1.867390 5.140095 -0.213584 3.693368 -2.632343 2.839419 -2.906311 4.897428 -2.975647 0.571150 -4.591954 2.034406 -0.890077 5.029759 -0.515181 1.187982 -3.162821 2.554119 -2.506560 0.969872 -6.908200 -3.703428 -7.092331 -0.991005 -3.677888 3.526541 0.968582 0.165159 
5892943655281725548.mp3 :-100.140428 61.344223 21.492836 18.346829 -4.983921 -0.928123 -6.343358 -3.631494 -4.879220 1.638771 -5.548560 1.637889 -5.816409 2.758804 -6.208348 0.908960 -2.783939 3.356963 -1.508098 5.098002 -1.135603 2.776280 -4.065221 0.492898 -4.121299 2.207802 -3.120774 5.050959 -2.598058 -2.391827 -4.613880 2.004686 -1.913445 1.705348 -4.650034 1.255399 -4.543386 0.309550 -1.344890 4.156232 
5929872892639965176.mp3 :-111.635352 91.393259 -1.576873 16.466588 -0.837725 2.817024 6.593814 2.945284 1.656994 2.969682 -13.458919 1.494423 -7.524874 -2.985700 -4.526221 0.688378 -8.295067 -0.760783 -3.689519 3.318182 -0.499492 -2.296298 -4.283915 -7.076964 -4.786447 0.485440 -2.493021 5.327250 -4.821963 1.829596 -3.350745 -0.941408 -4.353985 0.741091 -5.046298 0.179521 -6.272475 0.828304 -2.862897 0.257498 
5935018420802025055.mp3 :-200.270392 118.267995 9.871110 18.401975 7.599387 3.891823 -0.544247 3.451814 -1.502775 2.580584 -4.700829 -4.260676 -10.224057 -1.597010 -2.859285 -4.366863 -3.895106 0.832561 -3.176256 2.770409 -6.129675 -1.254486 -5.512448 0.205958 -1.785766 4.251396 -2.283951 -1.192162 -4.137838 2.266152 0.878660 2.166570 -4.403702 -2.741791 -4.015655 3.074477 -0.212359 0.679040 -0.517008 1.008343 
5912148869394974968.mp3 :-48.253798 76.587014 -7.048181 19.256055 -3.738464 19.228457 -1.772298 7.499430 3.834715 5.915898 -4.073672 6.542644 -1.828645 6.504888 -2.370281 3.772900 0.105695 9.462169 3.714789 4.735442 -6.154233 -0.173915 -1.457121 7.526935 -0.024474 2.504678 -0.769022 2.062530 -7.779441 -3.244207 -4.409927 3.828564 -0.323007 1.284344 -1.791789 1.640247 -2.554040 1.862564 -2.860571 1.236306 
5897777257454769196.mp3 :-133.538683 105.692018 -16.559985 29.147772 -0.094185 21.897638 -6.877019 9.383871 -10.625836 2.463969 -4.664990 4.423101 -6.767831 -0.413782 -6.324545 -0.377170 -6.816929 -0.382236 -4.517553 -2.256012 -9.798484 -2.234349 -6.256164 0.664439 -6.012489 -0.829500 -5.588944 -1.550734 -5.381464 1.530235 1.116724 -0.331169 -2.542858 2.326912 -2.767416 1.068608 -2.167374 -1.114933 -4.314078 0.870500 
5909008431340311186.mp3 :-121.027746 100.314827 16.213383 38.206222 21.388238 5.905580 -2.247722 12.280742 -8.324120 3.093272 -2.329785 2.022010 0.042525 -0.674543 -6.809264 2.528160 -4.839776 -2.449464 -6.744154 -1.895329 -4.597912 3.800835 -5.287946 -2.103740 -4.431112 -0.577604 -4.308770 5.151164 -2.012762 3.075033 1.755176 7.950198 2.929868 1.636649 -6.692389 -4.074084 -9.167461 -0.829627 -2.543578 1.989034 
5925826511050523341.mp3 :-156.215496 103.551588 3.047950 31.649097 2.718956 7.503673 -0.009389 0.885371 -14.133096 4.235305 -12.395721 -4.381254 -5.026637 -3.242412 -7.162783 -2.336451 -6.414160 2.230523 -7.571151 -3.926754 -2.700184 -1.207488 2.476919 3.258563 -3.067653 1.485277 -0.837554 -0.649718 -3.221770 -3.797158 3.424017 7.674437 -0.311234 -0.161367 -2.250375 1.092950 -3.679656 1.791499 0.398196 0.715874 
5921818373550575384.mp3 :-40.231992 80.124638 6.996273 18.047356 8.291236 6.638844 1.141096 10.001860 -7.303937 6.291345 0.383707 0.601986 -0.549967 4.300168 -3.960524 2.991766 -2.306978 0.107626 -3.810258 3.436450 -4.277676 1.681144 -3.879092 1.034278 -5.013975 1.360674 -3.586992 1.341690 -2.848453 3.300553 -0.543996 3.022492 -2.957805 -0.155790 -3.918037 1.625196 -1.898307 1.961765 -2.892714 0.138648 
5923232322566488058.mp3 :-52.534568 78.971882 -3.614134 33.633062 -1.034563 18.924013 3.482451 6.511066 7.224388 7.548531 0.845972 1.279820 -0.916074 2.800992 0.594009 6.966117 0.967032 8.381127 3.152199 4.396329 -4.084439 0.041839 -2.532369 4.464517 -1.624337 2.487840 -2.154200 1.015235 -5.104900 3.684101 0.451234 1.972280 -4.428722 1.378746 -2.633503 3.109026 -2.453506 1.690965 -2.063045 0.352701 
5947210200278299239.mp3 :-101.889023 93.693219 5.231036 11.349599 8.451271 9.200955 8.407931 1.830928 -5.699501 0.729178 -6.396627 3.951179 -2.263561 2.686038 -3.339233 1.343597 -4.420847 0.544303 -5.754987 -1.953794 -5.358488 -1.114740 -5.799537 0.653813 -4.303898 2.405069 -2.226925 2.767627 -3.705778 -0.772061 -4.377223 2.753874 -4.337506 -1.665343 -5.915157 -2.707704 -4.869895 -0.432433 -4.172740 -0.296606 
5932333886416759608.mp3 :-124.962987 85.803140 28.300487 28.989125 2.910466 7.575191 -1.860570 3.298191 -7.050069 5.576662 -7.190113 -1.231459 -5.105056 -3.859463 -5.526711 -0.328262 -6.486682 -2.680883 -6.946555 -0.566174 -5.772397 -2.517903 -8.757094 -0.713600 -9.520632 -1.209443 -4.140631 2.281057 -4.671428 1.670220 0.401926 3.748448 -3.531362 -0.472050 -7.213851 -1.316857 -5.151022 2.913315 0.655825 1.100602 
5920792930742979429.mp3 :-157.936572 62.936047 23.538488 17.648363 0.304963 7.512343 1.380618 -3.951924 -4.300871 10.545568 -2.266384 6.001571 -8.361620 0.067306 -10.257999 -2.161754 -6.185316 -0.469006 -7.973848 -0.857447 -5.429210 3.113301 0.550911 5.746840 -0.709887 3.565202 -3.417984 -0.160371 -5.677290 -2.413129 -2.214002 1.538823 -4.552745 -3.968262 -6.994595 -3.817172 -6.151072 -0.897287 -3.990974 0.011680 
594441738608825062.mp3 :-75.576331 83.290622 7.711820 12.771581 4.886926 -0.330766 8.591114 -2.147034 -23.302941 8.175787 -20.079070 3.972286 -12.103840 -2.907727 -7.014205 -1.262516 -8.348281 -1.252746 -8.930711 -0.246692 -0.269005 0.148763 -1.340044 4.618531 -1.728163 5.962036 -3.930993 0.350732 -3.156096 1.083862 -1.895540 -4.041376 -10.140367 -3.957173 -3.563771 0.108631 0.283263 0.481383 -4.748424 -1.641320 
5939618599067421807.mp3 :-196.320927 80.936670 35.942354 41.572496 21.410709 8.642082 11.825749 4.985633 -0.351356 8.648512 -4.738859 3.711513 -3.279504 1.136995 -6.831324 0.202514 -5.223827 1.769869 -7.456011 3.124267 -2.135573 3.518609 -3.689964 -3.540737 -10.523009 -4.536485 -7.245237 1.569131 0.116689 1.018214 -5.315653 0.734181 -3.669481 -1.711956 -7.288576 -3.629833 -6.577267 -1.353673 -5.265587 -1.430112 
5947293410635653600.mp3 :-116.060774 71.996998 20.506807 10.483619 17.581526 4.427763 13.318587 3.614585 -2.744054 11.818827 -3.604106 10.187620 -1.035263 -4.116233 -6.213774 0.306169 -4.689800 -0.956856 -4.705460 5.822920 -0.812310 -2.941133 -4.518581 -1.114910 0.092697 5.116694 -4.718486 3.243532 -2.377120 6.060019 -3.612920 -6.821455 -8.796045 -0.687431 -3.068327 2.363349 -2.826262 0.810925 -4.577460 -4.739123 
5913418139718605479.mp3 :-282.535324 128.349619 21.857974 37.116776 7.467810 6.225812 -4.935292 -0.380327 -6.338205 -3.819657 -5.584117 -3.579940 -6.087616 -3.798773 -7.998100 -4.002013 -3.292479 -4.192068 -8.112634 0.104951 -2.562861 -2.251808 -6.596047 -1.539094 -3.145739 -5.806945 -5.750402 -2.924259 -2.756093 -1.790509 -9.882875 -6.953208 -4.148362 0.364312 -1.993543 -2.406181 -3.664313 -1.973136 -4.775960 -6.098008 
592492561813423389.mp3 :-108.802209 106.725461 19.334650 27.244804 13.721922 2.438098 14.227250 9.842002 -8.331864 6.121277 -3.335390 1.518329 -0.531816 4.872575 -4.232296 4.416124 -3.058863 -1.355794 -5.416634 1.856896 -0.687064 1.604695 -6.976154 3.394407 -2.431665 3.441542 0.257885 3.093510 -0.605936 5.107955 -2.425412 -1.909843 -4.600304 -0.193306 -3.722705 1.823334 -2.624896 0.412858 -2.649975 1.986925 
5913063895252606732.mp3 :-78.643285 84.697360 13.871401 30.843733 9.666236 0.399157 -4.824118 9.921511 -14.025015 -1.874926 -5.547301 -5.552284 -5.249561 -5.752857 -6.552994 1.856922 -1.485528 -4.006307 -5.509764 -2.339147 -7.377765 2.215627 -9.635728 -2.424502 -8.369926 0.805983 -5.754580 4.008098 -1.529505 -0.855135 -3.188988 0.824722 0.281396 2.214113 -3.802766 -1.339782 -5.746713 -3.832476 -2.953235 2.561817 
5921682530729342470.mp3 :-151.333792 120.195315 22.450038 28.632674 9.721658 2.354948 -4.393880 0.637570 -10.085648 6.117612 -10.876627 -4.107814 -5.357359 -5.453270 -5.981933 -3.194037 -8.412791 -1.939933 -3.183378 -1.390933 -2.680866 -2.291787 -4.795964 2.999155 0.008409 0.573972 -3.163862 -0.939388 -2.701262 3.667139 -1.093276 1.150040 -3.232734 0.923120 -1.344011 1.512236 -1.216476 0.899069 -2.729375 -1.555568 
5937250838161524236.mp3 :-106.709808 91.352182 19.149012 25.004251 -8.670230 -2.252978 -1.812843 -10.443489 -1.847031 -8.176626 -7.278501 -4.345136 -11.633170 -3.596352 -6.485611 4.239147 -4.697124 4.858631 -5.839975 1.394124 -1.977996 4.315024 -1.408717 -1.851124 -7.066683 -6.076942 -9.717317 -0.002039 -2.715346 5.696863 -2.320201 -3.120185 -2.859425 -0.972022 -4.875549 -1.399186 -6.991245 -2.312123 -4.250815 -2.641472 
5911866822086787265.mp3 :-40.582105 78.406293 1.296940 24.964709 3.033871 9.059880 -6.027337 11.709687 -13.437199 4.168190 -3.779423 -4.590370 -4.497423 -0.579929 -5.529615 -0.486694 -5.013609 -3.382868 -3.112433 0.592588 -7.048695 -0.013808 -2.256772 5.201584 -0.016815 4.784996 -2.794913 1.494664 -1.261270 5.045434 -0.768040 -1.290172 -2.619415 3.308896 -0.802102 3.982414 -0.998430 -0.155096 -5.620065 -2.603186 
5909838726193381196.mp3 :-143.034926 118.921580 12.427463 51.053711 10.147259 -5.468104 0.190942 9.730719 -11.083164 -7.591767 8.953219 -18.651707 -3.056986 -6.190165 -3.634317 -2.250003 -3.550517 -3.633896 -2.507604 -0.924451 -7.483942 4.080779 -10.862454 0.045460 -8.953659 0.047504 -9.683998 7.841707 -6.711084 5.813635 -4.221913 1.589893 -7.136093 -1.483104 -1.436932 0.699524 -0.005964 -0.028495 -1.403842 -3.593542 
5910349553747749803.mp3 :-20.679855 77.631011 5.705983 19.446117 4.825164 13.295119 1.243596 6.474826 -3.772876 4.761028 -2.841434 3.253780 -6.085416 1.120205 -6.003866 0.462244 -6.473930 2.047052 -3.067293 2.572648 -4.342579 1.009937 -4.426222 1.676517 -3.161894 1.514243 -3.092798 1.069471 -2.162008 2.593952 -4.759956 -2.229775 -3.252108 2.485476 -1.628809 2.795436 -0.469491 1.291587 -2.954986 0.363747 
5899838194555943549.mp3 :-117.022145 102.877759 10.797058 17.782001 6.665109 13.904726 -1.366052 5.007348 -7.575080 -1.146139 -1.874570 -1.852832 -5.223286 -3.779567 -2.598981 0.025033 -9.733817 -1.803791 -5.331506 -1.597496 -3.424879 0.909691 -6.105895 1.233482 -2.577449 2.807233 -1.549886 2.412712 0.164621 1.458982 -6.911445 -0.925408 -3.308237 0.895506 -0.811073 3.586083 -3.636532 0.662340 -3.817903 1.324515 
5945420850281187586.mp3 :-128.053771 62.851874 2.203393 22.688743 15.913514 4.134507 0.771708 5.973349 -1.751088 3.925911 -12.343212 2.632768 -3.260193 0.953964 -2.193713 5.063570 -1.612749 4.204114 -1.332297 4.420742 0.240235 0.162433 -3.007271 -3.009016 -9.227198 -2.114631 -1.295314 0.633253 0.326452 -0.480145 -1.937586 2.559147 -0.561173 1.254779 -5.762466 -0.862790 -3.967999 1.610408 -0.933277 1.502967 
5922301540264775619.mp3 :-187.354416 116.967243 13.914151 15.006929 3.394461 3.008755 -0.615425 -3.968843 -9.000936 3.550841 -12.458348 -0.414249 -5.073522 -4.010261 -4.046272 3.651217 -0.107597 8.514726 -2.540594 0.498168 -8.659083 -1.453191 0.438344 3.997056 1.930511 0.251789 -8.946932 -4.475780 -6.058018 1.944535 1.941132 2.310010 -3.401262 -0.398152 -1.350771 1.271117 -4.860997 -1.389360 -6.545458 -6.417016 
5939803061701887086.mp3 :-313.154294 121.544099 16.472819 23.975922 -17.418847 1.447820 10.276485 -18.199388 -6.300905 2.733417 -13.043853 -5.915788 -1.622237 -4.823616 -2.376921 0.784890 0.162958 9.024939 8.217117 11.083860 7.627076 0.844344 -2.156826 -0.335019 0.579859 3.080516 1.409214 2.047497 -0.450695 -5.358300 -7.707118 -3.026654 1.786990 6.129810 2.540941 0.048482 0.948335 4.564157 4.004886 0.263033 
5901351856766453257.mp3 :-70.835329 89.202137 25.244746 25.522882 3.960489 9.082898 -3.214361 7.226166 -3.869418 5.701370 -3.124506 3.716869 -1.586693 3.716564 -4.202203 1.370508 -6.183627 -2.819865 -7.404530 -1.038025 -1.362657 0.725175 -6.288257 -0.716695 -5.964992 1.620049 -1.820643 0.766229 -3.855220 0.649585 0.420055 1.665816 -6.427870 -1.452701 -6.578950 -1.445809 -2.934372 2.094945 -2.311362 2.096494 
592417291965975179.mp3 :-116.440019 80.866654 19.566075 18.448363 3.318933 5.379942 -6.808858 1.055816 -14.360058 -0.530394 -9.232365 -6.456495 -5.230842 -5.251076 -5.148646 -1.673698 -7.325495 -1.835438 -7.172311 -4.061042 -6.450240 -3.281320 -4.558246 -1.841095 -6.257222 -1.578410 -6.069923 3.208267 1.470412 3.124549 -1.780004 2.802758 1.069059 5.321778 -0.306563 0.203661 -4.804310 -2.515958 -6.102437 -1.548624 
592136430219628337.mp3 :-172.362869 84.291234 25.194390 39.546391 10.620145 13.128454 -1.976707 13.146074 -8.633734 1.365769 3.121358 -2.836685 -6.169152 1.718614 -5.310742 1.827277 -6.273329 -2.231065 -3.042477 2.904946 -7.307761 -2.040880 -3.690780 -0.925676 -5.952156 3.050080 -1.462222 -0.682930 -0.749960 2.970153 -7.284509 -6.153044 -4.161844 3.334849 0.489831 4.032129 -1.145117 1.595830 -4.016068 -1.984033 
5909361577630138866.mp3 :-124.133404 84.249823 4.937416 21.209151 6.173513 3.697315 3.435608 5.394797 -1.536052 5.879261 -1.360860 1.499748 -4.184481 0.815288 -1.688489 0.021022 -2.778261 1.516884 -4.593069 1.931026 -1.245644 4.711475 -1.622651 0.830308 -8.966674 -1.914973 -4.647124 1.191173 -2.507104 -0.434853 -4.863830 0.335451 -2.854937 0.661669 -4.273468 -1.985094 -5.485539 -2.345841 -5.669937 -0.819975 
5928922592326275363.mp3 :-124.889508 108.724752 8.415059 24.053401 -2.151478 3.440552 -4.827387 1.669797 -8.826485 0.705482 -9.699123 -2.090321 -7.035766 1.266597 -7.011464 -0.706990 -1.804625 -3.773767 -0.994082 1.482253 -1.722303 4.172433 1.735592 0.413114 -3.203684 2.766620 -2.523544 2.592784 -2.335838 4.999249 2.251204 2.819741 -2.975198 -4.183039 -8.624070 -2.664991 -2.760450 2.498563 -2.533418 -1.201416 
5919911410084582466.mp3 :-103.397415 90.035925 20.143724 25.445347 1.551852 6.747100 -6.446513 2.735942 -9.126177 3.039279 -1.841487 -7.532449 -2.442573 -5.058551 -2.798550 -0.873682 -11.100896 1.918621 -3.498228 0.066194 -3.154147 -1.461969 -11.716933 -2.131234 -4.568804 6.905969 -0.964073 9.128903 -2.053527 -4.457020 -3.256643 4.222688 -0.886570 1.460119 -5.120187 -2.332731 -5.609815 2.878094 -0.023677 6.422240 
5902498698602553042.mp3 :-102.246163 74.823528 10.538154 27.100627 -0.168463 -2.252995 -5.823069 -0.071546 -10.194833 1.933482 -6.478700 0.893733 -11.620861 0.257835 -5.408171 1.878886 -4.721106 0.886879 -2.329613 -2.254498 -1.696514 2.403985 -2.335336 2.662174 0.237185 0.689572 -5.609702 0.331242 -5.110967 0.321724 3.386263 5.414844 -0.469157 0.862914 -1.932224 1.115368 -1.334436 -0.236218 -4.904934 0.104943 
592078452551183420.mp3 :-153.878714 107.940633 -6.822989 44.216074 1.788781 23.259568 0.563231 15.597730 -4.373793 13.623822 -6.812305 3.355662 -3.580920 -1.132214 -2.801332 -1.147912 -3.864907 2.618211 -3.817942 0.976810 -4.408126 -3.052249 -1.251549 0.387253 -0.952705 -0.277559 -1.148153 0.615025 -2.736735 -0.252422 -4.131351 -0.859421 0.151723 0.853760 -2.550790 -0.515562 -2.995713 0.334637 -3.203834 -1.353348 
59473628711312076.mp3 :-113.904273 103.475810 23.263605 26.763343 6.563817 6.009990 0.161440 10.407739 -9.553301 4.102181 -4.372971 2.251212 -1.813601 3.115885 -5.786679 1.748135 -3.957137 -1.338349 -2.077988 1.771924 -0.925778 4.176072 -1.384085 0.342755 -4.060955 4.064413 0.471312 6.399207 0.619978 -0.316776 0.156750 4.089174 -0.520932 0.466066 -4.010327 -2.226641 -4.824097 -0.750025 -2.464469 5.153096 
5912132072570706924.mp3 :-106.132198 93.053462 -15.519387 38.876889 4.888982 7.985639 0.815502 10.523073 -9.025204 8.015133 1.041664 3.629082 0.637735 4.096544 -2.818807 0.433082 -3.490645 -3.812481 -5.440959 -3.239273 -6.744772 -1.186639 -5.731494 1.779631 -3.323620 2.312767 -3.458719 -2.108906 -6.997827 -1.384416 -4.640311 -2.853849 -6.034115 -0.981242 -2.534894 -0.440312 -1.097134 1.851217 -3.049441 -0.379682 
5935661312066179397.mp3 :-94.827234 56.861911 -15.494530 33.300901 -3.021099 20.430171 0.660325 7.948175 0.421450 3.210969 -6.289984 2.067266 -3.254596 5.257587 0.181770 1.935389 -0.315522 0.658373 -5.458668 0.499754 0.351423 2.209444 -8.012183 -3.570577 -5.886415 -1.230473 -4.839119 -0.649141 -3.030311 1.384510 -4.713530 -1.778071 -5.375681 -0.223121 -3.118565 1.011933 -2.084738 0.684872 -0.525764 3.465095 
5903814733768673818.mp3 :-117.858481 85.917669 11.663932 23.191329 6.985114 0.402853 7.888936 16.419193 -11.335790 7.812493 -0.409061 -2.852726 1.393272 0.475877 -7.929137 2.607968 -5.440225 1.236898 -6.346731 0.869076 -5.576551 2.908258 -4.243258 -3.493529 -5.285708 -2.855729 -8.063796 -2.241873 -6.046010 6.072857 -1.895736 0.544920 -4.943170 -2.441466 -6.029684 -0.691931 -4.181575 -0.875611 -6.506981 -0.547711 
5897753328904427389.mp3 :-125.260315 80.472178 -3.329135 6.355614 -15.310402 -7.330911 -10.938728 0.767579 -19.307709 1.141876 -10.562553 -7.149173 -3.914468 -6.746830 -3.833434 -0.836312 -7.735482 -1.560676 -2.989807 1.080332 -5.210642 -2.993620 -1.362754 6.353152 2.125259 6.290565 -1.004574 1.158840 -5.757590 2.336939 -3.436488 0.684676 -3.974838 2.613813 1.495112 6.468109 1.262489 2.007820 -5.050002 -2.425986 
5913645050040269294.mp3 :-218.651093 102.838029 27.914206 -0.765999 11.122162 -5.947232 -0.324441 5.117939 -23.690745 -1.351043 -12.536769 -4.803631 -6.216072 -8.174199 -9.432097 -5.206283 -11.915505 -6.829547 -10.205555 -7.689533 -12.686565 -2.129848 -12.495876 -9.172850 -13.203671 -11.058588 -7.697180 2.427994 -4.743398 1.621684 -5.964699 -5.375666 -5.575715 2.635890 -3.235178 -0.572687 -4.330148 -2.287956 -4.451606 -4.277153 
5905922644557935993.mp3 :-128.464436 77.538958 15.899254 28.232509 10.654826 12.634392 18.177590 3.426623 3.720359 12.298572 -0.169019 5.375542 -0.168784 2.961079 -2.131851 2.366489 -3.353864 1.668230 -6.791255 3.816555 -4.438865 -2.383244 -3.997731 0.260315 -4.278056 3.225155 -4.694081 -0.663752 -3.755810 4.225235 -2.447595 -2.754719 -8.423078 -0.109139 -2.740675 2.304783 -1.993363 1.187521 -5.546551 -1.141335 
5901799044979302763.mp3 :-102.307343 79.414310 5.465914 21.558081 6.601088 7.303367 3.493273 9.866378 -8.478790 9.042042 1.235932 4.713660 2.993567 4.555780 -3.383617 2.707410 -3.166063 1.942770 -2.639102 0.458097 -1.751421 4.119953 -2.614889 2.610059 -1.073323 2.066707 -2.113512 1.844787 -3.358176 3.151569 1.939846 5.266971 -1.735770 1.966085 -2.951252 1.474443 -2.803556 0.826956 -2.595706 1.248200 
