4378524968527130165.mp3 :-171.316658 90.135828 15.002154 8.299494 -4.218393 3.053573 1.654914 0.119470 -8.491200 1.982338 -11.088740 -4.358395 -11.696356 -3.869794 -3.140553 -1.385671 -4.451303 -3.493349 -7.930465 1.621679 -4.179045 0.267283 -5.011307 -0.419705 -9.730095 -1.406612 -4.441134 -0.206650 -0.815260 5.470990 -1.612760 -2.562304 -3.349141 -0.167806 -2.589938 0.447988 -4.392878 -3.005084 -2.568141 0.624853 
4402013090433550312.mp3 :-40.152439 58.051330 13.854249 21.919844 6.449190 9.289278 -8.485838 7.868670 -8.433439 1.882348 -4.871047 1.345741 -2.604764 3.808928 -2.911278 2.300337 -2.479569 0.301347 -4.114354 1.619682 -4.177348 -1.137265 -7.290126 -1.294599 -4.474514 2.678901 -1.657337 6.675442 2.827474 2.333291 -2.977711 1.360505 -1.317311 3.509051 -2.621940 1.399849 -4.346706 2.020614 -0.670955 2.474053 
4348269989895463200.mp3 :-81.096015 90.756480 -22.677608 36.244608 2.859084 13.446846 3.756823 5.826932 4.011294 6.857643 -1.578675 2.251019 -1.538908 -1.233966 -1.216452 1.332909 -2.095591 5.812546 -2.351464 6.237087 -3.089712 5.684457 0.995102 4.560379 -2.235183 -2.262605 -6.668128 -1.793326 -3.307829 1.286747 -2.114087 -1.131380 -5.243709 -0.501837 -4.266768 -0.601758 -6.216503 -4.375584 -7.503543 -4.736659 
4354587482412569000.mp3 :-122.691927 126.247388 9.536654 26.254649 9.398843 3.447479 -0.987843 6.031762 -9.377988 2.779165 -3.986290 -2.915668 -2.624856 -1.404094 -1.105217 -1.453864 -6.017204 2.998619 -3.606752 -0.482897 -2.866248 2.656287 -3.145084 0.732595 -4.241077 -1.713712 -5.544873 -2.517317 -1.515620 7.481174 0.801246 -1.532880 -5.902282 -1.531760 -3.400096 1.006517 -2.382847 2.106499 -2.586207 -2.894084 
4407542316986639579.mp3 :-58.705869 86.106160 15.620812 25.046340 8.694192 12.167372 2.862076 11.079512 -0.663469 9.945136 0.593051 4.767875 -3.222788 4.103408 -1.513934 3.970670 -1.325094 4.677593 -1.747584 3.849971 -2.281444 3.315964 -1.458728 2.879029 -1.655430 1.393228 -2.372485 1.131308 -3.946001 2.465535 -0.414498 0.294908 -3.570565 1.181501 -2.235300 2.107202 -1.247441 1.323058 -3.360986 0.235148 
4334187267382536300.mp3 :-154.206838 90.714482 25.314160 10.856399 4.879958 11.120562 2.125392 -1.500925 9.301568 2.381946 -3.000674 0.195058 -3.821863 5.888244 5.102144 9.192989 4.715060 9.281570 -0.889785 5.024341 0.933996 7.163848 -6.552346 1.083836 -5.962229 4.034444 -0.805482 2.445876 -7.272288 4.105697 1.842349 7.806068 -5.219257 -3.000698 -8.382394 -1.076914 -3.540204 6.552680 1.256159 2.584139 
434765858088788903.mp3 :-100.320043 70.412537 11.491245 25.048310 12.310558 12.624356 11.834536 11.678669 -3.456022 10.431490 -3.136363 2.184161 0.053912 6.511573 4.110252 5.422177 -0.585792 0.640823 -0.601639 5.132688 1.641464 5.375600 -2.620620 2.556892 -3.874679 2.086622 -0.818379 4.824177 0.103857 2.802251 -1.342395 5.269843 1.573784 1.125160 -5.424417 -1.341675 -4.637522 0.001022 -1.610047 4.657167 
4381537034789790626.mp3 :-120.323308 92.118848 10.328422 25.893242 -3.897977 13.894691 3.930750 -5.247742 -0.871995 -4.002931 0.012495 -2.846416 -2.977926 -3.680321 -6.450813 -3.102722 -9.031590 3.129645 -3.750822 3.212200 -4.849521 0.260608 -0.019579 0.882311 -5.542555 -0.684183 -4.320413 1.094190 -7.824837 -3.915480 -4.613861 2.127000 -3.348074 -1.665075 -6.547668 -3.088560 -6.282337 -1.337938 -3.044265 1.143745 
4345628070392691252.mp3 :-89.723920 95.340540 19.536700 33.059593 3.748538 12.116356 -4.918559 14.181940 -7.350582 1.332614 -0.460207 -1.188523 -3.070017 2.216534 -3.912080 6.304373 -2.043701 0.489629 1.160181 3.229612 -7.627058 -0.539165 -4.360589 0.076913 -3.012303 6.433512 -0.920440 -2.514108 -6.087189 0.655078 -0.503127 1.473867 -2.920421 -0.672670 -3.406928 3.027890 1.448317 6.403609 3.343658 -0.549025 
433389838456104195.mp3 :-195.330445 61.009179 1.947917 19.668801 8.745780 6.826310 1.901933 3.620486 -11.755253 6.537195 -9.598787 -1.172962 -5.344003 3.267117 0.314796 3.226887 -5.286339 5.625435 -3.181251 4.170394 -5.690513 5.191612 -0.166770 1.976871 -3.416257 2.286966 -5.776910 4.941952 -3.992112 -1.336389 -2.059758 4.875081 0.464940 -0.273262 -4.633583 0.031796 -5.609529 1.544385 -2.580382 2.272355 
4390814850178301518.mp3 :-94.421020 78.058604 10.978831 29.878709 -1.541568 4.881848 -9.098428 3.215737 -15.812138 -0.739329 -8.677625 -4.450558 -6.461389 -3.457957 -8.815454 -2.307028 -9.658026 -1.508108 -9.312743 -2.359337 -10.644320 -2.954138 -8.490472 -2.745903 -6.912083 -0.405185 -9.563535 1.292168 -4.203596 -0.930538 -5.809530 -2.145814 -3.477834 3.335149 -0.385748 2.804052 -3.318249 -0.690318 -5.215002 -1.206225 
4376762632475745946.mp3 :-79.955043 86.478827 -14.348482 3.369542 -7.337823 -12.598436 -5.759009 -5.867983 -11.370953 -3.921262 -11.781363 -4.631057 -4.881229 -2.074227 -4.048086 -1.549064 -5.152401 -4.416989 -8.887379 1.184208 4.534153 6.607357 -5.714072 -1.623594 -9.045872 0.820145 -3.236270 2.955158 -2.795716 6.860710 -0.249924 0.622607 -9.476348 -3.669617 -7.142294 1.435630 -1.427475 5.147040 -2.479495 1.751087 
433439291299630879.mp3 :-122.983544 98.420048 16.022324 27.580489 6.374617 1.930993 5.848422 1.889242 -11.742619 7.711210 -3.899033 0.854889 -2.409134 0.109693 -3.104446 5.289993 -6.099739 0.995309 -4.614242 -0.095683 -2.903596 1.586522 -6.421761 2.928044 -6.192512 -2.657544 -1.660631 1.486530 -2.275908 2.109938 -0.612874 5.936159 1.784060 1.075819 -4.796851 -3.116746 -5.722541 -0.933730 -2.828251 3.484573 
4341318764812243046.mp3 :-144.907233 139.478263 0.139612 21.931386 -1.434808 -1.273407 -2.892335 2.006824 -11.506982 -4.167193 -9.276642 -1.161366 -7.286480 -4.971755 -8.189752 -1.633496 -9.369963 -4.088621 -4.959263 -4.527519 -5.707813 -3.765510 0.780578 3.455683 -1.357744 1.291019 -6.463872 -0.638624 2.606444 2.986522 -7.661387 -4.322845 -2.516262 5.133221 1.580010 1.149224 0.210306 -0.652463 -5.018475 -3.415680 
4360001026732159854.mp3 :-105.652870 86.533479 12.743500 35.638269 5.055767 7.353117 -0.616686 4.901230 -5.222086 3.511902 -8.013803 -1.385359 -1.914388 3.301738 -2.546371 -0.131549 -2.185095 3.929953 -2.927390 7.197699 -0.317628 2.876735 -5.212852 -3.197530 -7.103140 5.480388 -2.043638 6.087127 0.135505 -0.525595 -2.954362 2.825769 -4.511260 -3.524942 -6.812569 -0.718072 -4.275184 0.197336 -0.825704 4.811084 
4359916069797809596.mp3 :-143.440916 98.962694 -20.775529 25.584400 -16.236630 1.190645 -5.584352 -1.621339 -9.878162 -1.096900 -9.283350 -4.925509 -8.854148 -4.703736 -4.099807 -1.704171 -5.693338 0.701078 -4.331316 -1.551084 -8.084752 -4.443468 -2.206523 4.904830 1.315474 4.547944 -2.453403 -1.345081 -2.757753 2.181914 -3.594932 -1.810760 -3.049154 2.919009 3.967880 7.192774 2.744220 2.004451 -5.779800 -2.249381 
4344426378872589796.mp3 :-89.323789 108.724552 -11.707361 11.695423 1.487899 7.337887 -0.698741 6.109766 -4.555207 -0.202893 -1.480459 -0.422977 -7.135575 2.783392 -4.338231 0.113988 -3.996478 1.399008 -8.422661 4.108643 -3.723237 5.495650 1.038531 0.878164 -4.200421 -0.127021 -2.026971 3.140268 -2.293244 -0.855874 -0.520560 7.415752 -2.534245 -2.249932 -8.147818 -4.137184 -6.178691 -1.905397 0.650311 3.483363 
4337798189267781482.mp3 :-133.128706 96.344550 25.230091 17.979695 4.925503 2.707650 -0.980947 3.224741 -11.155074 -4.184343 -6.652541 -1.965455 -3.346851 -4.032438 -11.160109 -6.354535 -11.678618 -9.592593 -11.964666 -0.558784 -2.020022 -0.200720 -9.101753 -3.530771 -5.676485 -0.578098 -0.869334 2.844196 -4.101001 -5.839814 -7.309696 2.957079 -4.633940 -2.901873 -7.412213 -4.330823 -5.712407 -1.402762 -2.243578 4.002769 
4367248227403918120.mp3 :-106.625020 81.118149 -2.336456 17.423535 -1.565440 -3.074224 -8.626323 -11.231374 -11.189927 -0.053746 -7.482013 1.917389 -7.277199 0.415173 -5.178709 1.157118 -0.383396 2.746346 -2.034939 -1.260300 -5.397129 0.067613 -4.306903 1.037477 -6.014051 -0.798176 -6.388062 1.792287 -3.685756 -3.180145 -6.211773 3.639662 0.807136 1.828971 -5.387830 -0.411235 -5.539204 -3.110976 -2.898338 1.970458 
4383480069600743050.mp3 :-117.069763 98.547242 10.723877 29.013940 -4.612207 3.332865 -3.426463 -6.002250 -6.531445 -1.193345 -10.280764 -7.805479 -8.449416 -3.937909 -7.592009 -1.112777 -3.124989 1.520910 -4.157474 0.960341 -6.847038 0.387475 -6.277198 -2.489573 -10.957120 -1.716854 -6.986721 2.116987 -5.023105 -3.785642 -6.089819 -3.148449 -4.624436 -0.429242 -4.020404 -1.962188 -6.748298 -4.027714 -7.688982 -3.368403 
4358138176421949790.mp3 :-14.894472 76.375596 -4.259812 14.847188 -2.337485 7.379863 -3.172214 5.590910 -2.405527 5.885939 -0.792638 2.356454 -3.232627 4.398493 -2.114795 2.854572 -2.857522 3.275982 -4.065653 1.541908 -3.041705 1.733755 -2.716557 2.485932 -4.316049 2.393728 -3.710455 1.415719 -3.503571 2.383477 -0.770255 4.521836 -0.495266 1.599723 -4.170954 -1.386501 -5.021707 -0.281860 -3.189664 1.515647 
4366543411584853714.mp3 :-58.219110 82.689148 4.213336 20.649541 0.035041 9.490136 -4.002206 9.449962 -9.833261 1.962211 -2.315904 -1.111854 -0.969825 1.506596 -6.266344 -1.896111 -3.918181 -1.737563 -9.261159 -3.782226 -4.917791 5.802063 -2.285956 2.250737 -3.560338 2.467402 -3.748418 3.265825 -0.832999 4.571737 -0.123740 3.986484 -3.093110 -1.773112 -8.080864 -2.131477 -3.859844 2.666771 -5.388973 -3.101388 
4411462748374505191.mp3 :-188.276348 104.879211 16.890334 35.686757 15.927052 8.174326 6.790363 2.362056 -2.435038 10.106781 -7.698978 3.136442 -5.070544 -0.283392 -1.900318 0.248361 -3.575591 6.598500 -6.783772 0.052399 -2.061282 0.448591 1.807010 6.698312 -3.818151 1.419207 -4.703166 -0.203191 -6.775799 -2.291868 -1.474434 5.493747 -0.380274 1.680185 -3.846913 -0.521720 -4.637278 0.793728 -3.827049 -0.983010 
436962790347439353.mp3 :-86.506083 90.182814 2.463643 23.759525 3.572446 23.095752 1.554644 4.226851 1.056411 5.974486 -0.282319 3.949644 3.514328 4.676953 2.483211 6.723278 -3.387443 4.578895 -3.273189 4.011296 0.543176 5.246977 -0.984274 1.003178 -3.851192 0.996926 -3.984271 1.338285 -2.711823 2.264650 -5.191334 -1.334717 -3.371780 3.404479 -1.357642 2.275514 -3.611824 1.164427 -0.180633 1.231219 
4365437322762141440.mp3 :-60.795406 75.981925 10.151747 9.745735 4.122292 14.739195 -0.040377 8.283850 -0.568154 7.647213 -0.583022 -1.305189 -2.449795 2.071101 0.093642 2.580982 -2.072382 1.686826 -0.722014 4.055565 -2.002028 1.776755 -3.111895 3.193739 -4.747550 0.672904 -1.350017 -0.458758 -4.670480 0.671205 -0.446218 2.573059 -3.129438 0.981476 -2.210968 2.677231 -1.406274 3.607497 0.743883 -0.565249 
4393426411020353215.mp3 :-191.154187 74.483917 15.886948 24.489667 6.469885 7.380985 2.196480 -4.010629 -9.568896 3.005030 -14.404724 -3.218740 -10.797002 -5.768264 -10.645892 -4.906166 -7.886413 0.699050 -4.000909 4.046889 -6.432669 -2.137428 -5.173584 -0.536805 -5.074301 0.179305 -6.761775 -0.946703 -1.973414 -1.605355 -7.682822 0.137316 -1.815052 1.736448 -0.445794 1.418620 -2.969033 -0.654900 -4.793778 1.263628 
4357930886166607549.mp3 :-50.033407 82.269074 4.239498 38.480185 18.188237 17.110076 6.459078 4.959622 -3.144979 8.046721 -4.935225 5.817569 0.153178 1.250923 -4.195637 0.726932 -7.662154 -2.904010 -5.960251 -1.567163 -2.535957 0.997734 -3.983154 2.373820 -3.811870 2.515573 -2.207045 1.994396 -6.712595 -1.053815 -2.733189 3.113941 -1.012172 0.289113 -3.582609 0.085224 -3.428975 -0.069403 -2.098958 2.347632 
4343210418687824008.mp3 :-243.634809 55.617883 -13.299116 34.005162 -17.510612 2.522008 -18.410131 -3.967538 -13.375889 -5.294508 -17.531039 -3.881193 -10.186452 -4.212695 -4.895918 3.079488 -0.524080 2.616806 -3.447066 0.503010 -15.088381 -6.134762 -4.914988 8.828657 2.623525 3.857533 -0.867788 -4.648227 -3.424110 4.440155 -1.935275 -1.724898 1.349606 10.124489 0.108586 3.185383 2.800247 7.523910 1.973694 -5.307778 
4376710777730070938.mp3 :-140.699973 83.762051 8.658698 35.282146 -10.973835 7.209062 0.989053 -4.671285 -8.247585 2.893009 -6.753417 4.030458 -9.335022 -1.200496 -7.881491 -2.169522 -5.768399 1.775466 -2.826235 7.404181 -2.914819 3.319611 -2.286783 -3.808027 -4.817522 1.208203 -5.229163 6.009999 -3.127071 -3.303500 -8.442604 0.999506 -0.574810 1.383378 -4.882295 -1.540544 -6.461543 -3.581615 -4.513333 3.189670 
4404709960809107345.mp3 :-141.530234 132.749873 4.269444 27.335908 12.139933 6.989570 -2.430655 1.320892 -6.625848 -0.962641 -1.918672 -1.035504 -4.946037 -2.559148 -2.799545 -0.418948 -7.088925 -0.344589 -5.279552 -1.875008 -2.412027 1.314163 -3.861608 -1.602650 -4.300512 -0.675168 -5.180562 1.008187 -0.593652 2.431876 -4.835595 -0.715168 -1.511932 1.579046 -1.223020 0.094409 -3.992375 0.108062 -4.833494 -1.887616 
4359322652341674455.mp3 :-53.147768 74.230122 15.738499 26.084042 5.869945 7.122722 -0.625633 3.351075 -3.449713 9.527367 -2.069023 7.746626 -0.359348 5.992278 0.372557 4.278994 -2.114751 3.348208 -2.778445 3.931110 -3.816619 -2.129191 -5.745088 0.925435 -3.784990 1.689644 -1.521858 2.308321 -3.541833 2.276051 -1.959287 2.919488 -3.956549 -0.021023 -3.954408 0.856652 -2.333600 2.587673 -2.225172 -0.343299 
4409500641398373210.mp3 :-157.654326 110.048766 -20.251844 43.205827 -28.526342 15.681228 -12.545669 -9.808312 1.691606 -14.578153 3.461812 -9.501306 -2.159989 -2.115630 -4.388780 -1.380149 -5.564266 1.746911 -2.822487 2.120762 -2.957545 -2.154702 -1.796202 2.283992 -4.652749 -0.567759 -3.886315 -0.458352 -8.259076 -8.976576 -2.472211 2.669513 -6.266542 -3.943868 -4.701527 0.193025 2.047982 2.663964 -0.149403 1.219798 
437675069962176550.mp3 :-92.188594 85.411760 17.400906 19.322209 -1.812031 7.521437 -4.920244 7.589105 -12.756670 5.015206 -4.571775 -4.581131 1.901751 2.724747 -7.172494 3.698991 -8.434067 -0.545447 -4.728154 1.991954 -0.284102 0.678592 -6.675871 4.550913 -1.752083 1.497122 2.192081 2.110652 -0.297692 7.987820 -2.033052 -4.354266 -6.717004 -0.886921 -2.721455 3.435635 -4.265847 0.238954 -3.210063 0.568785 
4396038758869001863.mp3 :-134.159423 84.552231 8.394113 23.990461 3.912117 12.482627 -0.304676 3.570317 -2.754501 2.800544 -2.323507 4.141291 -3.088212 4.062470 1.112634 3.466762 -0.870685 2.482270 -1.760239 -0.920837 0.558623 1.260577 -1.669416 5.297044 -2.266818 0.774783 -4.354810 3.954310 -6.044964 1.465181 -3.061143 3.991521 -1.699945 0.179375 -1.137448 -1.630512 -2.121020 -1.145427 -4.648870 -0.631465 
438139255178759813.mp3 :-117.227197 92.900978 34.019046 29.073454 16.490045 10.441782 8.382470 13.359030 -1.851014 6.067091 -3.459918 3.979621 -1.785702 -0.084674 -3.890126 2.199603 -6.292680 -0.247690 -1.537935 -0.424022 -6.083495 0.103017 -6.318053 2.336752 -2.445674 0.276252 -1.969722 4.181656 -1.618212 3.211284 -1.502896 0.069723 -2.883522 4.652621 0.071652 2.534785 -0.199066 2.179960 -0.505215 -0.372209 
4395362894156349374.mp3 :-104.047298 96.127396 28.329066 30.956100 9.164779 4.373646 6.010708 1.211438 -10.934531 4.842562 -13.069038 4.715254 -6.842774 -2.012403 -3.931565 -2.413326 -1.442627 5.909955 -2.006712 4.244250 -2.967026 0.856476 -2.488894 4.027936 0.793750 3.467521 -0.811377 1.701854 -5.886480 -4.290799 -3.286678 3.714926 -2.890038 -1.279379 -2.715304 1.064865 -2.342323 2.412504 -1.817318 1.817259 
4408447843296277677.mp3 :-104.532967 119.296253 7.395802 33.534414 4.078643 -1.651910 2.121244 2.074740 -9.285276 5.166708 -12.491961 1.105056 -9.836087 -0.635542 -9.124414 -2.435654 -7.165344 1.428311 -9.917804 3.723293 -0.124718 5.701285 -2.406394 1.345473 -7.413487 1.514009 -4.133072 2.701518 1.497926 -2.837685 -7.924245 -3.686245 -4.193486 0.308805 -3.727053 -0.740217 -3.725917 0.637531 -5.379775 -1.633217 
4344256666929760900.mp3 :-146.093529 59.549611 -2.953519 26.369112 0.901654 17.829066 0.719777 12.966301 -0.886615 7.869233 -4.838959 2.566221 -3.446466 6.213733 -2.962294 1.047833 -5.609491 -0.287503 -6.861187 0.450816 -3.022724 2.936990 -2.767994 2.716280 -3.617891 2.757047 -1.970529 3.257693 -2.451643 2.254236 0.446919 4.469752 -3.633655 -0.360466 -2.878752 0.948061 -2.985324 1.972160 -0.698266 0.979235 
439967377417698778.mp3 :-119.535033 130.481342 8.842777 35.796410 7.031248 -2.886715 11.807687 0.593734 -8.695644 10.551185 -8.265654 6.469812 -1.880450 -4.790759 -1.482289 -0.102366 -7.655442 3.264617 -8.535692 -3.387524 -2.350255 -2.276081 -1.120376 5.159255 -2.463377 -0.180151 -3.219007 -7.143916 -8.038450 -1.032056 -0.505854 4.223649 -2.868527 -1.402183 -4.227822 -2.066730 -5.735915 0.172501 -2.486995 0.311339 
4400276565788990482.mp3 :-115.076915 81.726045 25.992116 30.184785 8.431159 12.176635 -9.116797 6.668007 -9.484050 0.101675 -8.331139 -3.282268 -6.361514 0.386249 -2.066124 -0.526417 -3.541449 0.155011 -4.406504 0.265843 -3.762548 -1.868306 -4.039541 1.762866 -0.410380 4.801527 -0.192844 4.027482 1.525640 3.775441 -4.088853 -1.002563 -0.828271 6.061482 0.492234 3.557687 -1.432942 -1.599098 -4.715326 -1.096120 
4392945076487477235.mp3 :-206.146846 121.977825 16.113683 28.740648 9.541471 0.158024 -2.967259 3.594970 -19.790276 1.112966 -5.881232 -9.549294 -8.846743 -11.957505 -11.400689 -7.515941 -11.647775 -6.815727 -7.980774 -2.365185 -8.469109 -0.403702 -7.949117 -7.727454 -5.448667 -7.435777 -4.296588 3.320631 -5.818016 -0.289034 -8.470275 -6.635082 -3.710003 -1.924894 -4.962143 -1.818867 -6.027516 -2.228302 -4.518747 -2.322365 
4405209303484739566.mp3 :-45.315662 77.941871 19.401696 28.149052 -4.625262 10.521787 -4.758355 4.694980 -5.743487 7.916073 -2.884751 1.094217 -2.838772 2.644824 -2.662645 3.284514 -4.253107 1.206377 -3.760261 1.907571 -2.734786 3.261757 -4.210162 0.503230 -3.482670 0.702841 -3.149069 4.099370 -2.616284 3.915940 1.277498 3.477357 -3.088525 -0.017605 -4.373386 1.505073 -3.994589 1.271691 -2.237580 1.690639 
4403364893741638196.mp3 :-117.909928 97.899504 23.341350 37.278257 12.319424 12.583615 -0.698679 15.109395 -4.773758 7.089005 -3.159801 -0.329800 4.092422 -1.678827 -2.300389 3.864568 -5.819076 1.618861 -3.147938 -1.740903 -8.072136 2.049548 -3.447496 2.054274 -5.368825 1.090583 -7.570710 2.509436 -6.384104 -5.543270 -3.363434 4.482603 1.946292 5.544833 -1.657142 -1.078548 -2.709552 -0.461544 -3.513070 -1.866332 
4407027380494312494.mp3 :-178.628019 112.389850 22.059889 19.225320 7.658585 10.498095 2.315178 12.023550 -6.910439 1.590227 -1.217132 0.129952 -4.639138 -1.386992 -2.085823 0.393207 -3.258567 0.139294 -4.177034 -2.824585 -3.316204 4.961777 0.034182 1.073461 -4.288969 -3.324353 -6.594582 -4.226175 -8.895929 1.002607 2.485940 4.811623 -4.791080 -0.378170 -4.176467 -0.063756 -5.046976 -1.828023 -4.077339 -0.047616 
4348441335569459023.mp3 :-116.853173 55.679803 -7.528682 21.498313 7.592918 0.173409 7.749253 0.379824 -12.310556 4.006384 -10.396595 1.423844 -9.366028 -4.687818 -9.486189 -0.527803 -7.827908 1.704852 -3.365975 3.181486 -1.631523 3.760663 0.908767 -1.077000 -2.784519 2.271301 -6.312808 0.083576 -1.080163 3.933877 5.585498 3.190217 -4.618275 -1.957049 -5.360523 -2.022532 -1.816034 2.927951 -0.434844 2.231567 
4355082154417314825.mp3 :-97.145581 104.939393 14.245270 14.412032 -3.388572 1.446749 7.007026 6.982799 -5.642382 2.916572 -7.069230 4.407768 -2.969786 2.598032 -5.102193 0.983915 -2.857958 3.988905 1.382722 -0.155338 -5.330097 -2.646858 1.310473 3.065684 2.011267 4.682433 -4.983304 2.148217 -4.974544 7.307631 -2.111367 -0.210031 -2.536242 2.136592 0.574803 2.410980 0.992709 -1.034319 -2.793084 -1.900302 
437523076005499013.mp3 :-40.552960 100.690816 10.209724 27.416512 0.345508 2.553935 2.093732 4.282429 -9.943710 2.127884 -5.078200 1.506152 -2.760002 3.545601 -4.801313 0.867409 -4.847743 1.041416 -4.399051 4.844338 -3.857571 -0.202765 -2.792897 0.231895 0.139394 7.399442 -3.173810 2.072263 -2.340391 5.697672 1.602942 -3.657706 -10.536567 -2.581727 -1.592406 3.905299 0.053395 1.368904 -2.287970 0.659693 
4395519548706646734.mp3 :-142.155298 107.186890 0.518213 30.830149 12.205050 -2.443408 5.768532 15.267242 -20.565796 0.754973 5.103777 -3.570506 -0.609978 5.763426 -6.505667 -0.979227 -2.721205 0.830678 -4.284571 0.817649 -4.748958 1.790255 -3.489256 -3.014356 -7.200016 -2.172755 -6.435227 2.215673 0.738724 1.947459 -3.133079 -1.078780 -3.393337 0.863862 -3.286130 -0.483832 -4.213857 -1.118067 -6.078232 -1.107039 
4399775898506610507.mp3 :-86.836884 87.145487 12.887481 19.110872 2.454248 8.816140 1.924049 2.002767 -3.153154 3.614471 -4.009967 0.076455 -4.345322 1.954989 -2.594677 2.454693 -1.849505 5.724465 -0.830307 2.596820 -5.955381 3.452631 1.486535 4.197796 -2.006168 1.042056 -5.530513 -0.750314 -8.703471 -1.650466 -1.719758 3.851068 -1.791366 2.513990 -2.263140 0.499423 -4.634403 0.063398 -3.791028 -0.588088 
4338199382847368550.mp3 :-47.063555 73.096540 13.471864 11.838507 -3.444353 13.022088 -1.240710 9.310406 0.440268 5.571144 -4.586015 2.587643 -3.647972 4.967986 2.527262 7.800765 1.278611 5.825259 -1.883703 2.444577 -2.461098 1.215704 -1.232047 2.017416 -0.700142 5.712172 -0.423196 3.773904 -3.637243 2.614779 1.083094 4.049165 -4.108856 -1.242644 -5.353968 1.579381 -1.676317 3.711652 -3.925842 0.264775 
