2713314168938101030.mp3 :-131.657060 77.007179 0.744224 7.997648 13.016281 -3.093182 0.696554 10.663714 -10.249083 14.063669 -5.314833 4.742405 0.065876 -0.381112 -0.629405 5.122700 -2.934111 4.307383 -1.983308 4.177894 1.122572 7.076698 -1.610395 1.538816 -3.622774 3.444980 -4.649991 1.606767 -1.234726 3.618231 2.409119 3.142986 -4.388455 -1.941429 -5.052720 0.026164 -2.766143 1.682323 -0.962282 1.285090 
2731517841255492916.mp3 :-80.994971 88.644226 30.414754 20.408520 7.499744 5.240192 -0.782930 7.842795 -6.337972 3.020698 -1.223865 0.265386 -2.766381 1.237364 -5.489370 -1.591700 -6.166346 1.816002 -4.786290 -1.948197 -4.962281 -0.732314 -4.156060 3.601562 -1.680361 1.078153 -4.508792 0.213926 -4.341840 0.126857 -7.492212 -3.055129 -2.098240 1.367318 -1.704747 1.887163 -4.271183 0.941276 -3.626644 1.018602 
2724540248694977289.mp3 :-154.123836 102.371853 1.139958 39.377944 1.993730 11.199890 -3.987048 -0.431119 -5.977975 -0.300107 -9.052194 -5.769624 -6.837860 -1.815533 -9.457317 -7.232399 -7.221123 -2.711314 -8.974289 -7.491861 -8.089768 -6.331466 -8.154037 -3.505611 -4.782700 -5.462435 -7.207158 -4.023916 -5.450402 2.200852 -6.029703 -4.673154 -3.622939 2.931372 2.114081 4.744703 -0.275011 -2.103078 -7.869271 -3.899269 
2745479283357610037.mp3 :-110.536742 75.075475 26.479128 34.562336 7.099573 11.640721 1.741884 9.587994 -6.060548 1.497019 -13.579563 0.093731 -3.015337 0.080893 -8.995588 0.658624 -6.593018 -5.254723 -11.397048 -2.380352 -6.461651 -1.388484 -10.192343 -3.999306 -5.191232 -1.769854 -5.051490 4.268359 -0.165975 -0.956900 -3.509602 4.412028 1.590428 0.689770 -8.758117 -1.670524 -8.807241 -1.904629 -2.644568 1.504583 
2784867397233570653.mp3 :-40.154141 93.996682 13.344376 14.434799 6.158062 7.695376 -1.357576 4.248398 -4.155231 10.253171 -4.446999 7.002460 -4.485942 4.890383 -4.234084 -1.716136 -3.840060 1.753071 -3.651391 3.939764 1.736899 4.022279 -3.395683 3.077265 -3.393310 3.480767 -0.961894 4.896972 -0.321945 2.183006 -6.071168 -1.250577 -1.711758 3.397384 -1.854566 0.151602 -2.370082 0.930767 -3.364167 -1.113161 
2722138353482131092.mp3 :-229.766485 121.215717 10.427434 29.249590 6.001482 1.995084 -3.212021 7.328244 -13.153162 1.836376 -9.446888 -1.327762 -3.047758 -3.482706 -5.058179 -4.191373 -3.443655 -0.781875 -3.025662 -3.675887 -7.714526 -3.666021 -0.151840 1.646230 -0.490450 0.330188 -3.540420 -1.572114 -4.239838 -4.210058 -11.608608 -3.582868 -1.577638 4.667670 3.850721 3.399529 -6.326906 -5.860418 -5.782399 -2.922157 
272639775664232711.mp3 :-86.186382 95.103408 14.504661 34.853243 6.267933 9.443153 2.535954 4.644785 -3.101063 4.820822 -5.758693 0.746787 -5.535240 0.054415 -1.595453 5.520438 -0.596790 2.330795 -6.336143 -1.138650 -8.914770 0.725520 0.916720 2.920662 -1.383560 4.614172 -5.061957 -0.169127 -2.942124 4.219821 -1.809114 -0.875089 -2.272991 4.571857 1.500980 3.508191 -0.548465 0.688088 -6.166947 -5.388112 
2719381597280909704.mp3 :-108.588176 94.412140 32.036682 25.291552 16.916603 7.002678 -0.487538 -0.947380 -2.495049 5.673451 -10.912967 1.793811 -8.080617 4.438631 -6.105174 2.840730 -4.758448 1.605890 -3.822288 1.487615 -0.255864 4.338510 -2.964518 3.338690 -3.403403 1.963733 -0.427926 6.263899 0.128118 -1.226459 -5.467075 2.896177 0.554569 1.360772 -3.990009 -2.737348 -6.187489 -1.656860 -3.103254 0.747428 
2807185442481260497.mp3 :-127.789691 110.357933 12.923210 17.540011 2.313437 10.633185 -10.539280 3.453095 -10.855866 -6.852504 -8.196423 -10.151772 -8.391236 -0.905356 -6.387089 -0.351689 -6.470032 0.786700 -5.660472 -3.254546 -11.103830 -2.714110 -8.155836 -0.982373 -3.264047 -0.818666 -4.163766 -0.791065 -6.364144 0.816689 1.878264 1.234710 -3.361530 0.469263 -0.213918 3.829062 2.242242 4.506321 0.347836 1.747843 
2797161957022343036.mp3 :-53.482428 84.691546 10.169413 20.263479 2.531064 3.723451 -1.036380 2.686455 -8.013106 3.272189 -8.241587 2.103611 -7.153804 1.145481 -10.092958 -2.998972 -8.569721 -5.893281 -7.568606 -0.662686 -3.493163 4.262158 -0.335480 1.425400 -5.395189 1.684224 -4.886581 2.639804 -4.171623 -2.204167 -4.950123 1.925036 -0.266810 0.324542 -6.524964 -2.769266 -6.475541 1.036497 -5.479991 -0.381669 
2767037023999220248.mp3 :-254.342645 121.908371 12.871240 25.486979 9.679931 -2.977522 1.478087 -9.712050 -6.834810 -3.001741 -13.495947 -1.260674 -8.226481 -2.013575 -8.816027 -4.512391 -9.510365 -3.216173 -3.458355 0.154676 -7.057408 -1.128937 -6.284778 -2.882680 -5.347030 0.241826 -5.743702 -1.096746 -3.161627 -3.045530 -4.069677 0.129685 -1.279063 2.015682 -3.397398 0.258661 -1.831943 -0.379642 -1.195357 3.114618 
2769507394009837714.mp3 :-93.009860 51.248485 11.068355 25.942703 2.058497 6.945262 4.733801 2.636892 2.703955 8.892321 -4.166347 5.009868 -4.323453 -1.086135 -4.825504 0.958055 -4.237923 2.093869 -3.860827 5.379876 0.535291 3.579899 -2.408695 -0.289303 -4.841292 1.820051 -2.996543 2.520951 -4.284233 -0.389357 -2.391332 0.877903 -6.109345 -1.596295 -5.342853 -1.590711 -2.885880 1.564180 -1.996825 4.392713 
2771698821326647132.mp3 :-149.846245 36.747466 -7.210347 13.810166 0.136787 -1.034112 -11.831481 -1.485177 -13.918412 -2.386522 -14.184868 -0.099944 -8.465184 -2.286799 -8.471206 2.664030 -2.571512 5.893237 -2.492070 0.855098 -7.964752 1.752367 1.542471 6.862764 -0.583101 1.515977 -5.104656 -2.835087 -3.230214 -2.247006 -5.971205 3.716265 1.754589 4.505906 -1.587092 2.038614 -5.416639 -2.683825 -4.705816 -0.807603 
2774410623684626008.mp3 :-116.853173 55.679803 -7.528682 21.498313 7.592918 0.173409 7.749253 0.379824 -12.310556 4.006384 -10.396595 1.423844 -9.366028 -4.687818 -9.486189 -0.527803 -7.827908 1.704852 -3.365975 3.181486 -1.631523 3.760663 0.908767 -1.077000 -2.784519 2.271301 -6.312808 0.083576 -1.080163 3.933877 5.585498 3.190217 -4.618275 -1.957049 -5.360523 -2.022532 -1.816034 2.927951 -0.434844 2.231567 
2761002904091736209.mp3 :-194.648594 125.621082 27.427589 33.260326 1.814575 9.129229 -4.279190 5.066393 -7.787788 4.723242 -2.349584 2.321275 -3.256605 0.732947 1.244243 -0.388120 -3.070862 1.553388 -4.338329 -2.948023 0.965942 8.698111 0.345599 4.265808 -0.752903 -0.768641 -1.573045 1.812296 -2.376944 1.075240 -3.597307 0.959194 -0.131637 1.694585 -2.798205 -2.277291 -4.879984 -1.733222 -3.313480 -2.644718 
2695957002907307839.mp3 :-113.397308 89.938138 16.950688 25.299434 6.905142 1.203081 2.513248 -0.019838 -8.619805 9.120139 -11.179300 -2.040254 -3.821707 0.460639 -7.402661 1.608433 -4.514169 4.512917 -2.539622 0.795812 -2.586709 -0.136546 -4.182523 -0.060549 -4.738261 -0.571232 -5.114818 -1.194521 -0.665860 2.866178 -1.626095 -0.649012 -5.643857 -0.185489 -0.006537 1.431800 -2.456435 0.904582 -4.386937 0.749549 
2719252812234206509.mp3 :-103.330812 88.124446 18.087051 12.970237 6.219537 4.614557 6.357756 0.367512 -7.228108 6.566388 -5.129245 -2.116714 -7.234950 -4.405755 -5.149201 -5.499190 -5.677631 0.208612 -3.988529 4.498348 -5.217682 -1.554176 -6.814462 1.972076 -4.939177 4.918351 -4.602691 2.803828 0.002881 3.865468 -2.695802 -1.394516 -3.738660 0.605517 -2.090317 0.881324 -3.139509 -0.101910 -1.941085 0.717296 
2729988459228400179.mp3 :-107.689084 105.015732 6.680425 25.609763 -0.321094 0.849267 -4.275903 4.618981 -14.749429 2.715876 -9.589129 -6.066018 -8.599862 -2.937393 -4.335326 0.139434 -5.044683 -0.414588 -2.836876 1.652546 -7.265260 -2.493961 -4.937908 0.958482 -2.684909 2.228586 -4.528675 1.558557 1.034829 2.065193 -5.566250 -3.103446 -4.139101 3.581884 -1.755839 0.828417 -3.856260 -2.405727 -6.026063 -2.010615 
2776916219995293459.mp3 :-161.768845 132.092748 -6.631310 6.755594 5.188582 1.313407 -11.290669 2.651202 -16.543996 -4.075081 -3.357355 -13.942459 -3.193848 -3.989466 -7.822992 -0.637133 -4.445031 -3.466077 -3.801441 -2.280034 -5.427094 -0.205708 -2.463224 -1.091262 -2.379160 -0.260100 -6.029993 -2.234028 -1.588758 1.667079 -2.124111 0.322945 -6.319565 0.537433 -0.972763 2.424443 -0.168321 1.651811 -5.082286 -3.313227 
2740400425654213414.mp3 :-216.287241 91.071470 3.988967 2.014486 -9.390637 -15.464217 -4.257720 -12.310637 -20.073285 -3.631928 -27.508287 -6.121808 -20.405556 -6.483925 -8.642483 0.411403 -1.020016 3.854417 -6.167226 -2.350903 -6.672768 -4.901573 -3.300190 -0.021012 -2.765943 1.979447 -3.591554 0.971072 -3.126985 -0.882911 -1.331892 0.564054 -4.266492 -0.663966 -1.869898 1.938204 -0.548244 1.112399 -3.196788 -0.229902 
274847585224995450.mp3 :-142.336550 100.329924 35.390353 24.089446 9.465730 1.380175 1.864591 4.425280 -11.797280 4.667874 -12.869629 0.044836 -4.317339 -0.012714 -4.912508 1.183257 -5.173028 -1.215033 -6.113020 1.794912 -2.160158 3.724829 -1.816445 1.725703 -6.009443 1.951571 -2.272049 2.170167 0.114126 -1.179653 -2.672414 5.156875 2.022157 1.020476 -4.931494 -3.229703 -6.251064 -1.691279 -1.962897 3.648148 
2765351107100801229.mp3 :-140.248870 80.607520 34.787620 31.264484 2.026781 19.717839 3.900201 10.162910 -2.451459 2.394721 -4.041009 2.381146 -1.853931 1.000233 -3.140732 0.861577 -4.864149 -3.723778 -7.368797 -2.911994 -4.129189 -0.185498 -6.692628 0.351040 -3.010760 0.444922 -3.756898 2.209037 0.846027 3.190487 -3.152891 -1.510625 -5.188112 -0.788862 -2.515000 1.938288 -2.021586 -0.924653 -5.574757 1.023216 
2703858074915464779.mp3 :-144.237093 97.165167 15.668065 35.207907 -7.121231 -1.467419 -7.502103 -0.411326 -21.658876 3.780362 -18.251682 -8.433860 -7.275503 -8.395778 -6.305521 -4.116744 -6.393526 -2.917760 -6.745154 -1.932225 -4.163968 -0.818511 -3.762428 -0.500160 -6.441407 -1.997470 -3.018912 0.002199 -2.140116 -2.059536 -3.643222 1.290490 -1.672853 -1.692420 -5.161432 -3.898344 -6.448640 -2.852359 -3.167324 2.203416 
2747327386534911831.mp3 :-128.149887 107.015686 8.761969 9.010831 8.888718 -3.989047 -2.261578 -1.366742 -10.813791 0.360306 -8.542522 -3.732597 0.544976 2.099936 -4.136468 1.538707 -7.092402 -2.264417 -7.792045 -0.395979 -4.272078 0.506343 -6.384099 1.132493 -4.303938 0.096370 -2.005063 2.064363 -2.745733 -0.162757 -5.885030 2.408991 -2.179512 -1.187925 -6.313440 -3.376094 -7.784115 -1.370165 -4.164851 3.281752 
2804885924177771151.mp3 :-147.708736 75.084269 14.688747 20.357326 5.286801 11.967763 7.647812 5.764109 -3.604418 5.653700 -9.727625 1.405771 -4.250108 3.483964 -2.352697 1.231094 -6.648596 0.073341 -3.201271 5.777573 -0.766905 -1.787387 -5.279872 0.142867 -1.889164 6.021746 0.768192 3.440005 -1.142818 -2.752673 -8.131126 -0.846519 -3.901879 0.700521 -5.133103 -0.103185 -4.837497 -0.677915 -0.674114 3.423323 
2809690890250939862.mp3 :-63.953336 96.090585 4.788490 25.210071 6.002012 15.291489 0.217500 6.583095 -6.224604 4.818183 -0.411696 3.175187 -2.289090 2.906730 -0.720029 2.686316 -2.442134 2.387497 -4.965015 -0.004465 -2.164191 1.981661 -5.088330 0.526872 -4.716659 0.952605 -3.309503 2.431768 -1.879987 4.613191 -0.094864 -0.396074 -6.806566 -0.865759 -4.353025 0.680736 -3.200590 0.698987 -4.404899 -1.381961 
2713879051130100044.mp3 :-195.343370 94.109541 10.242692 34.203348 0.872799 0.880096 9.893601 7.808174 -5.133716 6.485562 -14.395353 3.743989 -4.895277 -1.132541 -7.468908 -5.399360 2.266103 7.305913 0.088157 -1.611482 -7.491584 -7.085413 -4.986152 -0.100246 -1.603416 1.537432 -0.408614 -0.455586 -5.802721 -1.830636 -1.149303 5.126009 -1.878502 -1.467491 -1.896740 2.690391 -0.661161 0.025614 0.102137 2.224862 
2798540202614398679.mp3 :-235.924797 113.998910 -4.196035 6.104212 9.626431 2.090893 2.227267 -1.084702 -8.115744 2.154009 -7.364187 -1.644831 -8.108737 -3.088653 -4.802677 -3.007428 -4.983685 1.355013 -4.090023 5.340872 3.330214 -2.423347 -2.852748 -5.002655 -6.879720 -1.716739 -2.568741 0.635981 0.972571 0.838214 -4.476296 -4.915199 -3.754570 0.884264 -1.370012 1.371880 2.347430 2.255659 -0.563875 -0.480572 
2772712012354979855.mp3 :-281.559242 106.663169 46.750541 27.521153 11.591634 -1.661792 -2.450955 -6.597829 -15.466448 -3.849870 -13.700820 -6.102472 -6.677512 -3.907241 -4.730185 -5.648258 -4.041823 -1.777376 -2.842668 2.452132 2.297705 3.611183 -2.842964 1.246410 -3.702353 -0.339865 -2.676729 -0.196516 -1.850407 -0.076669 -5.842500 -2.975634 -2.815393 0.427928 -2.271667 -0.126651 -2.169317 -1.228876 -2.531563 -1.025633 
2793896358395272723.mp3 :-126.997247 100.042931 5.597536 37.375523 -1.552256 12.572040 -0.467253 6.020280 0.816392 10.153308 -0.511212 2.454152 -1.575019 3.439813 -3.628901 -2.036134 -7.264179 -2.201723 -3.152729 0.582508 -3.832843 -4.498323 -8.313989 -4.570768 -2.634925 2.760362 -7.324286 0.360409 -3.999672 -0.022732 -0.853658 4.557158 -2.741455 0.574560 -6.179353 -0.250210 -3.228655 -0.829490 -1.419795 -4.122665 
2748320018755845448.mp3 :-162.076812 112.198512 1.776471 31.324006 20.712789 11.531735 -1.313739 8.437372 4.107225 5.356838 3.888431 2.789296 -4.686860 2.386732 -0.339787 3.443357 -3.467922 1.924590 -3.728856 1.491488 3.335633 1.884208 -9.351206 -4.632122 -8.454621 -1.075365 -2.851036 2.838941 2.949615 5.584942 -4.669236 -2.135549 -2.613474 2.125610 -3.928425 -0.002954 -2.308640 0.668961 -2.366178 -0.808821 
2769457184436931129.mp3 :-45.284519 85.099371 2.108033 26.275157 13.235479 5.183742 0.774010 6.012709 -6.562756 2.938661 -7.716613 -0.050566 -4.359861 1.160681 -4.835807 4.193757 -5.019360 -0.315197 -1.085796 -1.761690 -7.975542 0.038912 -6.221903 -3.800889 -7.471236 0.271867 -6.635702 1.286949 -3.791090 0.279871 -1.771411 3.046971 -0.390602 5.203636 -1.003111 3.227562 -0.545956 1.038051 -6.328483 -2.843560 
2793703140793299469.mp3 :-184.421611 102.962342 24.405939 17.714748 9.350385 -13.384827 -8.945420 3.360641 -29.364822 3.317453 -18.132180 -10.312230 -6.422464 -16.219635 -6.269003 -10.190473 -18.300945 -6.880900 -15.051720 -9.595988 -14.048896 -9.673723 -13.231138 -6.010823 -7.998056 -5.310700 -5.420967 -0.138741 -5.794529 1.210288 -10.337406 -6.341624 -6.926259 0.531848 1.094867 3.650300 -1.072012 4.362880 -1.853665 -1.187358 
2782710328962962673.mp3 :-116.853173 55.679803 -7.528682 21.498313 7.592918 0.173409 7.749253 0.379824 -12.310556 4.006384 -10.396595 1.423844 -9.366028 -4.687818 -9.486189 -0.527803 -7.827908 1.704852 -3.365975 3.181486 -1.631523 3.760663 0.908767 -1.077000 -2.784519 2.271301 -6.312808 0.083576 -1.080163 3.933877 5.585498 3.190217 -4.618275 -1.957049 -5.360523 -2.022532 -1.816034 2.927951 -0.434844 2.231567 
2794636907235391338.mp3 :-118.433000 69.704539 10.613624 31.402682 14.616889 2.406880 3.865221 10.757559 -10.749821 8.581016 0.241992 1.145083 -2.114909 7.493702 -3.721796 3.951226 -5.186923 -0.750935 -6.599318 -2.663348 -5.544748 -2.313626 -7.816860 -3.114431 -4.464693 0.248482 -1.109102 3.370620 -3.951184 -0.064817 -0.389020 3.322953 -5.808668 -1.505742 -6.096334 -2.704437 -4.319806 0.449632 -0.635710 3.012393 
2750074026802672420.mp3 :-145.331128 106.738756 3.075272 12.734237 21.612169 1.328469 0.552181 11.323813 -11.034352 4.421246 3.162986 -8.041635 -0.813393 -6.414799 -9.208465 -0.359502 -7.116267 -2.599041 -2.498962 -5.933284 -6.015076 0.660080 -5.275417 -4.039898 -4.420677 -3.533875 -8.442079 -2.741138 -10.228462 1.650452 2.968231 3.190591 -3.894608 -0.044807 -1.795582 -0.236912 -2.119375 -0.552483 -3.586052 -2.235980 
2794019521044396194.mp3 :-84.602312 65.342312 33.641209 25.367981 14.242993 7.933020 4.997175 9.323024 -1.853840 0.969516 -4.443309 1.223853 -7.249389 4.015817 -3.468992 -0.119932 -4.980300 3.111569 0.110200 6.389536 -5.209928 1.521116 -3.772508 4.455230 0.711541 6.353063 -0.503456 4.050753 -0.581446 1.850569 -5.626874 -0.282888 -2.934371 2.779768 -1.824433 1.398714 -2.148325 0.506172 -4.823662 2.357292 
2737479953939813749.mp3 :-66.277353 86.881684 3.020025 25.395197 -5.457507 16.065018 -3.437463 1.610453 -6.832915 -0.225337 -3.125678 -1.455204 -6.579924 -1.796896 -5.546265 -0.471460 -4.511362 -0.666715 -3.511045 -0.942401 -5.661252 0.179947 -1.259069 2.105739 -4.159252 -0.088127 -3.944341 -2.678744 -6.447966 1.829505 1.524857 1.586889 -2.683258 1.122900 -4.063627 0.483633 -3.719501 0.786137 -4.206360 -2.027522 
2803536176485406602.mp3 :-134.212722 81.711702 30.710552 29.643933 5.547507 8.344102 0.858577 1.121290 -6.859527 2.868033 -2.055609 -0.417697 -7.508546 1.017721 -3.896001 -0.953738 -6.168119 -0.817555 -8.136868 -1.164435 -4.877530 -0.314908 -8.258006 -2.503074 -7.855859 0.068401 -6.203853 1.364650 -0.032558 0.499432 -4.210267 -2.020967 -3.214283 2.381837 -2.802004 -1.434195 -3.525298 -0.686371 -3.846729 -0.127907 
2799664670512738085.mp3 :-83.394461 102.811301 -1.608248 17.335919 12.891593 12.129857 -2.040102 4.274353 -3.733336 4.175159 -4.397758 -4.052858 -4.271624 -1.200262 -5.544443 0.245076 -7.529466 -3.531660 -6.887638 -2.593565 -4.186994 2.611219 -3.775305 0.730540 -3.670122 -0.823542 -8.272673 0.197632 -3.692038 -3.250340 -7.907149 -1.134419 -1.890650 1.263797 -4.761906 -0.539152 -1.414694 0.815267 -4.800725 -1.631434 
2731549555796354170.mp3 :-105.111969 49.175750 13.510786 31.560364 5.998309 24.475348 1.562477 12.283472 0.139533 7.765879 0.877760 4.388038 -2.436522 5.182085 -2.864067 4.501280 -1.611563 1.782236 -2.580342 2.499023 -1.734910 3.692106 -1.945442 3.752766 -1.901014 2.761626 -1.475066 3.317924 -1.351938 4.713625 1.076898 1.879794 -4.665522 0.847097 -3.179682 0.531939 -2.301449 -0.345539 -4.494996 -2.013745 
2798926571031501571.mp3 :-286.543994 72.604232 4.414762 18.216076 6.107714 4.045487 -3.492220 3.281824 -4.780708 -1.181886 -4.207207 -0.637540 -6.026514 -2.417548 -4.565214 -1.395979 -6.859485 -1.598234 -4.038257 -3.155548 -7.853580 -1.888604 -5.781349 -1.717753 -3.461832 -0.505994 -3.856995 -0.819748 -5.745283 -1.727836 -2.473880 -0.127345 -3.374077 -0.004311 -2.984469 -0.649190 -2.809478 -1.130020 -2.898390 -0.344042 
2702833352894619444.mp3 :-167.713725 94.786666 -21.832767 30.487878 3.396691 9.323050 3.005705 6.869142 -5.117383 8.404636 -1.804802 -2.198730 -4.482804 -0.782322 -2.262250 0.889549 -2.646806 1.199040 -5.697985 1.776552 -3.784130 -0.103593 -6.821811 -2.124219 -2.557418 -0.319904 -2.395983 0.139297 -4.821007 1.155971 -3.191310 -1.879684 -6.684650 -2.265552 -1.302280 2.730199 0.544594 2.158502 -2.066790 0.119378 
2806728351417664792.mp3 :-153.643826 89.410298 11.881793 39.160673 9.140844 8.820589 3.266199 4.253954 -7.024558 6.967732 -4.194850 1.754851 -6.581901 -2.217771 -4.979222 0.815225 -2.514000 1.858578 -5.090991 1.526086 -6.845696 3.323425 0.403619 5.321598 -4.803689 0.299189 -6.122898 -4.903108 -8.714751 4.800621 8.441734 5.361783 -4.140415 -2.100712 -3.018954 0.686354 -3.208634 0.428361 -2.447255 0.187430 
2781182133425863061.mp3 :-167.908921 97.351214 8.674718 27.634565 0.048294 8.176044 -8.305885 -0.368845 -10.579027 -2.013824 -3.020367 -2.467244 -7.091633 -0.140240 -6.934711 -0.229473 -8.413104 0.466498 -6.967962 -0.748495 -3.756067 -4.595370 -4.436191 1.328812 -2.361377 2.355136 -1.317816 2.531748 -2.911891 -0.772702 -4.972079 0.319918 -0.583857 3.221161 -2.331805 -0.174495 -5.149021 -1.771808 -2.267426 2.894629 
2773333005786765850.mp3 :-77.178167 54.398332 7.775804 15.492628 14.417168 -6.350608 12.680858 -0.166979 -0.715344 4.840579 -5.355943 3.599950 -2.773318 0.230721 -1.272604 -1.574842 -5.531852 6.392428 -3.189905 4.692583 -7.074926 1.381607 -2.206363 4.926816 -6.600431 4.569265 -8.941958 0.129845 -6.197052 1.668386 -2.879140 -0.808768 -5.455664 -0.868058 -2.147613 0.654854 -1.644345 1.253360 -3.218891 -1.156694 
2768349920522859584.mp3 :-96.344756 97.012113 4.031529 21.710509 2.984338 14.478228 0.907011 8.005564 -6.971675 6.952982 -15.071092 -7.315213 -2.036830 -5.201299 -3.211276 4.540251 -3.028260 4.079875 -4.204169 2.411903 -3.087401 -2.697227 -4.698337 2.203384 0.274752 1.904582 -5.338608 1.394659 1.818130 -0.092388 -8.654476 -1.189062 -4.953315 1.795932 1.021328 0.916080 -4.262875 -2.972887 -4.664167 1.284806 
2699929244055804556.mp3 :-116.927939 106.092616 13.235728 24.760745 5.903937 9.541263 -3.726892 6.295627 -11.476446 6.807333 -7.807980 0.630501 -2.808318 -2.948739 -2.883832 0.141125 -3.279829 -0.387119 -6.476395 1.506610 -2.234556 -2.199258 -5.931316 -3.770468 -5.997877 1.343708 0.404210 2.798444 -2.060322 1.515646 1.655543 4.960015 -2.043349 -2.371817 -7.211171 -1.620398 -3.024079 1.455372 1.151284 3.177889 
2707520164108655969.mp3 :-78.377117 109.218600 17.393913 18.074451 0.812077 7.915772 -2.243054 3.842545 -5.330268 1.665761 -1.333015 5.463989 -0.129049 2.711365 -0.135806 1.420259 -1.076747 4.514875 -0.055907 0.654901 -4.619066 1.801510 -4.669739 2.143986 -1.999832 3.806943 -6.041994 3.391948 -0.446779 2.291675 -1.768702 0.161914 -5.297165 1.337354 -2.220211 3.258317 1.427314 3.656413 -2.581604 2.293306 
2723433497135279128.mp3 :-113.874872 94.170183 15.257148 24.401113 5.278192 3.933627 -4.679018 8.050003 -10.348477 2.047406 -3.250392 -4.428291 -6.746296 -1.021276 -9.666280 0.679959 -6.478619 0.158860 -4.060576 -1.385908 -5.486316 2.326927 -3.816343 0.136313 -3.541041 -1.517144 -8.907245 -1.814082 -7.260343 2.249827 0.937437 3.286464 -6.306578 -0.263437 -4.040331 0.776486 -2.149606 -0.151690 -3.737609 1.508518 
