3378030477511916985.mp3 :-29.002449 71.882606 0.855795 29.195058 5.000684 6.349759 -3.860378 7.591979 -4.517797 7.114734 -3.487941 2.011554 -4.045520 2.934382 -3.298141 -1.470175 -7.491684 -2.224153 -7.708681 -0.604182 -7.152862 0.303195 -5.517737 1.677911 -4.290582 -1.290724 -4.740927 0.804930 -3.178030 -0.681913 -4.644974 2.443963 -0.183346 1.770336 -2.851441 -0.683169 -4.420165 0.038803 -2.486227 0.284517 
3398912263883974927.mp3 :-284.508522 178.086943 -1.947957 -3.475950 6.056191 -0.589850 -6.965399 -6.635906 -4.360163 -6.315775 -6.925659 -4.952650 -6.120176 -7.046313 -1.485211 1.602334 -2.020531 -4.282972 -6.007680 -10.332304 -8.056845 -1.793849 -1.814850 -4.785424 -5.869027 -5.001692 -5.947787 -11.813712 -11.724207 -0.535926 6.956274 2.015341 -5.014317 -5.061495 -0.525329 0.188994 -1.459391 -3.152820 -7.694609 -7.132715 
3342842033136045548.mp3 :-179.255438 137.183830 -0.262530 14.421763 0.886212 -4.694871 -4.671253 6.815968 -12.818334 -6.965997 -5.281187 -11.108973 -5.448163 -2.675508 -4.729801 2.199289 -4.870167 -2.558935 -7.799852 -0.470319 -4.543837 -0.392178 -3.521414 -2.726249 -6.558870 -1.660410 -4.865153 -2.110016 -2.685706 -0.333633 2.049156 1.033052 -4.834852 -4.830844 -5.135191 -3.260877 -3.994568 0.817006 -2.097444 -0.973703 
3351887568059345315.mp3 :-44.054216 71.319146 13.312317 25.907986 6.774039 13.977155 14.160617 1.777378 -2.653522 7.495093 -7.590460 4.908136 -2.554501 1.276961 -1.569130 -0.062458 -0.995405 2.410906 -8.362141 0.512887 -3.764073 3.924410 1.029243 1.699550 -2.873730 1.805865 -4.149714 0.950203 -7.101885 -1.471779 -0.031313 3.755456 -5.332941 -1.756902 -5.561148 0.957046 -3.387926 1.336782 -3.644953 0.944103 
3342098384210074126.mp3 :-97.760331 72.329045 8.728265 32.758504 3.208076 13.373525 1.093779 1.427975 3.672939 4.826648 -1.548190 2.205327 -2.644711 3.628844 2.217014 8.392865 -0.049377 2.767593 -4.274617 5.677633 1.064208 5.794222 -2.562338 0.174614 -3.564939 1.300650 -2.132909 1.511940 -3.690824 2.721452 1.189551 4.907861 -1.437015 0.192814 -4.606526 -1.577882 -3.645560 1.022300 -2.453340 1.904319 
3370745534304229181.mp3 :-192.090799 134.005662 -6.429671 24.372596 -1.663638 -2.446808 -6.939457 -11.427134 -0.653303 2.472869 -15.140613 -8.555852 -10.261609 -1.795836 0.284659 3.978709 -5.277951 -0.662946 0.013989 2.093786 1.171560 3.239184 -2.217095 -2.022012 -3.138930 2.971555 0.123873 0.813027 3.447984 3.838993 -2.778725 -2.826941 -0.401724 0.756645 -5.165426 -2.575667 -2.407953 -1.117446 -0.823678 0.421359 
3355627874112675960.mp3 :-55.374789 83.675329 19.778092 25.245628 13.863791 2.446612 -3.870488 7.153354 -10.229156 -1.180512 -5.795226 -2.641157 -2.931682 0.228843 -0.303678 -2.177953 -5.689045 -3.774364 -5.399878 2.890627 -4.770770 1.054324 -3.591466 0.694949 -1.104010 2.652276 -3.642368 3.168099 -2.989702 5.162836 1.860577 1.007042 -5.040700 -2.166587 -7.361806 0.580482 -2.693142 5.939715 -1.414359 0.579302 
3396803988143841138.mp3 :-51.510233 70.259810 12.302531 20.850126 5.805041 8.358328 3.141714 8.730473 -1.897240 3.629680 -7.566922 1.316925 -4.576533 0.027363 -2.112187 6.637543 0.857741 5.633219 -1.891798 2.664947 -3.786902 1.256678 -1.318055 -1.013103 -9.083012 -2.921306 -5.417173 1.222967 -5.199825 -2.289144 -2.603646 4.838259 -2.256550 -0.104852 -4.213738 -0.612147 -5.493992 -0.722973 -3.875125 -1.389569 
3350591589239777066.mp3 :-142.140479 91.308437 -2.738790 31.684370 5.207492 10.719923 2.641205 9.690967 -1.887101 10.638804 -2.811215 4.866030 -7.262189 2.394792 -3.504578 4.999053 -4.975047 1.118493 -2.433396 6.373528 -1.519337 -3.002174 -7.512753 -1.277049 -3.836121 3.048884 -1.555313 1.762946 -3.883176 0.491850 -2.511053 0.253214 -3.814415 -0.215646 -3.328739 0.454415 -1.092031 2.643620 -0.631905 2.584471 
3374818888410787847.mp3 :-211.036511 118.555299 12.803786 29.295098 9.570630 -0.085967 -3.200787 5.842736 -11.013780 -0.659436 -5.082932 1.632088 -3.309008 0.803753 -2.716050 -0.421161 -5.253883 -1.148573 -1.923647 1.824968 0.075806 5.113401 -4.919465 -0.514611 -3.387027 3.122965 0.157069 0.728056 -1.038300 2.268186 2.108758 4.237601 -2.812505 -3.606962 -6.824204 -2.016325 -1.933373 0.189684 -0.497433 2.086668 
334226133506564965.mp3 :-126.718165 76.025702 4.882738 27.332776 6.746582 12.724988 -1.600849 11.316004 -0.055333 7.941733 0.388878 8.060392 -1.883790 4.544939 -1.194939 4.241772 -1.951044 4.860300 0.187891 3.718738 -1.145371 4.130337 -0.985522 2.841146 0.671991 4.196778 0.383260 4.266085 -0.848822 1.824017 -2.478609 1.825279 -1.161209 1.686829 -2.535299 0.996601 -1.833538 0.760256 -2.666764 0.272272 
3361196724261076531.mp3 :-192.501553 114.113823 -12.724143 20.083376 19.144995 -21.953226 11.174346 9.758041 -26.027293 19.578024 -16.704139 2.857564 -0.871099 -10.342704 -0.958907 -4.060544 -14.050803 2.479460 -14.071672 0.994574 -4.741441 -12.762363 -11.651626 -0.416289 -1.825542 5.282465 5.359061 2.751359 -6.013660 -6.755715 -8.303028 -0.732296 -1.500206 -0.061931 -5.101673 0.085187 -0.153595 2.907135 0.269887 -3.014884 
3329833577546335925.mp3 :-128.732619 119.363251 15.241194 9.131246 6.753548 -4.731773 10.322306 0.329815 -4.515386 1.975137 -6.815185 1.552305 -7.451253 -1.036448 -2.906627 -4.641802 -3.570542 1.488263 -6.477012 3.270842 -2.883680 4.495706 -3.645814 5.030586 -4.797474 1.862177 -2.047872 0.396200 -4.975541 0.428118 -2.676079 1.845878 -0.755377 -0.468405 -4.194049 -1.596465 -3.906842 -1.319020 -3.557488 -0.148077 
3368983057065501309.mp3 :-59.383744 72.447233 -2.500734 21.695231 -4.148438 7.795665 2.174068 -0.631392 0.231340 -0.532606 -5.684347 0.311823 0.219119 2.581539 1.117340 8.102389 -1.731798 4.633921 -7.699805 0.807447 1.128324 4.436193 -1.039702 -2.001366 -4.201105 0.837271 -4.725516 1.814086 -3.297321 4.411481 0.151652 2.935911 -4.377191 -1.359101 -5.592751 0.273714 -0.678045 2.642426 -3.116774 0.464633 
3360822127880719897.mp3 :-161.892687 102.012686 -11.767023 15.465922 6.833563 2.710335 4.649398 -3.139423 -4.953108 -0.277369 -6.940543 2.693621 -1.570927 0.183033 -0.276837 4.853082 4.219176 7.401276 -4.372773 -1.703614 -9.868163 0.014051 2.719679 7.284970 -0.648694 2.897001 -4.532819 -3.466281 -4.987141 0.271936 0.726614 5.462636 -4.671000 -0.716305 -1.019791 1.037745 -4.076266 0.508483 -2.574461 -4.780490 
3348532682475198069.mp3 :-68.932517 75.550208 1.238634 21.624522 -3.473923 1.428198 -8.637373 -2.979114 -1.755913 1.048325 -8.054418 3.300931 -2.800554 -0.255918 -2.216935 -1.751188 -4.072448 2.146198 -1.527205 1.711083 -2.756840 2.881882 -7.195805 -0.566044 -4.818217 -1.690554 -6.479922 -0.053758 -3.127365 -0.261887 -8.057730 1.715934 -3.859362 0.396563 -5.385036 0.339089 -4.142581 -1.306577 -4.471890 1.070400 
3398253024956654004.mp3 :-282.347016 120.093278 -51.552238 79.593121 -31.473091 -17.715711 8.550902 -16.350451 -8.705496 -6.720625 -6.083414 -10.316468 -4.246727 -1.302572 -6.246844 2.586552 -5.023761 -3.141322 -0.014601 -2.758491 2.144543 0.949842 3.224107 1.028205 -0.258304 -1.335123 -1.617031 0.698392 -0.700301 0.767665 0.337904 -2.291133 3.102797 2.689909 0.685574 0.026044 -1.433667 -0.623011 -1.466003 -0.832790 
3327527520522031681.mp3 :-189.101074 117.728451 3.688326 20.349040 4.713636 5.611705 -11.506750 -2.552454 -13.183947 -6.406489 -4.895546 1.383084 -4.990396 -7.267753 -3.427541 -1.523070 -6.584203 -1.271107 -3.218640 -0.906841 -0.260193 4.522674 -3.405755 -1.223465 -4.174892 0.125433 -5.791926 -1.598432 -7.469776 -7.285351 -3.032997 6.597849 0.174570 -3.582825 -5.260795 -1.615522 -5.903772 -2.908806 -6.691987 0.173109 
3377876948215270062.mp3 :-116.106876 82.304813 2.222522 23.061692 -2.364674 0.754912 6.957130 -8.135433 1.817540 -4.427711 -5.895682 0.621906 -5.502952 1.085322 -4.669659 5.947485 -3.659288 3.218964 -6.826243 -0.643135 -0.809196 -0.764450 -5.551063 -6.256008 -2.902212 3.023936 -0.567025 1.896939 -1.326317 3.083451 -2.868207 -1.650922 -7.281498 -2.023285 -4.932008 0.636720 -3.612091 0.676123 -1.044191 2.286576 
3352426118037349495.mp3 :-104.517139 87.650663 25.183926 31.500776 12.289589 11.189108 -6.669397 11.431941 -10.507587 -0.807049 1.521077 -7.769664 -4.727688 -2.075168 -7.080524 -0.457268 -7.009125 -0.709171 -7.091505 -1.168927 -7.381629 2.130923 -4.005530 0.498952 -3.945487 -1.439360 -6.836989 -0.504771 -9.222009 -3.916891 -1.976819 6.222871 3.367893 5.738993 0.149841 1.719365 -2.462616 1.268687 -3.798751 -0.159346 
3363530447860924382.mp3 :-191.949309 81.754856 -16.059985 31.305748 -9.545548 -2.535513 -11.247422 -2.478016 -13.496107 2.924630 -8.026193 2.198947 -4.542661 -2.133257 -6.221608 -1.051233 -10.163906 -2.055299 -7.509245 5.995153 -6.396389 0.443588 -9.522216 2.722930 -0.376217 3.217113 4.092796 4.755768 -1.266891 7.489819 0.731541 -6.567186 -7.535230 2.739170 1.168386 6.288170 2.201720 4.947877 0.635931 1.292044 
3398430367182281173.mp3 :-47.101180 76.474562 16.402638 17.570327 1.794112 8.348700 -1.227640 -3.098627 -1.968747 3.944352 -8.996713 1.097551 -3.579500 2.823172 -2.943713 3.656032 2.056202 6.418155 -1.692012 5.235735 1.557165 5.343447 -4.940219 1.586995 -3.709957 3.090882 -1.395671 3.126238 -4.986639 -1.197863 -4.421326 1.353063 -2.851128 0.239846 -5.596117 -1.170769 -5.714114 -0.380903 -2.285231 3.783923 
3345747540405893938.mp3 :-295.870375 212.816195 -5.944863 -24.241431 -6.248228 -4.814933 -10.921453 -11.018351 -4.991631 -15.124878 -18.390031 -12.676150 -10.600857 -9.320264 -7.890637 -6.519449 -7.325812 -10.049696 -9.156680 -3.974807 -4.637738 -10.039797 -10.217121 -8.011847 -7.008771 -1.452150 1.795884 -2.085344 -0.749360 -1.172012 -6.497764 -4.381431 -0.300225 -0.044278 -1.868465 -3.352147 -3.300290 -3.475053 -2.291042 -1.318617 
3378937797783644842.mp3 :-77.308271 74.130430 18.571267 17.525940 10.733735 13.373776 6.344517 8.137986 1.629168 7.603832 -0.986862 7.122728 0.239215 5.404541 2.093141 8.158781 -2.734240 1.500650 -6.564351 1.753350 2.341876 5.279297 -2.942468 -1.344676 -6.476139 0.147182 -4.420763 -1.279804 -8.052201 4.768577 2.265425 0.550152 -7.058827 -2.238638 -4.639846 2.045607 -3.924689 2.990590 -1.723958 -0.600403 
3349490871672090378.mp3 :-411.458600 161.686796 53.588399 2.551430 -2.317879 -4.274445 -7.788657 -7.095346 -5.292258 -5.034910 -4.766192 -1.923974 2.316964 2.234267 -4.957617 -13.677437 -16.058491 -10.358316 -2.680105 -1.489107 -7.198540 -10.382275 -6.627793 -3.028665 -4.991604 -8.316491 -6.706478 -2.333781 -3.417601 -8.606768 -8.276419 -2.555283 1.303900 2.646395 3.084342 1.645836 0.117404 -0.461657 -2.253277 -2.990029 
3331887262753342314.mp3 :-180.499575 107.845818 -1.803598 32.185076 8.817854 -5.925605 -1.053323 1.026383 -13.430160 1.334941 -8.809135 -4.601419 -4.246992 -5.381989 -11.650804 -5.168423 -10.000490 -3.625100 -4.853818 -0.647280 -6.476837 -6.112591 -7.524023 -2.492663 -1.484508 1.973801 -4.540426 -0.959244 -5.647921 0.489909 -5.514675 -6.970792 -8.299978 -3.051453 -0.891163 2.151276 1.188381 3.364993 -4.676015 -1.654646 
3372941457478787341.mp3 :-57.495730 80.120881 13.180347 29.705526 8.183850 7.712884 3.697608 5.854570 -2.964415 10.706251 -3.490693 3.693042 -1.633691 6.128934 -1.582082 4.621526 -2.648097 6.008378 -0.249821 5.168004 -2.747130 1.221105 -2.589523 2.489546 -2.070884 4.837534 -1.392846 3.134429 -2.467130 -1.538381 -4.599683 3.937548 -0.054361 2.620742 -3.186825 0.552731 -2.964971 1.241349 -1.930541 1.235011 
3404210619572732748.mp3 :-159.965997 108.005149 13.197396 17.914653 8.315498 9.683077 -5.338381 6.348790 -11.451563 4.009222 -6.470562 -3.165862 -3.711829 -1.203877 -3.303532 -3.261608 -7.938742 -1.704261 -7.859629 -4.288394 -7.080376 -3.834604 -2.960634 0.343769 -0.610691 3.493016 -1.152276 3.306612 0.770725 5.654792 -1.214347 -3.543196 -8.224571 -3.142500 -2.690633 1.398363 -4.491238 -2.901058 -5.580282 1.685839 
3377647479423021169.mp3 :-88.864610 85.771162 6.702713 19.432954 -1.658888 5.597493 -3.472461 -2.075932 -3.005227 -2.900318 -4.601216 -0.102731 -7.403001 -3.184573 -2.869151 -1.087260 -5.580944 4.258731 -6.312379 0.580952 -8.344437 -2.728865 -5.422730 1.227525 -3.745779 0.311807 -6.076894 0.248843 -7.324715 1.981456 -3.055336 1.959946 -6.155589 -0.305446 -2.139425 2.137559 -2.227742 -0.055464 -4.699734 -1.670895 
3340847948132011963.mp3 :-77.688968 52.307785 5.331601 26.741316 5.561914 9.156773 3.341467 4.009784 3.108261 7.937327 3.310221 10.681698 -1.768189 2.714851 -0.598229 5.915149 -1.572071 6.682561 -0.336451 1.034667 -5.541245 1.424487 0.419499 6.090118 -1.990014 1.468078 -3.738317 0.095157 -5.655595 1.268221 -1.480592 4.179197 -1.709980 2.797515 -3.363426 2.335253 -2.041225 2.452168 -2.748286 1.340585 
3350081766555162154.mp3 :-150.828476 125.808892 -20.494717 23.144663 8.236470 -15.913657 -2.923360 2.611696 -25.441328 -8.902117 3.978598 -5.584252 -13.216902 6.104382 -12.480678 -7.903403 -3.973798 -2.213146 -4.576155 1.236508 -4.868111 -0.462772 -4.522702 -4.402230 -7.154766 -2.931163 -1.080315 3.390872 5.558782 3.733516 -6.034929 -1.360243 -2.134062 1.100068 -1.215361 1.197113 -5.067154 -2.365607 -2.971453 0.652422 
3397379484603038022.mp3 :-127.524743 92.218964 13.492212 30.421110 8.680121 3.065069 4.314193 0.504896 -1.626367 1.372268 -3.993349 6.117069 -7.839608 0.579144 -5.984143 -2.654919 -3.993903 2.975233 -5.238858 2.783812 -4.204464 2.906709 1.103408 6.856510 -0.050229 2.169115 -4.167660 -1.689389 -8.107706 0.661109 -0.579201 4.498721 -2.186974 -0.865334 -2.677743 -0.880335 -2.539763 -0.072104 -2.051776 0.428109 
3385284847205032835.mp3 :-235.853841 105.850306 -17.461459 22.544063 -5.722941 3.037474 -6.791886 -2.334732 -11.514267 -6.221944 -7.577175 -1.764916 -9.672029 -3.247074 -8.856530 -4.421248 -4.473545 -5.020609 -2.272700 -0.990890 -7.030449 -4.966373 -3.873233 2.521143 1.909067 2.154328 -3.264906 2.680706 -1.839307 -5.050161 -12.549003 -7.758462 -3.404065 3.363690 0.810307 0.561613 -4.448129 -3.737962 -3.807515 -0.232578 
3327868995240122537.mp3 :-134.521150 135.061746 5.402843 4.532282 -5.531254 -0.979481 -11.863678 -3.795384 -18.079320 -4.227556 -15.676680 -4.671088 -4.446447 -8.065747 -0.866618 -5.292162 -2.926451 -1.922617 -4.277772 0.099372 -3.579697 -1.598767 -7.995045 1.914827 -3.691568 1.955449 -3.885296 -1.942297 0.003543 4.080800 -6.784380 -5.498834 -7.547598 2.477418 -0.684005 2.082102 -2.255895 -2.388891 -4.149698 -3.385428 
3332450977076333525.mp3 :-99.634790 97.255817 11.249086 34.863978 9.673887 3.589906 0.720749 2.931554 -9.496390 1.156038 -0.656025 -5.981992 -7.143362 -0.584863 -5.421662 -0.458504 -3.703677 -2.190733 -6.674867 -0.970572 -2.374085 0.335213 -6.096064 -1.421941 -4.642009 0.250322 -3.400401 6.435366 -0.297497 2.013414 -4.153299 -2.507315 -6.190118 -0.161666 -2.805502 1.633593 -2.438634 2.194915 -2.402507 1.666281 
3333238575791459792.mp3 :-76.558098 103.412275 9.082578 27.664012 8.923519 1.399440 -3.862671 12.879721 -11.757142 6.258067 -4.591154 -4.105389 -0.549522 4.866015 -6.365618 3.251592 -8.785797 0.244752 -4.511472 0.415918 -4.986438 -4.404464 -7.313525 -0.168400 -1.346598 0.469707 -2.305228 0.930522 -4.620567 -0.318084 -2.200891 -2.387204 -3.699428 0.355308 -3.235016 3.181828 -0.331704 5.218180 0.413225 -0.562641 
3353907318551125715.mp3 :-112.216953 132.164129 3.911185 19.104764 1.705985 -2.501282 -6.766424 -0.932566 -4.132845 1.689313 -4.308344 3.626092 -6.212245 -3.871885 -7.835064 0.452086 0.879161 3.200660 -4.870439 0.577787 -0.788495 5.216064 0.209461 1.394106 -4.287356 -4.315046 -10.117585 -0.752794 0.158843 4.110596 -4.326497 -4.788367 -2.994807 2.346349 -0.629664 2.257259 -4.416419 -4.211533 -6.407661 -3.055192 
3382304523364973378.mp3 :-275.759783 139.942833 -4.508509 17.689006 13.641601 1.492389 1.672866 -0.806393 -5.073063 -1.641887 -6.631497 -0.083296 -2.995204 1.605656 -1.527578 0.460209 -3.249669 2.302097 -0.309919 5.506988 2.320272 4.170158 0.581239 6.159405 2.122880 2.498166 1.915004 5.181324 1.826740 0.207574 -4.852000 0.255069 -2.137777 2.466113 -1.618655 0.668190 -2.975482 -0.990475 -3.278942 1.786740 
340111877280851026.mp3 :-12.802878 67.544521 6.706111 25.553903 4.842775 9.432307 -0.232772 8.140633 -3.975557 5.016025 -3.092729 1.427757 -4.160834 1.434894 -3.804764 0.694830 -5.254535 2.212262 -3.679391 0.488699 -4.494136 1.477643 -3.885142 1.998365 -3.203414 1.843627 -1.624238 2.799852 -3.133315 0.995092 -1.559026 4.037631 -1.230261 1.814030 -2.107339 1.775515 -1.232566 2.524253 -1.336840 1.587628 
3371993831699828856.mp3 :-56.064857 39.774467 14.787472 18.621052 3.076834 11.136515 8.660698 7.362022 5.147162 10.433677 0.863917 7.795618 -1.873066 6.807136 -2.222304 3.010311 0.053965 5.955939 -1.826952 6.015663 -1.566099 3.953567 -1.051625 3.258860 -1.075220 2.818178 -2.321948 2.665822 -0.701783 3.178014 -3.351179 1.715564 -2.884915 1.514232 -2.469229 -0.116622 -4.361397 -0.051271 -4.276812 -0.400229 
3357959344341591607.mp3 :-96.605883 68.352697 23.418639 30.017363 2.858825 -2.577272 4.716952 7.871728 -5.576248 6.704230 -8.642239 2.936695 -3.051303 2.250037 -1.665243 4.104074 -2.632127 3.434862 -0.370943 1.174606 1.474880 4.140429 -3.482375 1.362125 -1.218070 6.730105 3.367177 5.980399 -0.176630 5.279143 -3.556917 -1.862319 -6.147810 -1.801137 -2.254751 3.335833 -1.024332 2.705698 -1.233894 0.887245 
3376354308595336892.mp3 :-235.864605 122.024824 23.121919 19.471597 6.525452 3.292758 1.599284 -1.669559 -6.510464 4.018697 -11.062837 -11.766959 -10.172005 -0.438138 -2.821258 -4.967196 -4.575677 3.490592 -4.606347 -6.338356 -7.084456 10.092795 4.227361 2.615737 -3.802775 -3.204123 -9.071206 -4.850445 -9.433933 -3.562224 3.926952 3.452732 -4.682513 -2.778977 -5.677657 -3.833908 -7.342855 -4.320906 -3.466258 -2.454323 
3331316702360241187.mp3 :-125.591805 93.489202 17.681842 32.025474 6.686518 7.939234 1.165550 2.246048 -5.774769 2.173350 -7.829187 -1.403925 -1.829343 3.319754 -4.543826 -1.688066 -2.712774 1.533116 -5.701031 3.359867 -2.549378 5.542082 1.459064 1.408296 -5.879743 0.524023 -5.565827 4.753976 -0.695169 -3.079338 -2.638539 5.032211 2.317055 2.013799 -6.364721 -2.722994 -6.497975 -0.557435 -3.940489 4.396700 
3368774465820269160.mp3 :-90.780314 89.641220 4.339482 29.332570 8.188257 8.336782 6.944691 8.262451 -1.091270 13.129411 -5.996038 0.450213 -1.292337 2.856404 -3.049016 0.867294 -5.257016 5.337013 -1.284590 2.743050 -6.346906 0.544374 -3.961301 5.259068 -1.022247 4.165673 -1.967391 5.087661 -6.332382 -4.966814 -7.646708 0.820561 -0.367577 2.694602 -2.805990 0.127085 -2.583465 -0.613171 -5.114176 -0.439573 
3385273882640140538.mp3 :-98.658530 68.025099 18.353082 20.508650 6.808433 8.471210 -1.943683 10.164353 -0.590785 7.635892 -1.851464 0.227132 -4.504145 4.065721 -4.092425 0.705599 -5.312623 4.052540 -2.748330 -0.929604 -6.736348 -0.193571 -3.222403 1.565153 -1.639142 2.227643 -4.594219 -2.241100 -2.627548 2.524454 -3.308913 -1.776692 -3.098259 3.049855 -0.274603 5.207517 0.202433 1.957475 -3.484341 -1.070382 
3352902547778231169.mp3 :-59.105352 82.280579 17.398345 29.145410 -1.389672 6.212685 0.687921 8.063988 -13.261147 7.991444 -1.028454 -4.735017 -0.921987 -0.634845 -5.587397 -0.564943 -5.783568 -0.364223 -3.902411 3.083696 -4.922248 -0.003646 -5.446660 1.540914 -2.210954 4.040200 -3.058769 2.303016 -4.570984 1.354958 -6.456734 -1.930215 -4.947884 2.353537 -1.550427 2.404156 -0.917110 1.592994 -3.388963 0.645899 
3397693700866626544.mp3 :-139.718688 97.966802 19.208737 22.140181 5.232634 9.422987 11.270637 3.301184 -3.905848 7.762382 -1.506752 1.862809 -6.734316 0.420951 -2.005599 3.170410 2.368260 6.577728 -0.888806 0.451712 -8.512399 -5.698108 -7.005068 0.792635 -6.638494 1.396012 -7.006031 0.067672 -1.323009 3.841937 -1.093119 1.021775 -0.759341 2.919285 -0.448104 3.091638 -0.837057 3.260170 -3.712867 -3.462816 
3352329491974433254.mp3 :-252.981858 125.936478 30.658544 27.212243 18.985817 2.785277 1.700657 1.502079 -10.961983 -4.310963 -5.780099 -7.460682 -6.800503 -5.186462 -11.107337 -6.760150 -7.878676 -6.145958 -9.042387 -5.796777 -4.765651 -2.172435 -10.357161 -8.483363 -5.857890 -1.485741 -5.050850 -0.771999 -2.793575 -3.557712 -6.886370 -3.491500 -3.511769 -5.629165 -6.779929 -4.199132 -7.521290 -4.794351 -4.267986 -1.723918 
3336528063137508878.mp3 :-127.621902 92.420765 -0.731450 22.803948 -1.635131 0.577436 11.157063 -12.335201 -9.732443 10.670234 -11.703541 1.210539 -7.861615 -9.483973 -6.773337 -3.393395 -4.599192 4.980876 -2.284028 2.882921 -6.265469 -4.765398 -3.083154 3.024515 -5.096165 2.715372 -6.537799 1.332324 -0.794428 -3.134458 -7.394638 1.333996 -1.877509 2.904418 -1.998750 2.020939 -1.484063 0.462732 -4.597199 2.069096 
3361958196450110001.mp3 :-132.432366 124.134826 12.375383 15.182786 3.509098 -2.974799 -10.365035 -4.305794 -17.168318 -1.908462 -7.851987 -4.733908 -2.893278 0.292932 -6.347033 -3.744824 -11.454198 -5.622276 -10.253829 -5.049298 -2.758048 -1.366393 -7.553412 -3.146690 -5.225853 0.771006 -2.844006 1.274326 -7.522192 0.650816 -1.007253 0.217417 -4.239631 -3.419582 -8.246735 -3.035684 -3.829023 5.034110 3.305931 1.195041 
